XFLR5 v6.02 Beta

 Calculated polar for: WORTMANN FX 63-137

 1 1 Reynolds number fixed          Mach number fixed         

 xtrf =   1.000 (top)        1.000 (bottom)
 Mach =   0.000     Re =    23.500 e 6     Ncrit =   9.000

  alpha     CL        CD       CDp       CM    Top Xtr Bot Xtr   Cpmin    Chinge    XCp    
 ------- -------- --------- --------- -------- ------- ------- -------- --------- ---------
 -21.000  -1.1221   0.05546   0.05253  -0.1473  0.6631  0.0026  -24.7450   0.0000   0.0836
 -20.500  -1.1594   0.04431   0.04122  -0.1564  0.6600  0.0026  -25.1221   0.0000   0.0821
 -20.000  -1.1778   0.03602   0.03281  -0.1634  0.6575  0.0027  -25.1064   0.0000   0.0801
 -19.500  -1.1834   0.02988   0.02647  -0.1685  0.6122  0.0027  -24.8343   0.0000   0.0780
 -19.000  -1.1740   0.02556   0.02206  -0.1717  0.5955  0.0028  -24.2946   0.0000   0.0755
 -17.500  -1.0932   0.01613   0.01236  -0.1825  0.5518  0.0031  -21.9457   0.0000   0.0581
 -17.000  -1.0421   0.01459   0.01059  -0.1865  0.4711  0.0032  -20.8640   0.0000   0.0467
 -16.500  -0.9900   0.01364   0.00954  -0.1881  0.4385  0.0033  -19.7652   0.0000   0.0361
 -16.000  -0.9356   0.01283   0.00865  -0.1895  0.4239  0.0034  -18.6626   0.0000   0.0240
 -15.500  -0.8799   0.01213   0.00789  -0.1908  0.4144  0.0035  -17.5697   0.0000   0.0100
 -15.000  -0.8232   0.01150   0.00721  -0.1920  0.4023  0.0036  -16.4927   0.0000  -0.0062
 -14.500  -0.7657   0.01094   0.00661  -0.1932  0.4006  0.0036  -15.4372   0.0000  -0.0252
 -13.500  -0.6534   0.01020   0.00558  -0.1946  0.2897  0.0037  -13.4744   0.0000  -0.0708
 -13.000  -0.5947   0.00978   0.00513  -0.1956  0.2786  0.0038  -12.5752   0.0000  -0.1024
 -12.500  -0.5357   0.00940   0.00471  -0.1966  0.2773  0.0038  -11.6996   0.0000  -0.1412
 -12.000  -0.4778   0.00914   0.00434  -0.1973  0.2375  0.0039  -10.8602   0.0000  -0.1881
 -11.500  -0.4181   0.00882   0.00399  -0.1983  0.2433  0.0039  -10.0229   0.0000  -0.2510
 -11.000  -0.3589   0.00856   0.00368  -0.1992  0.2206  0.0040  -9.2283   0.0000  -0.3337
 -10.500  -0.3000   0.00836   0.00340  -0.1999  0.1926  0.0040  -8.4646   0.0000  -0.4484
 -10.000  -0.2405   0.00815   0.00313  -0.2008  0.1843  0.0041  -7.7269   0.0000  -0.6218
  -9.500  -0.1807   0.00794   0.00289  -0.2016  0.1758  0.0041  -7.0227   0.0000  -0.9119
  -9.000  -0.1207   0.00774   0.00266  -0.2025  0.1695  0.0041  -6.3587   0.0000  -1.4922
  -8.500  -0.0607   0.00757   0.00247  -0.2034  0.1685  0.0042  -5.7107   0.0000  -3.2186
  -8.000  -0.0014   0.00747   0.00232  -0.2041  0.1470  0.0042  -5.0976   0.0000  -155.6785
  -7.500   0.0583   0.00736   0.00216  -0.2048  0.1411  0.0042  -4.5122   0.0000   3.8662
  -7.000   0.1180   0.00727   0.00203  -0.2055  0.1372  0.0043  -4.0404   0.0000   2.0396
  -6.500   0.1778   0.00718   0.00193  -0.2063  0.1327  0.0043  -3.6557   0.0000   1.4398
  -6.000   0.2375   0.00711   0.00184  -0.2070  0.1274  0.0043  -3.2850   0.0000   1.1418
  -5.500   0.2971   0.00706   0.00177  -0.2077  0.1240  0.0044  -2.9258   0.0000   0.9638
  -5.000   0.3566   0.00702   0.00172  -0.2083  0.1236  0.0044  -2.5818   0.0000   0.8453
  -4.500   0.4159   0.00699   0.00168  -0.2089  0.1232  0.0045  -2.2566   0.0000   0.7608
  -4.000   0.4752   0.00698   0.00165  -0.2096  0.1226  0.0045  -1.9446   0.0000   0.6974
  -3.000   0.5916   0.00713   0.00169  -0.2103  0.0933  0.0064  -1.3698   0.0000   0.6091
  -2.500   0.6502   0.00716   0.00171  -0.2108  0.0900  0.0071  -1.1016   0.0000   0.5766
  -2.000   0.7087   0.00721   0.00175  -0.2113  0.0848  0.0076  -0.9537   0.0000   0.5495
  -1.500   0.7671   0.00726   0.00180  -0.2118  0.0841  0.0092  -1.0036   0.0000   0.5265
  -1.000   0.8254   0.00732   0.00185  -0.2122  0.0834  0.0148  -1.0559   0.0000   0.5068
  -0.500   0.8832   0.00741   0.00193  -0.2126  0.0825  0.0153  -1.1084   0.0000   0.4896
   0.000   0.9394   0.00763   0.00208  -0.2126  0.0642  0.0156  -1.1599   0.0000   0.4744
   0.500   0.9960   0.00779   0.00221  -0.2127  0.0539  0.0160  -1.2132   0.0000   0.4610
   1.000   1.0534   0.00790   0.00231  -0.2130  0.0606  0.0171  -1.2767   0.0000   0.4489
   1.500   1.1100   0.00804   0.00244  -0.2132  0.0582  0.0174  -1.3519   0.0000   0.4381
   2.000   1.1663   0.00820   0.00259  -0.2133  0.0515  0.0222  -1.4276   0.0000   0.4282
   2.500   1.2174   0.00881   0.00305  -0.2124  0.0040  0.0377  -1.5117   0.0000   0.4190
   3.000   1.2723   0.00905   0.00328  -0.2122  0.0030  0.0386  -1.6226   0.0000   0.4107
   3.500   1.3270   0.00930   0.00351  -0.2121  0.0024  0.0476  -1.7391   0.0000   0.4030
   4.000   1.3813   0.00955   0.00376  -0.2119  0.0029  0.0515  -1.8757   0.0000   0.3958
   4.500   1.4351   0.00983   0.00403  -0.2116  0.0023  0.0668  -2.0522   0.0000   0.3891
   5.000   1.4882   0.01013   0.00432  -0.2112  0.0016  0.0766  -2.2322   0.0000   0.3828
   5.500   1.5412   0.01044   0.00464  -0.2108  0.0013  0.1032  -2.4167   0.0000   0.3769
   6.000   1.5940   0.01075   0.00500  -0.2105  0.0013  0.1644  -2.6055   0.0000   0.3713
   6.500   1.6457   0.01110   0.00537  -0.2099  0.0012  0.1955  -2.7974   0.0000   0.3660
   7.000   1.6964   0.01148   0.00576  -0.2091  0.0012  0.2202  -2.9920   0.0000   0.3609
   7.500   1.7464   0.01188   0.00618  -0.2083  0.0012  0.2580  -3.1897   0.0000   0.3560
   8.000   1.7943   0.01234   0.00662  -0.2070  0.0012  0.2493  -3.3879   0.0000   0.3512
   8.500   1.8444   0.01274   0.00715  -0.2064  0.0012  0.3693  -3.5941   0.0000   0.3468
   9.000   1.8898   0.01327   0.00768  -0.2047  0.0012  0.3845  -3.8398   0.0000   0.3423
   9.500   1.9341   0.01381   0.00826  -0.2029  0.0011  0.4215  -4.1115   0.0000   0.3380
  10.000   1.9717   0.01439   0.00893  -0.1998  0.0011  0.4985  -4.6231   0.0000   0.3335
  10.500   2.0024   0.01510   0.00965  -0.1953  0.0011  0.5000  -5.1284   0.0000   0.3287
  11.000   2.0329   0.01592   0.01050  -0.1911  0.0011  0.5171  -5.6548   0.0000   0.3242
  11.500   2.0637   0.01686   0.01148  -0.1871  0.0011  0.5456  -6.2044   0.0000   0.3198
  12.000   2.0911   0.01797   0.01264  -0.1828  0.0010  0.5646  -6.7608   0.0000   0.3156
  12.500   2.1184   0.01925   0.01397  -0.1787  0.0010  0.5932  -7.3338   0.0000   0.3115
  13.000   2.1445   0.02072   0.01551  -0.1749  0.0010  0.6316  -7.9174   0.0000   0.3075
  13.500   2.1686   0.02241   0.01728  -0.1710  0.0009  0.6819  -8.5054   0.0000   0.3038
  14.000   2.1891   0.02440   0.01933  -0.1670  0.0009  0.7057  -9.0851   0.0000   0.3001
  14.500   2.2092   0.02671   0.02172  -0.1635  0.0009  0.7483  -9.6788   0.0000   0.2966
  15.000   2.2271   0.02940   0.02451  -0.1601  0.0009  0.8007  -10.2704   0.0000   0.2933
  15.500   2.2517   0.03217   0.02754  -0.1583  0.0008  1.0000  -10.9333   0.0000   0.2904
  16.000   2.2642   0.03552   0.03095  -0.1551  0.0008  1.0000  -11.5144   0.0000   0.2873
  16.500   2.2755   0.03912   0.03460  -0.1521  0.0008  1.0000  -12.0975   0.0000   0.2844
  17.000   2.2818   0.04335   0.03888  -0.1492  0.0008  1.0000  -12.6501   0.0000   0.2816
  17.500   2.2863   0.04812   0.04373  -0.1467  0.0007  1.0000  -13.1973   0.0000   0.2790
  18.000   2.2880   0.05349   0.04917  -0.1446  0.0007  1.0000  -13.7298   0.0000   0.2767
  18.500   2.2865   0.05946   0.05521  -0.1428  0.0006  1.0000  -14.2395   0.0000   0.2745
  19.000   2.2934   0.06439   0.06020  -0.1414  0.0006  1.0000  -14.8378   0.0000   0.2723


