XFLR5 v6.02 Beta

 Calculated polar for: WORTMANN FX 63-137

 1 1 Reynolds number fixed          Mach number fixed         

 xtrf =   1.000 (top)        1.000 (bottom)
 Mach =   0.000     Re =    68.250 e 6     Ncrit =   9.000

  alpha     CL        CD       CDp       CM    Top Xtr Bot Xtr   Cpmin    Chinge    XCp    
 ------- -------- --------- --------- -------- ------- ------- -------- --------- ---------
 -23.000  -1.0898   0.08408   0.08119  -0.1292  0.4024  0.0014  -25.3783   0.0000   0.0898
 -22.500  -1.2415   0.05723   0.05407  -0.1501  0.4037  0.0014  -28.1587   0.0000   0.0913
 -22.000  -1.2848   0.04590   0.04263  -0.1590  0.4033  0.0014  -28.6260   0.0000   0.0906
 -21.500  -1.3077   0.03734   0.03397  -0.1659  0.4038  0.0014  -28.6651   0.0000   0.0894
 -21.000  -1.3099   0.03187   0.02843  -0.1699  0.4025  0.0014  -28.2934   0.0000   0.0881
 -20.500  -1.3106   0.02665   0.02314  -0.1738  0.4020  0.0014  -27.8836   0.0000   0.0868
 -20.000  -1.2960   0.02311   0.01955  -0.1760  0.4015  0.0014  -27.2079   0.0000   0.0848
 -19.000  -1.2513   0.01723   0.01359  -0.1805  0.4011  0.0014  -25.6318   0.0000   0.0787
 -18.500  -1.2007   0.01497   0.01127  -0.1865  0.4010  0.0015  -24.4980   0.0000   0.0685
 -18.000  -1.1491   0.01379   0.00997  -0.1892  0.3379  0.0016  -23.3364   0.0000   0.0599
 -17.500  -1.0968   0.01297   0.00907  -0.1905  0.3026  0.0016  -22.1756   0.0000   0.0515
 -17.000  -1.0425   0.01223   0.00829  -0.1917  0.2952  0.0017  -21.0122   0.0000   0.0417
 -16.500  -0.9869   0.01157   0.00760  -0.1928  0.2882  0.0018  -19.8611   0.0000   0.0307
 -16.000  -0.9305   0.01098   0.00698  -0.1939  0.2809  0.0019  -18.7277   0.0000   0.0180
 -15.500  -0.8734   0.01043   0.00640  -0.1950  0.2787  0.0020  -17.6151   0.0000   0.0034
 -15.000  -0.8166   0.00998   0.00587  -0.1959  0.2464  0.0021  -16.5354   0.0000  -0.0130
 -14.500  -0.7589   0.00954   0.00539  -0.1968  0.2220  0.0023  -15.4759   0.0000  -0.0324
 -14.000  -0.7004   0.00912   0.00494  -0.1978  0.2214  0.0024  -14.4392   0.0000  -0.0556
 -13.500  -0.6421   0.00877   0.00454  -0.1986  0.1952  0.0025  -13.5181   0.0000  -0.0828
 -13.000  -0.5831   0.00842   0.00415  -0.1995  0.1888  0.0026  -12.6217   0.0000  -0.1161
 -12.000  -0.4647   0.00781   0.00347  -0.2013  0.1459  0.0031  -10.9044   0.0000  -0.2090
 -11.500  -0.4049   0.00751   0.00315  -0.2023  0.1494  0.0034  -10.0799   0.0000  -0.2772
 -11.000  -0.3451   0.00726   0.00286  -0.2032  0.1432  0.0037  -9.2823   0.0000  -0.3687
 -10.500  -0.2853   0.00706   0.00263  -0.2040  0.1384  0.0039  -8.5113   0.0000  -0.4987
 -10.000  -0.2255   0.00689   0.00244  -0.2048  0.1333  0.0040  -7.7698   0.0000  -0.6977
  -9.500  -0.1657   0.00673   0.00227  -0.2056  0.1283  0.0041  -7.0582   0.0000  -1.0407
  -9.000  -0.1059   0.00660   0.00211  -0.2063  0.1238  0.0041  -6.3764   0.0000  -1.7719
  -8.500  -0.0460   0.00648   0.00198  -0.2071  0.1235  0.0041  -5.7224   0.0000  -4.4073
  -8.000   0.0138   0.00638   0.00186  -0.2078  0.1233  0.0042  -5.0980   0.0000  15.7469
  -7.500   0.0736   0.00629   0.00175  -0.2085  0.1228  0.0042  -4.5033   0.0000   3.1653
  -7.000   0.1334   0.00621   0.00166  -0.2092  0.1227  0.0043  -4.0415   0.0000   1.8609
  -6.500   0.1926   0.00619   0.00159  -0.2098  0.1019  0.0043  -3.6517   0.0000   1.3669
  -6.000   0.2520   0.00616   0.00153  -0.2104  0.0990  0.0043  -3.2756   0.0000   1.1041
  -5.500   0.3114   0.00613   0.00149  -0.2110  0.0963  0.0044  -2.9146   0.0000   0.9417
  -5.000   0.3708   0.00611   0.00145  -0.2116  0.0937  0.0044  -2.5689   0.0000   0.8314
  -4.500   0.4301   0.00610   0.00143  -0.2122  0.0874  0.0044  -2.2387   0.0000   0.7516
  -4.000   0.4893   0.00610   0.00142  -0.2128  0.0843  0.0045  -1.9240   0.0000   0.6911
  -3.500   0.5483   0.00611   0.00142  -0.2133  0.0842  0.0045  -1.6254   0.0000   0.6437
  -3.000   0.6073   0.00613   0.00143  -0.2138  0.0841  0.0046  -1.3425   0.0000   0.6056
  -2.500   0.6661   0.00616   0.00145  -0.2143  0.0838  0.0046  -1.0751   0.0000   0.5741
  -2.000   0.7231   0.00634   0.00154  -0.2145  0.0482  0.0048  -0.9625   0.0000   0.5480
  -1.500   0.7812   0.00642   0.00159  -0.2148  0.0451  0.0056  -1.0130   0.0000   0.5255
  -1.000   0.8393   0.00650   0.00166  -0.2152  0.0427  0.0065  -1.0653   0.0000   0.5061
  -0.500   0.8972   0.00658   0.00173  -0.2156  0.0405  0.0072  -1.1180   0.0000   0.4892
   0.000   0.9550   0.00668   0.00181  -0.2159  0.0384  0.0077  -1.1709   0.0000   0.4742
   0.500   1.0125   0.00678   0.00190  -0.2162  0.0381  0.0096  -1.2259   0.0000   0.4610
   1.000   1.0700   0.00687   0.00200  -0.2165  0.0395  0.0169  -1.2912   0.0000   0.4491
   1.500   1.1271   0.00700   0.00211  -0.2168  0.0387  0.0171  -1.3669   0.0000   0.4383
   2.000   1.1827   0.00723   0.00229  -0.2167  0.0269  0.0205  -1.4421   0.0000   0.4285
   3.500   1.3479   0.00799   0.00295  -0.2164  0.0013  0.0389  -1.7661   0.0000   0.4036
   4.000   1.4028   0.00821   0.00316  -0.2163  0.0013  0.0415  -1.9129   0.0000   0.3965
   4.500   1.4574   0.00845   0.00338  -0.2161  0.0013  0.0472  -2.0918   0.0000   0.3899
   5.500   1.5654   0.00897   0.00388  -0.2157  0.0013  0.0727  -2.4626   0.0000   0.3778
   6.000   1.6190   0.00924   0.00417  -0.2154  0.0012  0.1055  -2.6544   0.0000   0.3723
   6.500   1.6716   0.00954   0.00446  -0.2149  0.0012  0.1174  -2.8495   0.0000   0.3670
   7.000   1.7240   0.00985   0.00478  -0.2145  0.0012  0.1455  -3.0487   0.0000   0.3620
   7.500   1.7752   0.01020   0.00511  -0.2138  0.0012  0.1464  -3.2506   0.0000   0.3571
   8.000   1.8257   0.01057   0.00546  -0.2130  0.0012  0.1461  -3.4554   0.0000   0.3525
   8.500   1.8753   0.01096   0.00584  -0.2121  0.0012  0.1577  -3.6630   0.0000   0.3480
   9.000   1.9248   0.01135   0.00626  -0.2112  0.0012  0.2133  -3.9414   0.0000   0.3437
  10.500   2.0651   0.01273   0.00771  -0.2072  0.0011  0.3344  -5.5164   0.0000   0.3313
  12.500   2.1938   0.01548   0.01051  -0.1909  0.0010  0.3696  -7.8770   0.0000   0.3139
  13.500   2.2499   0.01761   0.01274  -0.1825  0.0009  0.4656  -9.1331   0.0000   0.3059
  14.500   2.2554   0.02300   0.01835  -0.1680  0.0016  0.4811  -10.0086   0.0000   0.2970
  15.000   2.2734   0.02525   0.02066  -0.1639  0.0021  0.5074  -10.6464   0.0000   0.2935
  15.500   2.2904   0.02778   0.02326  -0.1601  0.0025  0.5406  -11.2610   0.0000   0.2901
  16.000   2.3034   0.03081   0.02635  -0.1564  0.0029  0.5645  -11.8516   0.0000   0.2868
  16.500   2.3139   0.03426   0.02988  -0.1529  0.0033  0.5952  -12.4324   0.0000   0.2838
  17.000   2.3212   0.03817   0.03387  -0.1497  0.0037  0.6282  -12.9972   0.0000   0.2808
  17.500   2.3239   0.04260   0.03837  -0.1465  0.0042  0.6449  -13.5285   0.0000   0.2780
  18.000   2.3261   0.04759   0.04345  -0.1439  0.0044  0.6685  -14.0665   0.0000   0.2755
  18.500   2.3264   0.05313   0.04909  -0.1418  0.0046  0.6945  -14.5941   0.0000   0.2732


