XFLR5 v6.02 Beta

 Calculated polar for: WORTMANN FX 63-137

 1 1 Reynolds number fixed          Mach number fixed         

 xtrf =   1.000 (top)        1.000 (bottom)
 Mach =   0.000     Re =    15.250 e 6     Ncrit =   9.000

  alpha     CL        CD       CDp       CM    Top Xtr Bot Xtr   Cpmin    Chinge    XCp    
 ------- -------- --------- --------- -------- ------- ------- -------- --------- ---------
 -20.000  -1.0798   0.04914   0.04630  -0.1500  0.7537  0.0032  -23.2235   0.0000   0.0782
 -19.500  -1.1025   0.03954   0.03651  -0.1586  0.7375  0.0032  -23.3366   0.0000   0.0752
 -19.000  -1.1103   0.03256   0.02938  -0.1648  0.7197  0.0033  -23.1398   0.0000   0.0723
 -18.500  -1.1019   0.02790   0.02454  -0.1687  0.6834  0.0033  -22.6491   0.0000   0.0690
 -18.000  -1.0893   0.02374   0.02026  -0.1720  0.6642  0.0033  -22.0843   0.0000   0.0655
 -17.500  -1.0713   0.02051   0.01695  -0.1740  0.6599  0.0034  -21.4238   0.0000   0.0622
 -17.000  -1.0311   0.01780   0.01418  -0.1787  0.6576  0.0034  -20.5050   0.0000   0.0521
 -16.500  -0.9818   0.01572   0.01187  -0.1841  0.5944  0.0035  -19.4909   0.0000   0.0385
 -16.000  -0.9314   0.01465   0.01060  -0.1863  0.5332  0.0035  -18.4484   0.0000   0.0265
 -15.500  -0.8769   0.01372   0.00961  -0.1881  0.5304  0.0036  -17.3748   0.0000   0.0124
 -14.500  -0.7671   0.01234   0.00804  -0.1905  0.4881  0.0037  -15.2925   0.0000  -0.0211
 -14.000  -0.7106   0.01174   0.00737  -0.1916  0.4675  0.0038  -14.2766   0.0000  -0.0425
 -13.500  -0.6580   0.01144   0.00676  -0.1919  0.3610  0.0038  -13.3330   0.0000  -0.0646
 -13.000  -0.6002   0.01096   0.00621  -0.1930  0.3448  0.0039  -12.3626   0.0000  -0.0947
 -12.500  -0.5416   0.01049   0.00570  -0.1941  0.3381  0.0039  -11.4153   0.0000  -0.1322
 -12.000  -0.4826   0.01006   0.00522  -0.1952  0.3368  0.0040  -10.5220   0.0000  -0.1793
 -11.500  -0.4246   0.00975   0.00482  -0.1960  0.3076  0.0041  -9.6506   0.0000  -0.2379
 -11.000  -0.3657   0.00941   0.00440  -0.1970  0.2957  0.0041  -8.8423   0.0000  -0.3170
 -10.500  -0.3078   0.00919   0.00403  -0.1977  0.2411  0.0042  -8.0763   0.0000  -0.4235
 -10.000  -0.2482   0.00889   0.00367  -0.1987  0.2235  0.0042  -7.3333   0.0000  -0.5865
  -9.500  -0.1881   0.00859   0.00334  -0.1998  0.2209  0.0043  -6.6308   0.0000  -0.8559
  -9.000  -0.1289   0.00841   0.00305  -0.2005  0.1921  0.0043  -6.0024   0.0000  -1.3656
  -8.500  -0.0691   0.00821   0.00278  -0.2014  0.1831  0.0044  -5.3500   0.0000  -2.7705
  -3.500   0.5271   0.00743   0.00176  -0.2085  0.1237  0.0046  -1.6548   0.0000   0.6505
  -3.000   0.5848   0.00755   0.00181  -0.2088  0.1028  0.0081  -1.3779   0.0000   0.6106
  -2.500   0.6433   0.00760   0.00184  -0.2093  0.0990  0.0092  -1.1162   0.0000   0.5778
  -2.000   0.7014   0.00768   0.00187  -0.2097  0.0933  0.0093  -0.9491   0.0000   0.5504
  -1.500   0.7598   0.00772   0.00191  -0.2102  0.0900  0.0148  -0.9986   0.0000   0.5271
  -1.000   0.8177   0.00780   0.00198  -0.2106  0.0846  0.0154  -1.0506   0.0000   0.5072
   0.000   0.9329   0.00800   0.00216  -0.2112  0.0831  0.0159  -1.1554   0.0000   0.4745
   0.500   0.9901   0.00811   0.00227  -0.2115  0.0824  0.0162  -1.2087   0.0000   0.4610
   1.000   1.0474   0.00821   0.00237  -0.2117  0.0833  0.0172  -1.2714   0.0000   0.4489
   1.500   1.1041   0.00834   0.00250  -0.2119  0.0826  0.0187  -1.3465   0.0000   0.4380
   2.000   1.1587   0.00865   0.00274  -0.2117  0.0654  0.0247  -1.4206   0.0000   0.4280
   2.500   1.2120   0.00905   0.00306  -0.2113  0.0375  0.0381  -1.5068   0.0000   0.4189
   3.000   1.2629   0.00963   0.00351  -0.2103  0.0043  0.0432  -1.6108   0.0000   0.4104
   3.500   1.3174   0.00989   0.00377  -0.2102  0.0036  0.0648  -1.7268   0.0000   0.4027
   4.000   1.3714   0.01016   0.00403  -0.2099  0.0042  0.0663  -1.8589   0.0000   0.3955
   4.500   1.4244   0.01048   0.00433  -0.2095  0.0034  0.0733  -2.0330   0.0000   0.3887
   5.000   1.4773   0.01080   0.00467  -0.2091  0.0026  0.1017  -2.2123   0.0000   0.3824
   5.500   1.5295   0.01114   0.00501  -0.2085  0.0019  0.1222  -2.3947   0.0000   0.3764
   6.000   1.5828   0.01144   0.00542  -0.2083  0.0013  0.2201  -2.5834   0.0000   0.3709
   6.500   1.6340   0.01181   0.00582  -0.2077  0.0013  0.2634  -2.7735   0.0000   0.3656
   7.000   1.6846   0.01221   0.00626  -0.2070  0.0012  0.3088  -2.9672   0.0000   0.3605
   7.500   1.7356   0.01259   0.00676  -0.2065  0.0012  0.4055  -3.1659   0.0000   0.3557
   8.000   1.7810   0.01313   0.00724  -0.2047  0.0012  0.3678  -3.3587   0.0000   0.3508
   8.500   1.8287   0.01361   0.00781  -0.2036  0.0012  0.4515  -3.5595   0.0000   0.3463
   9.000   1.8724   0.01418   0.00841  -0.2016  0.0012  0.4746  -3.7895   0.0000   0.3417
   9.500   1.9071   0.01481   0.00907  -0.1978  0.0012  0.4982  -4.0338   0.0000   0.3369
  10.000   1.9401   0.01552   0.00984  -0.1939  0.0011  0.5327  -4.4388   0.0000   0.3321
  10.500   1.9716   0.01637   0.01073  -0.1898  0.0011  0.5574  -4.9388   0.0000   0.3275
  11.000   2.0025   0.01734   0.01174  -0.1859  0.0011  0.5858  -5.4572   0.0000   0.3231
  11.500   2.0315   0.01846   0.01294  -0.1819  0.0011  0.6274  -5.9848   0.0000   0.3188
  12.000   2.0592   0.01977   0.01431  -0.1780  0.0011  0.6583  -6.5244   0.0000   0.3146
  12.500   2.0856   0.02127   0.01588  -0.1742  0.0010  0.6912  -7.0937   0.0000   0.3106
  13.000   2.1088   0.02301   0.01769  -0.1702  0.0010  0.7192  -7.6480   0.0000   0.3067
  13.500   2.1298   0.02511   0.01988  -0.1664  0.0009  0.7698  -8.2038   0.0000   0.3030
  14.000   2.1513   0.02747   0.02237  -0.1632  0.0009  0.8371  -8.7804   0.0000   0.2996
  15.000   2.1880   0.03314   0.02833  -0.1571  0.0009  1.0000  -9.9329   0.0000   0.2932
  15.500   2.2003   0.03660   0.03185  -0.1540  0.0008  1.0000  -10.4852   0.0000   0.2901
  16.000   2.2112   0.04029   0.03559  -0.1510  0.0008  1.0000  -11.0397   0.0000   0.2872
  16.500   2.2204   0.04433   0.03969  -0.1484  0.0008  1.0000  -11.5923   0.0000   0.2844
  17.000   2.2269   0.04896   0.04439  -0.1460  0.0008  1.0000  -12.1330   0.0000   0.2818
  17.500   2.2295   0.05429   0.04980  -0.1440  0.0008  1.0000  -12.6478   0.0000   0.2794
  18.000   2.2292   0.06018   0.05579  -0.1423  0.0007  1.0000  -13.1462   0.0000   0.2773
  18.500   2.2276   0.06639   0.06208  -0.1411  0.0007  1.0000  -13.6388   0.0000   0.2753
  19.000   2.2310   0.07193   0.06769  -0.1401  0.0007  1.0000  -14.1866   0.0000   0.2733
  19.500   2.2228   0.07911   0.07498  -0.1396  0.0007  1.0000  -14.6266   0.0000   0.2718
  20.000   2.2093   0.08699   0.08297  -0.1395  0.0006  1.0000  -15.0149   0.0000   0.2707


