XFLR5 v6.02 Beta

 Calculated polar for: WORTMANN FX 63-137

 1 1 Reynolds number fixed          Mach number fixed         

 xtrf =   1.000 (top)        1.000 (bottom)
 Mach =   0.000     Re =    54.250 e 6     Ncrit =   9.000

  alpha     CL        CD       CDp       CM    Top Xtr Bot Xtr   Cpmin    Chinge    XCp    
 ------- -------- --------- --------- -------- ------- ------- -------- --------- ---------
 -22.500  -1.1432   0.07032   0.06729  -0.1391  0.4422  0.0015  -26.1847   0.0000   0.0890
 -22.000  -1.2135   0.05493   0.05178  -0.1510  0.4659  0.0015  -27.2500   0.0000   0.0889
 -21.500  -1.2532   0.04400   0.04072  -0.1597  0.4658  0.0015  -27.6440   0.0000   0.0880
 -21.000  -1.2724   0.03606   0.03264  -0.1660  0.4341  0.0015  -27.6128   0.0000   0.0868
 -20.500  -1.2805   0.02990   0.02639  -0.1707  0.4306  0.0015  -27.3501   0.0000   0.0856
 -20.000  -1.2712   0.02578   0.02221  -0.1735  0.4265  0.0016  -26.7752   0.0000   0.0838
 -19.500  -1.2588   0.02195   0.01832  -0.1761  0.4219  0.0016  -26.1472   0.0000   0.0818
 -19.000  -1.2422   0.01912   0.01544  -0.1771  0.4170  0.0016  -25.4364   0.0000   0.0803
 -18.500  -1.2014   0.01653   0.01280  -0.1818  0.4103  0.0017  -24.4339   0.0000   0.0724
 -18.000  -1.1483   0.01458   0.01072  -0.1875  0.3625  0.0018  -23.2891   0.0000   0.0612
 -16.500  -0.9879   0.01205   0.00803  -0.1918  0.3093  0.0021  -19.8495   0.0000   0.0320
 -16.000  -0.9321   0.01140   0.00733  -0.1929  0.3019  0.0022  -18.7253   0.0000   0.0195
 -15.500  -0.8754   0.01081   0.00670  -0.1940  0.2973  0.0023  -17.6191   0.0000   0.0051
 -15.000  -0.8181   0.01027   0.00613  -0.1951  0.2855  0.0024  -16.5353   0.0000  -0.0116
 -14.500  -0.7613   0.00984   0.00559  -0.1959  0.2359  0.0026  -15.4872   0.0000  -0.0304
 -14.000  -0.7029   0.00938   0.00511  -0.1970  0.2266  0.0027  -14.4526   0.0000  -0.0533
 -13.500  -0.6441   0.00898   0.00468  -0.1979  0.2211  0.0029  -13.5282   0.0000  -0.0807
 -12.500  -0.5265   0.00831   0.00389  -0.1997  0.1702  0.0033  -11.7628   0.0000  -0.1539
 -12.000  -0.4670   0.00799   0.00355  -0.2007  0.1692  0.0035  -10.9118   0.0000  -0.2055
 -11.500  -0.4072   0.00769   0.00323  -0.2017  0.1693  0.0038  -10.0812   0.0000  -0.2726
 -11.000  -0.3474   0.00746   0.00298  -0.2025  0.1690  0.0039  -9.2824   0.0000  -0.3627
 -10.500  -0.2881   0.00729   0.00275  -0.2033  0.1464  0.0040  -8.5161   0.0000  -0.4889
 -10.000  -0.2285   0.00712   0.00255  -0.2040  0.1409  0.0040  -7.7767   0.0000  -0.6822
  -9.500  -0.1687   0.00697   0.00237  -0.2048  0.1354  0.0041  -7.0663   0.0000  -1.0130
  -9.000  -0.1089   0.00683   0.00221  -0.2056  0.1255  0.0041  -6.3853   0.0000  -1.7081
  -8.500  -0.0491   0.00670   0.00207  -0.2063  0.1239  0.0041  -5.7315   0.0000  -4.1016
  -8.000   0.0108   0.00659   0.00194  -0.2071  0.1236  0.0042  -5.1072   0.0000  20.0585
  -7.500   0.0706   0.00650   0.00183  -0.2078  0.1233  0.0042  -4.5126   0.0000   3.2802
  -6.500   0.1901   0.00635   0.00165  -0.2092  0.1227  0.0043  -3.6541   0.0000   1.3781
  -6.000   0.2492   0.00634   0.00160  -0.2097  0.1032  0.0043  -3.2797   0.0000   1.1111
  -5.500   0.3085   0.00632   0.00155  -0.2103  0.1002  0.0044  -2.9192   0.0000   0.9460
  -5.000   0.3678   0.00630   0.00151  -0.2109  0.0974  0.0044  -2.5739   0.0000   0.8342
  -4.500   0.4271   0.00630   0.00148  -0.2115  0.0940  0.0045  -2.2438   0.0000   0.7535
  -4.000   0.4862   0.00630   0.00147  -0.2121  0.0851  0.0045  -1.9297   0.0000   0.6925
  -3.500   0.5452   0.00631   0.00147  -0.2126  0.0843  0.0046  -1.6311   0.0000   0.6447
  -3.000   0.6041   0.00633   0.00148  -0.2131  0.0842  0.0047  -1.3483   0.0000   0.6062
  -2.500   0.6629   0.00636   0.00150  -0.2136  0.0839  0.0046  -1.0807   0.0000   0.5746
  -2.000   0.7214   0.00641   0.00154  -0.2141  0.0827  0.0052  -0.9617   0.0000   0.5481
  -1.500   0.7782   0.00660   0.00164  -0.2142  0.0495  0.0062  -1.0110   0.0000   0.5257
  -1.000   0.8362   0.00669   0.00171  -0.2145  0.0467  0.0072  -1.0632   0.0000   0.5062
  -0.500   0.8940   0.00679   0.00179  -0.2149  0.0441  0.0080  -1.1157   0.0000   0.4892
   0.000   0.9516   0.00689   0.00187  -0.2152  0.0418  0.0086  -1.1685   0.0000   0.4743
   0.500   1.0092   0.00698   0.00197  -0.2155  0.0395  0.0154  -1.2233   0.0000   0.4610
   1.000   1.0665   0.00709   0.00207  -0.2158  0.0424  0.0170  -1.2881   0.0000   0.4490
   1.500   1.1235   0.00722   0.00218  -0.2160  0.0414  0.0171  -1.3637   0.0000   0.4383
   2.000   1.1802   0.00736   0.00231  -0.2162  0.0387  0.0217  -1.4400   0.0000   0.4285
   2.500   1.2330   0.00783   0.00268  -0.2156  0.0018  0.0372  -1.5280   0.0000   0.4194
   3.500   1.3438   0.00825   0.00306  -0.2155  0.0013  0.0402  -1.7608   0.0000   0.4035
   4.000   1.3986   0.00848   0.00328  -0.2154  0.0014  0.0434  -1.9056   0.0000   0.3964
   4.500   1.4530   0.00873   0.00351  -0.2152  0.0013  0.0495  -2.0840   0.0000   0.3897
   5.000   1.5072   0.00898   0.00376  -0.2150  0.0013  0.0667  -2.2668   0.0000   0.3835
   5.500   1.5606   0.00926   0.00403  -0.2147  0.0013  0.0763  -2.4535   0.0000   0.3776
   6.000   1.6139   0.00954   0.00432  -0.2144  0.0012  0.1131  -2.6446   0.0000   0.3721
   7.000   1.7184   0.01018   0.00496  -0.2134  0.0012  0.1465  -3.0373   0.0000   0.3617
   7.500   1.7693   0.01054   0.00531  -0.2127  0.0012  0.1566  -3.2382   0.0000   0.3569
   8.000   1.8193   0.01093   0.00568  -0.2118  0.0012  0.1533  -3.4419   0.0000   0.3522
  10.500   2.0561   0.01317   0.00806  -0.2055  0.0011  0.3707  -5.4594   0.0000   0.3310
  11.000   2.0910   0.01377   0.00867  -0.2018  0.0011  0.3801  -6.0303   0.0000   0.3265
  11.500   2.1199   0.01445   0.00935  -0.1970  0.0011  0.3899  -6.5854   0.0000   0.3220
  12.000   2.1492   0.01525   0.01017  -0.1925  0.0010  0.3918  -7.1656   0.0000   0.3176
  13.000   2.2066   0.01723   0.01225  -0.1841  0.0010  0.4726  -8.3807   0.0000   0.3093
  13.500   2.2329   0.01849   0.01355  -0.1799  0.0009  0.4981  -9.0017   0.0000   0.3054
  14.000   2.2565   0.01996   0.01504  -0.1755  0.0009  0.4998  -9.6232   0.0000   0.3015
  14.500   2.2788   0.02163   0.01677  -0.1714  0.0008  0.5462  -10.2513   0.0000   0.2977
  15.500   2.2681   0.02965   0.02510  -0.1581  0.0016  0.5950  -11.0323   0.0000   0.2899
  16.000   2.2816   0.03281   0.02833  -0.1547  0.0020  0.6289  -11.6607   0.0000   0.2867
  16.500   2.2924   0.03638   0.03197  -0.1515  0.0024  0.6571  -12.2462   0.0000   0.2838
  17.000   2.2983   0.04046   0.03615  -0.1484  0.0027  0.6887  -12.7960   0.0000   0.2809
  17.500   2.2997   0.04537   0.04114  -0.1455  0.0033  0.7101  -13.3114   0.0000   0.2782
  18.000   2.3090   0.04981   0.04568  -0.1435  0.0037  0.7493  -13.9091   0.0000   0.2757
  18.500   2.3083   0.05575   0.05174  -0.1418  0.0040  0.8008  -14.4246   0.0000   0.2736
  19.000   2.3051   0.06228   0.05838  -0.1406  0.0042  0.8461  -14.9220   0.0000   0.2717
  19.500   2.3057   0.06968   0.06603  -0.1413  0.0043  1.0000  -15.4640   0.0000   0.2704


