XFLR5 v6.02 Beta

 Calculated polar for: WORTMANN FX 63-137

 1 1 Reynolds number fixed          Mach number fixed         

 xtrf =   1.000 (top)        1.000 (bottom)
 Mach =   0.000     Re =    62.000 e 6     Ncrit =   9.000

  alpha     CL        CD       CDp       CM    Top Xtr Bot Xtr   Cpmin    Chinge    XCp    
 ------- -------- --------- --------- -------- ------- ------- -------- --------- ---------
 -22.500  -1.2180   0.06033   0.05720  -0.1473  0.4262  0.0014  -27.6869   0.0000   0.0909
 -22.000  -1.2699   0.04762   0.04435  -0.1574  0.4229  0.0014  -28.3410   0.0000   0.0902
 -21.500  -1.2840   0.04022   0.03686  -0.1632  0.4192  0.0014  -28.2239   0.0000   0.0888
 -21.000  -1.2987   0.03308   0.02964  -0.1688  0.4152  0.0014  -28.0899   0.0000   0.0877
 -20.500  -1.2949   0.02839   0.02488  -0.1720  0.4117  0.0014  -27.6062   0.0000   0.0863
 -20.000  -1.2880   0.02397   0.02040  -0.1752  0.4076  0.0014  -27.0672   0.0000   0.0845
 -19.500  -1.2701   0.02084   0.01723  -0.1769  0.4030  0.0015  -26.3375   0.0000   0.0825
 -19.000  -1.2481   0.01803   0.01437  -0.1789  0.4019  0.0015  -25.5576   0.0000   0.0796
 -18.500  -1.2019   0.01564   0.01193  -0.1842  0.4012  0.0016  -24.4807   0.0000   0.0705
 -18.000  -1.1490   0.01412   0.01027  -0.1885  0.3385  0.0017  -23.3198   0.0000   0.0605
 -17.000  -1.0427   0.01246   0.00850  -0.1912  0.3038  0.0018  -21.0037   0.0000   0.0422
 -16.500  -0.9875   0.01178   0.00778  -0.1924  0.2966  0.0019  -19.8579   0.0000   0.0313
 -16.000  -0.9313   0.01116   0.00713  -0.1935  0.2897  0.0020  -18.7277   0.0000   0.0187
 -15.500  -0.8743   0.01059   0.00653  -0.1946  0.2853  0.0021  -17.6173   0.0000   0.0042
 -14.500  -0.7599   0.00967   0.00548  -0.1964  0.2263  0.0024  -15.4808   0.0000  -0.0315
 -14.000  -0.7014   0.00923   0.00502  -0.1974  0.2218  0.0025  -14.4448   0.0000  -0.0546
 -13.000  -0.5840   0.00850   0.00420  -0.1993  0.1938  0.0028  -12.6266   0.0000  -0.1151
 -12.500  -0.5250   0.00818   0.00384  -0.2001  0.1694  0.0030  -11.7559   0.0000  -0.1559
 -11.000  -0.3461   0.00734   0.00291  -0.2029  0.1469  0.0038  -9.2831   0.0000  -0.3661
 -10.500  -0.2865   0.00715   0.00268  -0.2037  0.1416  0.0040  -8.5135   0.0000  -0.4946
 -10.000  -0.2268   0.00698   0.00248  -0.2045  0.1364  0.0040  -7.7730   0.0000  -0.6911
  -9.500  -0.1670   0.00683   0.00231  -0.2053  0.1312  0.0041  -7.0618   0.0000  -1.0291
  -9.000  -0.1071   0.00669   0.00215  -0.2060  0.1240  0.0041  -6.3803   0.0000  -1.7452
  -8.500  -0.0473   0.00657   0.00201  -0.2068  0.1237  0.0041  -5.7263   0.0000  -4.2765
  -8.000   0.0126   0.00646   0.00189  -0.2075  0.1234  0.0042  -5.1019   0.0000  17.2717
  -7.500   0.0724   0.00637   0.00178  -0.2082  0.1231  0.0042  -4.5073   0.0000   3.2115
  -7.000   0.1322   0.00629   0.00169  -0.2089  0.1228  0.0043  -4.0435   0.0000   1.8740
  -6.500   0.1914   0.00627   0.00163  -0.2095  0.1070  0.0043  -3.6534   0.0000   1.3722
  -6.000   0.2508   0.00623   0.00156  -0.2101  0.1007  0.0043  -3.2774   0.0000   1.1070
  -5.500   0.3102   0.00621   0.00151  -0.2107  0.0978  0.0044  -2.9166   0.0000   0.9435
  -5.000   0.3696   0.00619   0.00148  -0.2113  0.0953  0.0044  -2.5711   0.0000   0.8326
  -4.500   0.4288   0.00618   0.00145  -0.2119  0.0904  0.0045  -2.2408   0.0000   0.7524
  -4.000   0.4880   0.00619   0.00144  -0.2125  0.0843  0.0045  -1.9264   0.0000   0.6917
  -3.500   0.5470   0.00620   0.00144  -0.2130  0.0842  0.0045  -1.6278   0.0000   0.6441
  -3.000   0.6060   0.00621   0.00145  -0.2135  0.0841  0.0046  -1.3449   0.0000   0.6058
  -2.500   0.6648   0.00625   0.00147  -0.2140  0.0839  0.0046  -1.0774   0.0000   0.5743
  -2.000   0.7219   0.00641   0.00155  -0.2142  0.0511  0.0050  -0.9618   0.0000   0.5481
  -1.500   0.7800   0.00650   0.00161  -0.2146  0.0469  0.0058  -1.0121   0.0000   0.5256
  -1.000   0.8380   0.00658   0.00168  -0.2149  0.0443  0.0068  -1.0644   0.0000   0.5061
  -0.500   0.8959   0.00667   0.00175  -0.2153  0.0420  0.0075  -1.1170   0.0000   0.4892
   0.000   0.9536   0.00676   0.00184  -0.2156  0.0397  0.0081  -1.1699   0.0000   0.4743
   0.500   1.0111   0.00687   0.00193  -0.2159  0.0382  0.0102  -1.2248   0.0000   0.4610
   1.000   1.0686   0.00697   0.00203  -0.2162  0.0407  0.0170  -1.2899   0.0000   0.4491
   1.500   1.1256   0.00709   0.00214  -0.2165  0.0398  0.0171  -1.3656   0.0000   0.4383
   3.000   1.2909   0.00789   0.00280  -0.2161  0.0013  0.0379  -1.6459   0.0000   0.4112
   3.500   1.3462   0.00810   0.00300  -0.2160  0.0013  0.0394  -1.7639   0.0000   0.4036
   4.000   1.4011   0.00832   0.00321  -0.2159  0.0013  0.0423  -1.9099   0.0000   0.3965
   4.500   1.4556   0.00857   0.00343  -0.2157  0.0013  0.0481  -2.0886   0.0000   0.3898
   5.500   1.5635   0.00909   0.00394  -0.2153  0.0013  0.0742  -2.4589   0.0000   0.3777
   6.000   1.6169   0.00937   0.00423  -0.2150  0.0012  0.1087  -2.6504   0.0000   0.3722
   6.500   1.6695   0.00967   0.00453  -0.2145  0.0012  0.1207  -2.8452   0.0000   0.3669
   7.000   1.7217   0.00999   0.00485  -0.2140  0.0012  0.1458  -3.0440   0.0000   0.3619
   7.500   1.7728   0.01034   0.00519  -0.2133  0.0012  0.1479  -3.2455   0.0000   0.3570
   8.000   1.8231   0.01072   0.00555  -0.2125  0.0012  0.1466  -3.4498   0.0000   0.3524
   8.500   1.8727   0.01111   0.00594  -0.2116  0.0012  0.1662  -3.6571   0.0000   0.3479
   9.000   1.9220   0.01151   0.00637  -0.2107  0.0012  0.2216  -3.9333   0.0000   0.3435
   9.500   1.9697   0.01195   0.00682  -0.2095  0.0012  0.2495  -4.3085   0.0000   0.3393
  10.000   2.0167   0.01240   0.00733  -0.2082  0.0011  0.3158  -4.8918   0.0000   0.3352
  11.000   2.1033   0.01348   0.00843  -0.2043  0.0011  0.3693  -6.1079   0.0000   0.3271
  11.500   2.1289   0.01412   0.00909  -0.1987  0.0011  0.3703  -6.6455   0.0000   0.3223
  12.000   2.1579   0.01489   0.00986  -0.1940  0.0010  0.3705  -7.2260   0.0000   0.3179
  12.500   2.1875   0.01576   0.01075  -0.1898  0.0010  0.3775  -7.8317   0.0000   0.3137
  13.000   2.2164   0.01676   0.01181  -0.1857  0.0010  0.4392  -8.4534   0.0000   0.3096
  13.500   2.2432   0.01795   0.01305  -0.1815  0.0009  0.4743  -9.0818   0.0000   0.3057
  15.000   2.2660   0.02585   0.02126  -0.1631  0.0017  0.5317  -10.5508   0.0000   0.2934
  15.500   2.2836   0.02837   0.02383  -0.1595  0.0022  0.5643  -11.2023   0.0000   0.2900
  16.000   2.2973   0.03139   0.02692  -0.1559  0.0026  0.5929  -11.7992   0.0000   0.2868
  16.500   2.3080   0.03488   0.03049  -0.1526  0.0029  0.6282  -12.3816   0.0000   0.2838
  17.000   2.3139   0.03884   0.03452  -0.1492  0.0033  0.6486  -12.9328   0.0000   0.2808
  17.500   2.3167   0.04342   0.03919  -0.1461  0.0039  0.6742  -13.4641   0.0000   0.2781
  18.000   2.3182   0.04855   0.04441  -0.1436  0.0042  0.6968  -13.9940   0.0000   0.2756
  18.500   2.3180   0.05425   0.05021  -0.1417  0.0044  0.7345  -14.5155   0.0000   0.2733
  19.000   2.3150   0.06061   0.05669  -0.1403  0.0045  0.7753  -15.0169   0.0000   0.2713


