XFLR5 v6.02 Beta

 Calculated polar for: WORTMANN FX 63-137

 1 1 Reynolds number fixed          Mach number fixed         

 xtrf =   1.000 (top)        1.000 (bottom)
 Mach =   0.000     Re =    27.250 e 6     Ncrit =   9.000

  alpha     CL        CD       CDp       CM    Top Xtr Bot Xtr   Cpmin    Chinge    XCp    
 ------- -------- --------- --------- -------- ------- ------- -------- --------- ---------
 -21.500  -1.0727   0.06825   0.06534  -0.1381  0.5990  0.0024  -24.1110   0.0000   0.0838
 -21.000  -1.1404   0.05273   0.04965  -0.1502  0.6134  0.0024  -25.1241   0.0000   0.0834
 -20.500  -1.1812   0.04128   0.03805  -0.1597  0.6070  0.0024  -25.5458   0.0000   0.0822
 -19.500  -1.1935   0.02885   0.02536  -0.1695  0.5598  0.0025  -25.0179   0.0000   0.0786
 -19.000  -1.1857   0.02444   0.02085  -0.1727  0.5481  0.0025  -24.4967   0.0000   0.0763
 -18.500  -1.1729   0.02093   0.01728  -0.1744  0.5399  0.0026  -23.8780   0.0000   0.0746
 -18.000  -1.1427   0.01794   0.01422  -0.1784  0.5321  0.0027  -23.0454   0.0000   0.0682
 -17.500  -1.0938   0.01548   0.01163  -0.1845  0.4979  0.0028  -21.9977   0.0000   0.0564
 -17.000  -1.0438   0.01425   0.01019  -0.1872  0.4217  0.0030  -20.9146   0.0000   0.0463
 -16.500  -0.9903   0.01328   0.00916  -0.1889  0.4060  0.0031  -19.7996   0.0000   0.0354
 -16.000  -0.9351   0.01245   0.00829  -0.1904  0.4013  0.0033  -18.6873   0.0000   0.0229
 -14.500  -0.7656   0.01065   0.00631  -0.1938  0.3620  0.0036  -15.4645   0.0000  -0.0260
 -14.000  -0.7097   0.01031   0.00580  -0.1944  0.2939  0.0037  -14.4542   0.0000  -0.0468
 -13.500  -0.6514   0.00988   0.00532  -0.1954  0.2779  0.0037  -13.4994   0.0000  -0.0731
 -12.500  -0.5342   0.00917   0.00450  -0.1972  0.2486  0.0038  -11.7305   0.0000  -0.1434
 -12.000  -0.4756   0.00888   0.00415  -0.1980  0.2208  0.0039  -10.8858   0.0000  -0.1917
 -11.500  -0.4160   0.00858   0.00381  -0.1990  0.2218  0.0039  -10.0553   0.0000  -0.2551
 -11.000  -0.3573   0.00837   0.00352  -0.1997  0.1904  0.0040  -9.2664   0.0000  -0.3379
 -10.500  -0.2978   0.00814   0.00325  -0.2006  0.1827  0.0040  -8.5000   0.0000  -0.4558
 -10.000  -0.2380   0.00792   0.00300  -0.2015  0.1747  0.0040  -7.7616   0.0000  -0.6339
  -9.500  -0.1781   0.00772   0.00277  -0.2023  0.1700  0.0041  -7.0544   0.0000  -0.9325
  -9.000  -0.1182   0.00754   0.00256  -0.2032  0.1686  0.0041  -6.3810   0.0000  -1.5346
  -8.500  -0.0588   0.00743   0.00239  -0.2039  0.1457  0.0041  -5.7343   0.0000  -3.3362
  -8.000   0.0008   0.00731   0.00223  -0.2046  0.1402  0.0042  -5.1150   0.0000  251.7916
  -7.500   0.0606   0.00720   0.00210  -0.2054  0.1350  0.0042  -4.5247   0.0000   3.7414
  -7.000   0.1204   0.00711   0.00197  -0.2061  0.1314  0.0043  -4.0487   0.0000   2.0095
  -6.500   0.1801   0.00702   0.00187  -0.2068  0.1268  0.0043  -3.6603   0.0000   1.4274
  -6.000   0.2398   0.00696   0.00179  -0.2075  0.1240  0.0043  -3.2867   0.0000   1.1354
  -5.500   0.2994   0.00690   0.00172  -0.2082  0.1236  0.0044  -2.9274   0.0000   0.9600
  -5.000   0.3589   0.00686   0.00167  -0.2089  0.1232  0.0044  -2.5816   0.0000   0.8429
  -4.500   0.4183   0.00684   0.00164  -0.2095  0.1227  0.0045  -2.2545   0.0000   0.7592
  -4.000   0.4775   0.00683   0.00162  -0.2101  0.1220  0.0045  -1.9417   0.0000   0.6963
  -3.500   0.5351   0.00696   0.00165  -0.2103  0.0937  0.0046  -1.6482   0.0000   0.6479
  -3.000   0.5939   0.00698   0.00166  -0.2109  0.0905  0.0059  -1.3662   0.0000   0.6085
  -2.500   0.6526   0.00701   0.00168  -0.2114  0.0872  0.0064  -1.0983   0.0000   0.5762
  -2.000   0.7111   0.00706   0.00171  -0.2118  0.0843  0.0070  -0.9552   0.0000   0.5493
  -1.500   0.7695   0.00711   0.00175  -0.2123  0.0838  0.0085  -1.0053   0.0000   0.5264
  -1.000   0.8276   0.00718   0.00182  -0.2127  0.0828  0.0099  -1.0575   0.0000   0.5066
  -0.500   0.8847   0.00734   0.00193  -0.2129  0.0670  0.0152  -1.1093   0.0000   0.4895
   0.000   0.9414   0.00751   0.00205  -0.2130  0.0558  0.0155  -1.1613   0.0000   0.4744
   0.500   0.9986   0.00764   0.00216  -0.2133  0.0509  0.0159  -1.2152   0.0000   0.4610
   1.000   1.0558   0.00775   0.00227  -0.2135  0.0519  0.0171  -1.2789   0.0000   0.4490
   1.500   1.1126   0.00788   0.00239  -0.2137  0.0516  0.0173  -1.3542   0.0000   0.4381
   2.000   1.1689   0.00804   0.00254  -0.2139  0.0499  0.0215  -1.4300   0.0000   0.4282
   2.500   1.2203   0.00863   0.00299  -0.2130  0.0035  0.0376  -1.5148   0.0000   0.4191
   3.000   1.2754   0.00886   0.00320  -0.2129  0.0026  0.0383  -1.6264   0.0000   0.4108
   3.500   1.3302   0.00910   0.00342  -0.2127  0.0021  0.0461  -1.7433   0.0000   0.4031
   4.000   1.3845   0.00935   0.00367  -0.2125  0.0025  0.0498  -1.8815   0.0000   0.3959
   4.500   1.4386   0.00962   0.00393  -0.2123  0.0020  0.0664  -2.0583   0.0000   0.3892
   5.000   1.4919   0.00991   0.00421  -0.2119  0.0014  0.0732  -2.2388   0.0000   0.3829
   5.500   1.5450   0.01021   0.00452  -0.2116  0.0013  0.1025  -2.4238   0.0000   0.3770
   6.000   1.5978   0.01052   0.00487  -0.2112  0.0012  0.1519  -2.6130   0.0000   0.3714
   6.500   1.6499   0.01086   0.00523  -0.2107  0.0012  0.1941  -2.8058   0.0000   0.3661
   7.000   1.7004   0.01124   0.00560  -0.2099  0.0012  0.2016  -3.0004   0.0000   0.3610
   7.500   1.7505   0.01164   0.00601  -0.2091  0.0012  0.2275  -3.1985   0.0000   0.3561
   8.000   1.7988   0.01208   0.00644  -0.2079  0.0012  0.2192  -3.3977   0.0000   0.3514
   8.500   1.8487   0.01248   0.00694  -0.2072  0.0012  0.3294  -3.6039   0.0000   0.3470
   9.000   1.8957   0.01296   0.00746  -0.2058  0.0012  0.3686  -3.8569   0.0000   0.3426
   9.500   1.9397   0.01351   0.00800  -0.2039  0.0011  0.3780  -4.1366   0.0000   0.3382
  10.000   1.9841   0.01405   0.00865  -0.2023  0.0011  0.4774  -4.6947   0.0000   0.3340
  11.000   2.0432   0.01548   0.01013  -0.1929  0.0011  0.4988  -5.7213   0.0000   0.3246
  11.500   2.0744   0.01637   0.01105  -0.1889  0.0011  0.5257  -6.2781   0.0000   0.3202
  12.000   2.1027   0.01741   0.01212  -0.1846  0.0010  0.5454  -6.8414   0.0000   0.3159
  12.500   2.1301   0.01861   0.01337  -0.1805  0.0010  0.5634  -7.4181   0.0000   0.3118
  13.000   2.1558   0.02002   0.01484  -0.1764  0.0010  0.5947  -8.0018   0.0000   0.3078
  13.500   2.1799   0.02165   0.01654  -0.1725  0.0009  0.6362  -8.5932   0.0000   0.3040
  14.000   2.2015   0.02353   0.01851  -0.1685  0.0009  0.6851  -9.1839   0.0000   0.3003
  14.500   2.2214   0.02571   0.02074  -0.1647  0.0009  0.7090  -9.7795   0.0000   0.2967
  15.000   2.2406   0.02819   0.02330  -0.1613  0.0009  0.7493  -10.3854   0.0000   0.2934
  15.500   2.2583   0.03101   0.02622  -0.1581  0.0008  0.8028  -10.9954   0.0000   0.2902
  16.000   2.2799   0.03417   0.02964  -0.1564  0.0008  1.0000  -11.6542   0.0000   0.2875
  16.500   2.2906   0.03780   0.03332  -0.1533  0.0008  1.0000  -12.2367   0.0000   0.2845
  17.000   2.2972   0.04187   0.03745  -0.1503  0.0008  1.0000  -12.7964   0.0000   0.2816
  17.500   2.3013   0.04660   0.04225  -0.1476  0.0007  1.0000  -13.3452   0.0000   0.2790
  18.000   2.3047   0.05167   0.04738  -0.1454  0.0006  1.0000  -13.8971   0.0000   0.2766
  19.000   2.2297   0.07274   0.06886  -0.1405  0.0015  1.0000  -14.1381   0.0000   0.2736
  19.500   2.2140   0.08087   0.07709  -0.1400  0.0016  1.0000  -14.5132   0.0000   0.2723


