XFLR5 v6.02 Beta

 Calculated polar for: WORTMANN FX 63-137

 1 1 Reynolds number fixed          Mach number fixed         

 xtrf =   1.000 (top)        1.000 (bottom)
 Mach =   0.000     Re =    34.000 e 6     Ncrit =   9.000

  alpha     CL        CD       CDp       CM    Top Xtr Bot Xtr   Cpmin    Chinge    XCp    
 ------- -------- --------- --------- -------- ------- ------- -------- --------- ---------
 -21.500  -1.1477   0.05771   0.05461  -0.1472  0.5520  0.0020  -25.6088   0.0000   0.0855
 -21.000  -1.1904   0.04608   0.04284  -0.1565  0.5482  0.0020  -26.0823   0.0000   0.0845
 -20.500  -1.2118   0.03749   0.03413  -0.1635  0.5324  0.0021  -26.1163   0.0000   0.0829
 -20.000  -1.2143   0.03182   0.02837  -0.1678  0.5308  0.0021  -25.7788   0.0000   0.0812
 -19.000  -1.1998   0.02296   0.01933  -0.1741  0.4983  0.0022  -24.7428   0.0000   0.0771
 -18.500  -1.1864   0.01968   0.01598  -0.1757  0.4919  0.0023  -24.1056   0.0000   0.0754
 -18.000  -1.1470   0.01694   0.01316  -0.1806  0.4814  0.0024  -23.1523   0.0000   0.0670
 -17.500  -1.0953   0.01487   0.01091  -0.1864  0.4147  0.0025  -22.0583   0.0000   0.0549
 -16.500  -0.9899   0.01290   0.00879  -0.1898  0.3674  0.0027  -19.8243   0.0000   0.0344
 -16.000  -0.9348   0.01212   0.00795  -0.1911  0.3581  0.0029  -18.7140   0.0000   0.0221
 -15.500  -0.8785   0.01142   0.00721  -0.1924  0.3516  0.0030  -17.6154   0.0000   0.0078
 -15.000  -0.8213   0.01080   0.00656  -0.1936  0.3417  0.0032  -16.5347   0.0000  -0.0087
 -14.500  -0.7644   0.01031   0.00599  -0.1946  0.3136  0.0034  -15.4849   0.0000  -0.0275
 -14.000  -0.7070   0.00988   0.00547  -0.1955  0.2776  0.0035  -14.4586   0.0000  -0.0495
 -13.500  -0.6493   0.00952   0.00502  -0.1963  0.2463  0.0036  -13.5267   0.0000  -0.0756
 -13.000  -0.5906   0.00915   0.00461  -0.1972  0.2372  0.0037  -12.6268   0.0000  -0.1076
 -12.500  -0.5315   0.00882   0.00424  -0.1982  0.2283  0.0038  -11.7505   0.0000  -0.1472
 -12.000  -0.4732   0.00858   0.00390  -0.1989  0.1821  0.0038  -10.9084   0.0000  -0.1957
 -11.500  -0.4136   0.00830   0.00359  -0.1998  0.1860  0.0039  -10.0797   0.0000  -0.2600
 -11.000  -0.3541   0.00806   0.00332  -0.2007  0.1764  0.0039  -9.2842   0.0000  -0.3460
 -10.500  -0.2943   0.00783   0.00306  -0.2015  0.1703  0.0040  -8.5160   0.0000  -0.4674
 -10.000  -0.2345   0.00762   0.00283  -0.2024  0.1696  0.0040  -7.7765   0.0000  -0.6511
  -9.500  -0.1746   0.00743   0.00262  -0.2032  0.1688  0.0041  -7.0671   0.0000  -0.9614
  -9.000  -0.1154   0.00732   0.00244  -0.2039  0.1423  0.0041  -6.3938   0.0000  -1.5833
  -8.500  -0.0557   0.00719   0.00227  -0.2047  0.1367  0.0041  -5.7424   0.0000  -3.5527
  -8.000   0.0041   0.00707   0.00213  -0.2054  0.1317  0.0042  -5.1197   0.0000  51.7017
  -7.500   0.0640   0.00696   0.00200  -0.2062  0.1266  0.0042  -4.5264   0.0000   3.5703
  -7.000   0.1238   0.00687   0.00189  -0.2069  0.1241  0.0043  -4.0512   0.0000   1.9680
  -6.500   0.1835   0.00679   0.00180  -0.2076  0.1238  0.0043  -3.6608   0.0000   1.4101
  -6.000   0.2432   0.00673   0.00172  -0.2083  0.1234  0.0043  -3.2855   0.0000   1.1265
  -5.500   0.3027   0.00668   0.00166  -0.2090  0.1231  0.0044  -2.9254   0.0000   0.9547
  -5.000   0.3622   0.00665   0.00161  -0.2096  0.1224  0.0044  -2.5790   0.0000   0.8396
  -4.500   0.4208   0.00669   0.00160  -0.2101  0.1029  0.0045  -2.2529   0.0000   0.7576
  -4.000   0.4797   0.00671   0.00159  -0.2106  0.0983  0.0045  -1.9404   0.0000   0.6954
  -3.500   0.5385   0.00674   0.00159  -0.2111  0.0896  0.0046  -1.6429   0.0000   0.6468
  -3.000   0.5973   0.00676   0.00160  -0.2116  0.0866  0.0054  -1.3605   0.0000   0.6078
  -2.500   0.6560   0.00680   0.00162  -0.2121  0.0843  0.0051  -1.0925   0.0000   0.5757
  -2.000   0.7146   0.00684   0.00165  -0.2126  0.0841  0.0063  -0.9574   0.0000   0.5489
  -1.500   0.7729   0.00690   0.00170  -0.2130  0.0831  0.0077  -1.0076   0.0000   0.5261
  -1.000   0.8299   0.00707   0.00181  -0.2132  0.0641  0.0089  -1.0590   0.0000   0.5065
  -0.500   0.8873   0.00719   0.00190  -0.2134  0.0526  0.0099  -1.1111   0.0000   0.4894
   0.500   1.0020   0.00743   0.00210  -0.2140  0.0470  0.0158  -1.2178   0.0000   0.4610
   1.000   1.0594   0.00753   0.00220  -0.2143  0.0494  0.0170  -1.2820   0.0000   0.4490
   1.500   1.1161   0.00767   0.00233  -0.2145  0.0480  0.0173  -1.3573   0.0000   0.4382
   2.000   1.1724   0.00784   0.00248  -0.2146  0.0456  0.0204  -1.4330   0.0000   0.4283
   2.500   1.2245   0.00836   0.00289  -0.2138  0.0029  0.0374  -1.5192   0.0000   0.4192
   3.000   1.2798   0.00858   0.00309  -0.2138  0.0021  0.0382  -1.6320   0.0000   0.4109
   3.500   1.3348   0.00881   0.00330  -0.2137  0.0016  0.0441  -1.7492   0.0000   0.4032
   4.000   1.3892   0.00906   0.00354  -0.2135  0.0020  0.0475  -1.8896   0.0000   0.3961
   5.000   1.4970   0.00960   0.00406  -0.2130  0.0013  0.0683  -2.2483   0.0000   0.3831
   6.500   1.6551   0.01053   0.00502  -0.2117  0.0012  0.1563  -2.8164   0.0000   0.3663
   7.500   1.7568   0.01127   0.00577  -0.2103  0.0012  0.1972  -3.2119   0.0000   0.3564
   8.000   1.8058   0.01169   0.00618  -0.2092  0.0012  0.1956  -3.4128   0.0000   0.3517
   8.500   1.8554   0.01209   0.00664  -0.2084  0.0012  0.2758  -3.6188   0.0000   0.3472
   9.000   1.9029   0.01256   0.00713  -0.2071  0.0012  0.3089  -3.8779   0.0000   0.3428
   9.500   1.9484   0.01306   0.00765  -0.2055  0.0011  0.3342  -4.1863   0.0000   0.3385
  10.000   1.9944   0.01356   0.00826  -0.2041  0.0011  0.4359  -4.7562   0.0000   0.3344
  10.500   2.0282   0.01417   0.00889  -0.2002  0.0011  0.4557  -5.2869   0.0000   0.3298
  11.000   2.0588   0.01487   0.00961  -0.1958  0.0011  0.4653  -5.8216   0.0000   0.3252
  11.500   2.0891   0.01570   0.01047  -0.1915  0.0010  0.4914  -6.3796   0.0000   0.3208
  12.000   2.1183   0.01665   0.01144  -0.1872  0.0010  0.4961  -6.9502   0.0000   0.3165
  12.500   2.1456   0.01777   0.01260  -0.1829  0.0010  0.5247  -7.5301   0.0000   0.3123
  13.000   2.1721   0.01905   0.01392  -0.1787  0.0010  0.5448  -8.1239   0.0000   0.3083
  13.500   2.1975   0.02052   0.01544  -0.1748  0.0009  0.5736  -8.7292   0.0000   0.3044
  14.000   2.2211   0.02221   0.01721  -0.1709  0.0009  0.6278  -9.3399   0.0000   0.3007
  14.500   2.2411   0.02424   0.01931  -0.1669  0.0009  0.6589  -9.9403   0.0000   0.2970
  15.000   2.2598   0.02658   0.02172  -0.1631  0.0009  0.6912  -10.5478   0.0000   0.2936
  15.500   2.2759   0.02931   0.02452  -0.1595  0.0008  0.7239  -11.1506   0.0000   0.2902
  16.000   2.2924   0.03228   0.02757  -0.1565  0.0008  0.7729  -11.7721   0.0000   0.2872
  16.500   2.3063   0.03574   0.03114  -0.1537  0.0007  0.8375  -12.3857   0.0000   0.2842
  18.500   2.2662   0.06225   0.05832  -0.1423  0.0021  1.0000  -14.0249   0.0000   0.2748
  19.000   2.2588   0.06927   0.06544  -0.1412  0.0023  1.0000  -14.4748   0.0000   0.2731
  19.500   2.2476   0.07695   0.07322  -0.1406  0.0025  1.0000  -14.8884   0.0000   0.2716


