XFLR5 v6.02 Beta

 Calculated polar for: WORTMANN FX 63-137

 1 1 Reynolds number fixed          Mach number fixed         

 xtrf =   1.000 (top)        1.000 (bottom)
 Mach =   0.000     Re =    63.000 e 6     Ncrit =   9.000

  alpha     CL        CD       CDp       CM    Top Xtr Bot Xtr   Cpmin    Chinge    XCp    
 ------- -------- --------- --------- -------- ------- ------- -------- --------- ---------
 -22.000  -1.2725   0.04733   0.04405  -0.1577  0.4143  0.0014  -28.3907   0.0000   0.0903
 -21.500  -1.2864   0.03993   0.03657  -0.1634  0.4164  0.0014  -28.2697   0.0000   0.0889
 -21.000  -1.3006   0.03288   0.02943  -0.1689  0.4130  0.0014  -28.1239   0.0000   0.0878
 -20.500  -1.2967   0.02820   0.02469  -0.1722  0.4094  0.0014  -27.6379   0.0000   0.0863
 -20.000  -1.2894   0.02382   0.02026  -0.1754  0.4053  0.0014  -27.0914   0.0000   0.0846
 -19.500  -1.2717   0.02069   0.01707  -0.1770  0.4022  0.0015  -26.3643   0.0000   0.0826
 -19.000  -1.2488   0.01789   0.01424  -0.1792  0.4016  0.0015  -25.5709   0.0000   0.0795
 -18.500  -1.2018   0.01554   0.01183  -0.1846  0.4011  0.0016  -24.4848   0.0000   0.0702
 -18.000  -1.1490   0.01406   0.01022  -0.1886  0.3382  0.0016  -23.3227   0.0000   0.0604
 -17.500  -1.0968   0.01319   0.00928  -0.1900  0.3115  0.0017  -22.1641   0.0000   0.0519
 -17.000  -1.0427   0.01242   0.00846  -0.1913  0.3023  0.0018  -21.0053   0.0000   0.0422
 -16.500  -0.9874   0.01175   0.00775  -0.1925  0.2952  0.0019  -19.8586   0.0000   0.0312
 -16.000  -0.9312   0.01113   0.00710  -0.1936  0.2883  0.0020  -18.7277   0.0000   0.0186
 -15.500  -0.8742   0.01057   0.00651  -0.1947  0.2839  0.0021  -17.6170   0.0000   0.0040
 -14.500  -0.7597   0.00965   0.00547  -0.1965  0.2251  0.0024  -15.4800   0.0000  -0.0317
 -14.000  -0.7012   0.00921   0.00500  -0.1975  0.2217  0.0025  -14.4439   0.0000  -0.0548
 -13.000  -0.5839   0.00849   0.00420  -0.1993  0.1930  0.0028  -12.6258   0.0000  -0.1152
 -11.000  -0.3459   0.00733   0.00290  -0.2029  0.1461  0.0038  -9.2829   0.0000  -0.3666
 -10.500  -0.2863   0.00714   0.00267  -0.2038  0.1410  0.0039  -8.5131   0.0000  -0.4953
 -10.000  -0.2266   0.00697   0.00247  -0.2045  0.1359  0.0040  -7.7725   0.0000  -0.6922
  -9.500  -0.1668   0.00681   0.00230  -0.2053  0.1307  0.0041  -7.0612   0.0000  -1.0311
  -9.000  -0.1069   0.00668   0.00214  -0.2061  0.1239  0.0041  -6.3796   0.0000  -1.7496
  -8.500  -0.0471   0.00656   0.00201  -0.2068  0.1237  0.0041  -5.7257   0.0000  -4.2980
  -8.000   0.0128   0.00645   0.00188  -0.2076  0.1234  0.0042  -5.1013   0.0000  16.9945
  -7.500   0.0726   0.00636   0.00178  -0.2083  0.1230  0.0042  -4.5066   0.0000   3.2036
  -7.000   0.1324   0.00628   0.00168  -0.2090  0.1228  0.0043  -4.0432   0.0000   1.8717
  -6.500   0.1916   0.00626   0.00163  -0.2096  0.1036  0.0043  -3.6532   0.0000   1.3713
  -6.000   0.2510   0.00622   0.00155  -0.2102  0.1004  0.0043  -3.2771   0.0000   1.1065
  -5.500   0.3104   0.00620   0.00151  -0.2108  0.0976  0.0044  -2.9163   0.0000   0.9432
  -5.000   0.3698   0.00618   0.00147  -0.2114  0.0950  0.0044  -2.5707   0.0000   0.8324
  -4.500   0.4290   0.00617   0.00145  -0.2120  0.0899  0.0045  -2.2405   0.0000   0.7523
  -4.000   0.4882   0.00617   0.00144  -0.2125  0.0843  0.0045  -1.9260   0.0000   0.6916
  -3.500   0.5473   0.00618   0.00144  -0.2131  0.0842  0.0045  -1.6274   0.0000   0.6441
  -3.000   0.6062   0.00620   0.00145  -0.2136  0.0841  0.0046  -1.3445   0.0000   0.6058
  -2.500   0.6650   0.00623   0.00147  -0.2141  0.0839  0.0046  -1.0770   0.0000   0.5743
  -2.000   0.7221   0.00640   0.00155  -0.2142  0.0505  0.0049  -0.9619   0.0000   0.5481
  -1.500   0.7802   0.00648   0.00161  -0.2146  0.0466  0.0058  -1.0123   0.0000   0.5256
  -1.000   0.8382   0.00657   0.00167  -0.2150  0.0440  0.0068  -1.0646   0.0000   0.5061
  -0.500   0.8961   0.00665   0.00175  -0.2153  0.0417  0.0075  -1.1172   0.0000   0.4892
   0.000   0.9538   0.00675   0.00183  -0.2157  0.0395  0.0080  -1.1701   0.0000   0.4743
   0.500   1.0113   0.00685   0.00192  -0.2160  0.0382  0.0099  -1.2250   0.0000   0.4610
   1.000   1.0688   0.00695   0.00202  -0.2163  0.0405  0.0170  -1.2901   0.0000   0.4491
   1.500   1.1258   0.00707   0.00213  -0.2165  0.0396  0.0171  -1.3658   0.0000   0.4383
   2.500   1.2355   0.00767   0.00262  -0.2161  0.0015  0.0371  -1.5307   0.0000   0.4195
   3.500   1.3465   0.00808   0.00299  -0.2161  0.0013  0.0393  -1.7643   0.0000   0.4036
   4.000   1.4014   0.00831   0.00320  -0.2160  0.0013  0.0422  -1.9104   0.0000   0.3965
   4.500   1.4559   0.00855   0.00343  -0.2158  0.0013  0.0480  -2.0891   0.0000   0.3898
   5.000   1.5102   0.00879   0.00367  -0.2156  0.0013  0.0665  -2.2724   0.0000   0.3836
   5.500   1.5638   0.00907   0.00393  -0.2153  0.0013  0.0739  -2.4595   0.0000   0.3777
   6.000   1.6172   0.00934   0.00422  -0.2150  0.0012  0.1082  -2.6510   0.0000   0.3722
   6.500   1.6698   0.00965   0.00452  -0.2146  0.0012  0.1202  -2.8460   0.0000   0.3669
   7.000   1.7220   0.00997   0.00484  -0.2141  0.0012  0.1457  -3.0448   0.0000   0.3619
   7.500   1.7732   0.01032   0.00518  -0.2134  0.0012  0.1471  -3.2463   0.0000   0.3570
   8.000   1.8235   0.01069   0.00553  -0.2126  0.0012  0.1465  -3.4508   0.0000   0.3524
   8.500   1.8731   0.01108   0.00592  -0.2117  0.0012  0.1647  -3.6580   0.0000   0.3479
   9.000   1.9224   0.01148   0.00635  -0.2108  0.0012  0.2202  -3.9347   0.0000   0.3436
   9.500   1.9702   0.01192   0.00680  -0.2096  0.0012  0.2493  -4.3116   0.0000   0.3393
  10.000   2.0173   0.01237   0.00731  -0.2083  0.0011  0.3118  -4.8953   0.0000   0.3353
  10.500   2.0627   0.01287   0.00784  -0.2068  0.0011  0.3690  -5.5005   0.0000   0.3312
  11.000   2.1041   0.01344   0.00841  -0.2044  0.0011  0.3693  -6.1132   0.0000   0.3271
  11.500   2.1301   0.01408   0.00906  -0.1989  0.0011  0.3700  -6.6533   0.0000   0.3224
  12.000   2.1589   0.01484   0.00982  -0.1942  0.0010  0.3701  -7.2334   0.0000   0.3180
  12.500   2.1885   0.01571   0.01071  -0.1899  0.0010  0.3745  -7.8391   0.0000   0.3137
  13.000   2.2174   0.01671   0.01177  -0.1858  0.0010  0.4350  -8.4612   0.0000   0.3097
  13.500   2.2444   0.01789   0.01299  -0.1817  0.0009  0.4706  -9.0911   0.0000   0.3057
  15.000   2.2671   0.02577   0.02118  -0.1632  0.0018  0.5303  -10.5630   0.0000   0.2934
  15.500   2.2850   0.02826   0.02372  -0.1597  0.0022  0.5634  -11.2147   0.0000   0.2901
  16.000   2.2982   0.03129   0.02682  -0.1560  0.0026  0.5872  -11.8068   0.0000   0.2868
  16.500   2.3092   0.03478   0.03039  -0.1527  0.0030  0.6269  -12.3915   0.0000   0.2838
  17.000   2.3150   0.03872   0.03440  -0.1492  0.0034  0.6441  -12.9425   0.0000   0.2808
  18.000   2.3196   0.04840   0.04426  -0.1437  0.0042  0.6914  -14.0065   0.0000   0.2756
  18.500   2.3193   0.05406   0.05002  -0.1417  0.0044  0.7236  -14.5277   0.0000   0.2733
  19.000   2.3162   0.06040   0.05648  -0.1403  0.0045  0.7678  -15.0285   0.0000   0.2713
  19.500   2.3114   0.06716   0.06336  -0.1393  0.0046  0.8055  -15.5200   0.0000   0.2695
  20.000   2.3156   0.07287   0.06917  -0.1389  0.0046  0.8529  -16.1096   0.0000   0.2677


