XFLR5 v6.02 Beta

 Calculated polar for: WORTMANN FX 63-137

 1 1 Reynolds number fixed          Mach number fixed         

 xtrf =   1.000 (top)        1.000 (bottom)
 Mach =   0.000     Re =    11.500 e 6     Ncrit =   9.000

  alpha     CL        CD       CDp       CM    Top Xtr Bot Xtr   Cpmin    Chinge    XCp    
 ------- -------- --------- --------- -------- ------- ------- -------- --------- ---------
 -19.000  -0.9692   0.05115   0.04835  -0.1471  0.7654  0.0034  -20.5200   0.0000   0.0663
 -18.000  -1.0145   0.03217   0.02896  -0.1639  0.7289  0.0035  -20.7411   0.0000   0.0604
 -17.500  -1.0052   0.02730   0.02398  -0.1682  0.7196  0.0035  -20.2688   0.0000   0.0560
 -17.000  -0.9901   0.02325   0.01985  -0.1714  0.7155  0.0035  -19.6963   0.0000   0.0515
 -16.500  -0.9680   0.02012   0.01655  -0.1742  0.6805  0.0036  -19.0221   0.0000   0.0457
 -16.000  -0.9238   0.01754   0.01384  -0.1795  0.6577  0.0036  -18.1030   0.0000   0.0320
 -15.500  -0.8721   0.01569   0.01176  -0.1846  0.6011  0.0037  -17.1066   0.0000   0.0152
 -15.000  -0.8184   0.01455   0.01054  -0.1868  0.5951  0.0038  -16.0808   0.0000  -0.0012
 -14.500  -0.7647   0.01365   0.00954  -0.1884  0.5747  0.0038  -15.0770   0.0000  -0.0191
 -14.000  -0.7100   0.01287   0.00864  -0.1897  0.5502  0.0039  -14.0904   0.0000  -0.0400
 -13.500  -0.6596   0.01246   0.00787  -0.1900  0.4292  0.0039  -13.1768   0.0000  -0.0609
 -13.000  -0.6028   0.01184   0.00715  -0.1912  0.4080  0.0040  -12.2251   0.0000  -0.0903
 -12.500  -0.5445   0.01123   0.00648  -0.1925  0.4001  0.0040  -11.2912   0.0000  -0.1273
 -12.000  -0.4870   0.01075   0.00590  -0.1936  0.3712  0.0041  -10.3952   0.0000  -0.1722
 -11.500  -0.4283   0.01028   0.00535  -0.1947  0.3600  0.0042  -9.5136   0.0000  -0.2306
 -11.000  -0.3692   0.00983   0.00483  -0.1959  0.3464  0.0042  -8.6713   0.0000  -0.3086
 -10.500  -0.3094   0.00940   0.00435  -0.1971  0.3363  0.0043  -7.8569   0.0000  -0.4180
  -4.000   0.4631   0.00775   0.00185  -0.2068  0.1368  0.0045  -1.9364   0.0000   0.7031
  -3.500   0.5221   0.00776   0.00185  -0.2074  0.1312  0.0056  -1.6642   0.0000   0.6522
  -3.000   0.5810   0.00777   0.00185  -0.2080  0.1235  0.0093  -1.3878   0.0000   0.6115
  -2.500   0.6399   0.00778   0.00186  -0.2085  0.1217  0.0142  -1.1232   0.0000   0.5783
  -2.000   0.6968   0.00796   0.00195  -0.2087  0.1000  0.0143  -0.9462   0.0000   0.5509
  -1.500   0.7547   0.00805   0.00201  -0.2091  0.0965  0.0152  -0.9951   0.0000   0.5275
  -1.000   0.8124   0.00814   0.00208  -0.2094  0.0903  0.0156  -1.0469   0.0000   0.5074
  -0.500   0.8700   0.00824   0.00216  -0.2097  0.0863  0.0159  -1.0990   0.0000   0.4900
   0.000   0.9274   0.00835   0.00226  -0.2100  0.0840  0.0161  -1.1514   0.0000   0.4746
   0.500   0.9845   0.00846   0.00237  -0.2103  0.0832  0.0164  -1.2043   0.0000   0.4610
   1.500   1.0982   0.00871   0.00262  -0.2107  0.0833  0.0198  -1.3410   0.0000   0.4379
   2.000   1.1545   0.00887   0.00278  -0.2108  0.0824  0.0268  -1.4165   0.0000   0.4279
   2.500   1.2056   0.00945   0.00321  -0.2100  0.0382  0.0383  -1.5000   0.0000   0.4187
   3.000   1.2606   0.00967   0.00342  -0.2099  0.0372  0.0493  -1.6072   0.0000   0.4104
   3.500   1.3105   0.01031   0.00395  -0.2088  0.0045  0.0661  -1.7179   0.0000   0.4025
   4.000   1.3665   0.01040   0.00406  -0.2089  0.0174  0.0681  -1.8428   0.0000   0.3953
   4.500   1.4170   0.01092   0.00454  -0.2080  0.0043  0.0818  -2.0204   0.0000   0.3885
   5.000   1.4694   0.01126   0.00489  -0.2075  0.0034  0.1078  -2.1977   0.0000   0.3821
   5.500   1.5215   0.01161   0.00528  -0.2070  0.0026  0.1500  -2.3799   0.0000   0.3761
   6.500   1.6268   0.01228   0.00616  -0.2064  0.0013  0.3353  -2.7585   0.0000   0.3654
   7.000   1.6765   0.01271   0.00663  -0.2056  0.0013  0.3811  -2.9502   0.0000   0.3602
   7.500   1.7267   0.01313   0.00717  -0.2049  0.0012  0.4669  -3.1469   0.0000   0.3554
   8.000   1.7714   0.01369   0.00769  -0.2030  0.0012  0.4462  -3.3377   0.0000   0.3505
   8.500   1.8170   0.01423   0.00829  -0.2015  0.0012  0.4987  -3.5338   0.0000   0.3459
   9.000   1.8540   0.01486   0.00893  -0.1981  0.0012  0.5106  -3.7381   0.0000   0.3409
   9.500   1.8872   0.01556   0.00967  -0.1941  0.0012  0.5322  -3.9766   0.0000   0.3360
  10.000   1.9199   0.01637   0.01054  -0.1903  0.0011  0.5650  -4.3194   0.0000   0.3313
  10.500   1.9521   0.01730   0.01154  -0.1865  0.0011  0.6048  -4.8157   0.0000   0.3268
  11.000   1.9816   0.01839   0.01270  -0.1825  0.0011  0.6446  -5.3180   0.0000   0.3224
  11.500   2.0101   0.01967   0.01406  -0.1787  0.0011  0.6853  -5.8339   0.0000   0.3181
  12.000   2.0361   0.02115   0.01560  -0.1747  0.0011  0.7083  -6.3532   0.0000   0.3140
  12.500   2.0614   0.02283   0.01736  -0.1710  0.0010  0.7444  -6.9040   0.0000   0.3101
  13.000   2.0844   0.02477   0.01940  -0.1673  0.0010  0.7967  -7.4602   0.0000   0.3063
  14.000   2.1274   0.02954   0.02451  -0.1610  0.0009  1.0000  -8.5808   0.0000   0.2994
  14.500   2.1434   0.03247   0.02749  -0.1576  0.0009  1.0000  -9.1260   0.0000   0.2961
  15.000   2.1569   0.03581   0.03089  -0.1544  0.0009  1.0000  -9.6655   0.0000   0.2930
  15.500   2.1693   0.03938   0.03452  -0.1515  0.0008  1.0000  -10.2078   0.0000   0.2900
  16.000   2.1767   0.04353   0.03875  -0.1486  0.0008  1.0000  -10.7250   0.0000   0.2871
  16.500   2.1825   0.04821   0.04351  -0.1462  0.0008  1.0000  -11.2395   0.0000   0.2845
  17.000   2.1862   0.05341   0.04879  -0.1441  0.0008  1.0000  -11.7448   0.0000   0.2821
  17.500   2.1870   0.05916   0.05463  -0.1424  0.0008  1.0000  -12.2334   0.0000   0.2799
  18.000   2.1936   0.06424   0.05978  -0.1410  0.0007  1.0000  -12.7832   0.0000   0.2777
  18.500   2.1904   0.07076   0.06641  -0.1400  0.0007  1.0000  -13.2530   0.0000   0.2759
  19.000   2.1835   0.07790   0.07365  -0.1395  0.0007  1.0000  -13.6899   0.0000   0.2744
  19.500   2.1716   0.08556   0.08142  -0.1393  0.0007  1.0000  -14.0804   0.0000   0.2732
  20.000   2.1581   0.09389   0.08988  -0.1398  0.0007  1.0000  -14.4527   0.0000   0.2723


