XFLR5 v6.02 Beta

 Calculated polar for: WORTMANN FX 63-137

 1 1 Reynolds number fixed          Mach number fixed         

 xtrf =   1.000 (top)        1.000 (bottom)
 Mach =   0.000     Re =    53.000 e 6     Ncrit =   9.000

  alpha     CL        CD       CDp       CM    Top Xtr Bot Xtr   Cpmin    Chinge    XCp    
 ------- -------- --------- --------- -------- ------- ------- -------- --------- ---------
 -22.000  -1.2085   0.05559   0.05243  -0.1504  0.4659  0.0015  -27.1519   0.0000   0.0888
 -21.500  -1.2488   0.04455   0.04128  -0.1591  0.4659  0.0015  -27.5611   0.0000   0.0879
 -20.500  -1.2779   0.03016   0.02666  -0.1705  0.4340  0.0015  -27.3036   0.0000   0.0855
 -20.000  -1.2690   0.02601   0.02244  -0.1733  0.4298  0.0016  -26.7364   0.0000   0.0837
 -19.500  -1.2548   0.02239   0.01877  -0.1756  0.4252  0.0016  -26.0798   0.0000   0.0816
 -19.000  -1.2409   0.01932   0.01564  -0.1767  0.4204  0.0017  -25.4107   0.0000   0.0804
 -18.500  -1.2011   0.01668   0.01295  -0.1815  0.4139  0.0017  -24.4234   0.0000   0.0727
 -18.000  -1.1479   0.01465   0.01080  -0.1874  0.3678  0.0018  -23.2808   0.0000   0.0613
 -17.500  -1.0964   0.01366   0.00973  -0.1891  0.3381  0.0019  -22.1357   0.0000   0.0527
 -16.000  -0.9322   0.01144   0.00737  -0.1928  0.3041  0.0022  -18.7243   0.0000   0.0196
 -15.500  -0.8756   0.01084   0.00673  -0.1940  0.2995  0.0023  -17.6190   0.0000   0.0052
 -15.000  -0.8183   0.01030   0.00615  -0.1950  0.2892  0.0025  -16.5360   0.0000  -0.0114
 -14.500  -0.7615   0.00986   0.00561  -0.1958  0.2376  0.0026  -15.4882   0.0000  -0.0302
 -14.000  -0.7031   0.00941   0.00513  -0.1969  0.2283  0.0028  -14.4539   0.0000  -0.0531
 -13.500  -0.6444   0.00901   0.00469  -0.1979  0.2213  0.0029  -13.5295   0.0000  -0.0804
 -12.500  -0.5268   0.00833   0.00391  -0.1997  0.1706  0.0033  -11.7637   0.0000  -0.1536
 -11.500  -0.4075   0.00772   0.00324  -0.2016  0.1694  0.0038  -10.0815   0.0000  -0.2720
 -11.000  -0.3477   0.00749   0.00299  -0.2024  0.1690  0.0039  -9.2829   0.0000  -0.3619
 -10.500  -0.2884   0.00731   0.00277  -0.2032  0.1519  0.0040  -8.5165   0.0000  -0.4879
 -10.000  -0.2288   0.00714   0.00256  -0.2040  0.1417  0.0040  -7.7772   0.0000  -0.6806
  -9.500  -0.1690   0.00699   0.00238  -0.2047  0.1362  0.0041  -7.0670   0.0000  -1.0102
  -9.000  -0.1092   0.00685   0.00222  -0.2055  0.1262  0.0041  -6.3861   0.0000  -1.7017
  -8.500  -0.0494   0.00673   0.00208  -0.2062  0.1240  0.0041  -5.7323   0.0000  -4.0719
  -8.000   0.0105   0.00662   0.00195  -0.2070  0.1237  0.0042  -5.1081   0.0000  20.6526
  -7.500   0.0703   0.00652   0.00184  -0.2077  0.1234  0.0042  -4.5135   0.0000   3.2927
  -7.000   0.1301   0.00644   0.00174  -0.2084  0.1232  0.0043  -4.0463   0.0000   1.8962
  -6.500   0.1898   0.00637   0.00166  -0.2091  0.1227  0.0043  -3.6545   0.0000   1.3795
  -6.000   0.2489   0.00636   0.00161  -0.2097  0.1053  0.0043  -3.2801   0.0000   1.1118
  -5.500   0.3082   0.00634   0.00155  -0.2103  0.1006  0.0044  -2.9197   0.0000   0.9464
  -5.000   0.3675   0.00632   0.00151  -0.2109  0.0978  0.0044  -2.5743   0.0000   0.8345
  -4.500   0.4267   0.00632   0.00149  -0.2114  0.0946  0.0045  -2.2443   0.0000   0.7537
  -4.000   0.4858   0.00632   0.00148  -0.2120  0.0853  0.0045  -1.9303   0.0000   0.6926
  -3.500   0.5449   0.00633   0.00148  -0.2125  0.0843  0.0046  -1.6317   0.0000   0.6448
  -3.000   0.6038   0.00635   0.00149  -0.2131  0.0842  0.0047  -1.3489   0.0000   0.6063
  -2.500   0.6626   0.00638   0.00151  -0.2136  0.0840  0.0046  -1.0812   0.0000   0.5747
  -2.000   0.7211   0.00643   0.00154  -0.2140  0.0830  0.0052  -0.9615   0.0000   0.5482
  -1.500   0.7779   0.00662   0.00164  -0.2141  0.0500  0.0063  -1.0108   0.0000   0.5257
  -1.000   0.8359   0.00671   0.00171  -0.2145  0.0471  0.0073  -1.0630   0.0000   0.5063
  -0.500   0.8936   0.00681   0.00179  -0.2148  0.0445  0.0081  -1.1155   0.0000   0.4893
   0.000   0.9512   0.00691   0.00188  -0.2151  0.0421  0.0087  -1.1682   0.0000   0.4743
   0.500   1.0089   0.00701   0.00197  -0.2155  0.0398  0.0155  -1.2231   0.0000   0.4610
   1.000   1.0662   0.00711   0.00207  -0.2157  0.0427  0.0170  -1.2878   0.0000   0.4490
   1.500   1.1231   0.00724   0.00219  -0.2160  0.0417  0.0171  -1.3634   0.0000   0.4383
   2.000   1.1798   0.00738   0.00232  -0.2161  0.0400  0.0193  -1.4397   0.0000   0.4285
   2.500   1.2326   0.00785   0.00269  -0.2155  0.0019  0.0372  -1.5276   0.0000   0.4194
   3.500   1.3433   0.00828   0.00307  -0.2154  0.0013  0.0403  -1.7603   0.0000   0.4035
   4.000   1.3981   0.00851   0.00329  -0.2153  0.0014  0.0436  -1.9048   0.0000   0.3964
   4.500   1.4526   0.00875   0.00352  -0.2151  0.0013  0.0497  -2.0832   0.0000   0.3897
   5.000   1.5067   0.00901   0.00378  -0.2149  0.0013  0.0667  -2.2660   0.0000   0.3835
   5.500   1.5601   0.00929   0.00404  -0.2146  0.0013  0.0767  -2.4526   0.0000   0.3776
   6.000   1.6134   0.00958   0.00434  -0.2143  0.0012  0.1140  -2.6436   0.0000   0.3720
   7.000   1.7178   0.01022   0.00498  -0.2133  0.0012  0.1466  -3.0361   0.0000   0.3617
   7.500   1.7687   0.01058   0.00533  -0.2125  0.0012  0.1582  -3.2369   0.0000   0.3568
   8.000   1.8187   0.01096   0.00570  -0.2117  0.0012  0.1548  -3.4404   0.0000   0.3522
   8.500   1.8684   0.01135   0.00611  -0.2108  0.0012  0.1950  -3.6477   0.0000   0.3477
   9.000   1.9174   0.01176   0.00656  -0.2098  0.0012  0.2491  -3.9200   0.0000   0.3434
   9.500   1.9641   0.01223   0.00702  -0.2084  0.0012  0.2625  -4.2771   0.0000   0.3391
  10.500   2.0551   0.01322   0.00810  -0.2053  0.0011  0.3726  -5.4528   0.0000   0.3309
  11.000   2.0889   0.01382   0.00871  -0.2014  0.0011  0.3843  -6.0172   0.0000   0.3264
  11.500   2.1184   0.01450   0.00940  -0.1967  0.0011  0.3941  -6.5757   0.0000   0.3219
  12.000   2.1476   0.01531   0.01022  -0.1922  0.0010  0.3960  -7.1547   0.0000   0.3175
  12.500   2.1777   0.01623   0.01119  -0.1882  0.0010  0.4331  -7.7609   0.0000   0.3134
  13.000   2.2050   0.01731   0.01233  -0.1838  0.0010  0.4822  -8.3682   0.0000   0.3093
  13.500   2.2311   0.01858   0.01363  -0.1796  0.0009  0.4987  -8.9881   0.0000   0.3053
  14.000   2.2549   0.02005   0.01513  -0.1753  0.0009  0.5023  -9.6099   0.0000   0.3014
  14.500   2.2775   0.02172   0.01687  -0.1712  0.0008  0.5556  -10.2402   0.0000   0.2977
  15.500   2.2663   0.02981   0.02525  -0.1579  0.0015  0.5993  -11.0173   0.0000   0.2899
  16.000   2.2767   0.03324   0.02876  -0.1543  0.0019  0.6303  -11.6113   0.0000   0.2867
  16.500   2.2903   0.03659   0.03218  -0.1514  0.0023  0.6597  -12.2270   0.0000   0.2838
  17.000   2.2959   0.04070   0.03638  -0.1483  0.0026  0.6905  -12.7744   0.0000   0.2809
  17.500   2.2979   0.04561   0.04138  -0.1455  0.0031  0.7180  -13.2958   0.0000   0.2783
  18.000   2.3073   0.05003   0.04589  -0.1434  0.0036  0.7597  -13.8937   0.0000   0.2758
  18.500   2.3065   0.05600   0.05198  -0.1418  0.0039  0.8065  -14.4070   0.0000   0.2736
  19.500   2.3031   0.06998   0.06633  -0.1413  0.0043  1.0000  -15.4389   0.0000   0.2704


