XFLR5 v6.02 Beta

 Calculated polar for: WORTMANN FX 63-137

 1 1 Reynolds number fixed          Mach number fixed         

 xtrf =   1.000 (top)        1.000 (bottom)
 Mach =   0.000     Re =    46.250 e 6     Ncrit =   9.000

  alpha     CL        CD       CDp       CM    Top Xtr Bot Xtr   Cpmin    Chinge    XCp    
 ------- -------- --------- --------- -------- ------- ------- -------- --------- ---------
 -22.000  -0.3963   0.20439   0.20184  -0.0602  0.2387  0.0014  -6.5727   0.0000   0.0477
 -21.500  -0.3791   0.19918   0.19661  -0.0638  0.2332  0.0014  -6.3617   0.0000   0.0310
 -21.000  -0.3620   0.19391   0.19132  -0.0674  0.2281  0.0014  -6.1581   0.0000   0.0128
 -20.500  -0.3449   0.18856   0.18595  -0.0708  0.2230  0.0016  -5.9615   0.0000  -0.0071
 -20.000  -0.3278   0.18318   0.18055  -0.0742  0.2215  0.0017  -5.7664   0.0000  -0.0290
 -19.500  -0.3112   0.17784   0.17514  -0.0774  0.1835  0.0019  -5.5772   0.0000  -0.0521
 -19.000  -0.2944   0.17237   0.16966  -0.0807  0.1717  0.0021  -5.3927   0.0000  -0.0785
 -18.500  -0.2777   0.16683   0.16411  -0.0839  0.1836  0.0023  -5.2156   0.0000  -0.1080
 -18.000  -0.2613   0.16128   0.15854  -0.0870  0.1737  0.0024  -5.0454   0.0000  -0.1404
 -17.500  -0.2452   0.15571   0.15296  -0.0901  0.1703  0.0026  -4.8833   0.0000  -0.1764
 -17.000  -0.2299   0.15023   0.14748  -0.0930  0.1700  0.0028  -4.7309   0.0000  -0.2156
 -16.500  -0.2150   0.14481   0.14205  -0.0959  0.1697  0.0030  -4.5869   0.0000  -0.2592
 -16.000  -0.1995   0.13906   0.13629  -0.0988  0.1694  0.0032  -4.4462   0.0000  -0.3115
 -15.500  -0.1842   0.13325   0.13047  -0.1018  0.1690  0.0033  -4.3131   0.0000  -0.3716
 -14.500  -0.7626   0.01000   0.00572  -0.1954  0.2497  0.0029  -15.4912   0.0000  -0.0293
 -14.000  -0.7045   0.00955   0.00521  -0.1964  0.2386  0.0030  -14.4605   0.0000  -0.0519
 -13.500  -0.6459   0.00915   0.00477  -0.1974  0.2221  0.0031  -13.5359   0.0000  -0.0790
 -13.000  -0.5868   0.00875   0.00435  -0.1984  0.2214  0.0033  -12.6354   0.0000  -0.1120
 -12.500  -0.5283   0.00845   0.00397  -0.1992  0.1868  0.0036  -11.7651   0.0000  -0.1517
 -12.000  -0.4689   0.00815   0.00364  -0.2002  0.1698  0.0037  -10.9123   0.0000  -0.2025
 -11.500  -0.4093   0.00788   0.00334  -0.2011  0.1699  0.0039  -10.0830   0.0000  -0.2685
 -11.000  -0.3496   0.00765   0.00308  -0.2019  0.1695  0.0039  -9.2855   0.0000  -0.3572
 -10.500  -0.2898   0.00744   0.00285  -0.2028  0.1689  0.0040  -8.5163   0.0000  -0.4827
 -10.000  -0.2305   0.00728   0.00265  -0.2035  0.1475  0.0040  -7.7794   0.0000  -0.6716
  -9.500  -0.1708   0.00713   0.00245  -0.2043  0.1410  0.0041  -7.0700   0.0000  -0.9942
  -9.000  -0.1111   0.00700   0.00228  -0.2050  0.1309  0.0041  -6.3904   0.0000  -1.6642
  -8.500  -0.0513   0.00687   0.00213  -0.2058  0.1257  0.0041  -5.7370   0.0000  -3.9031
  -8.000   0.0086   0.00675   0.00200  -0.2065  0.1239  0.0042  -5.1129   0.0000  25.0909
  -7.500   0.0684   0.00665   0.00188  -0.2073  0.1236  0.0042  -4.5184   0.0000   3.3698
  -7.000   0.1282   0.00657   0.00178  -0.2080  0.1234  0.0043  -4.0485   0.0000   1.9168
  -6.500   0.1879   0.00649   0.00170  -0.2087  0.1231  0.0043  -3.6569   0.0000   1.3884
  -6.000   0.2476   0.00644   0.00163  -0.2093  0.1226  0.0043  -3.2807   0.0000   1.1151
  -5.500   0.3065   0.00645   0.00159  -0.2099  0.1031  0.0044  -2.9221   0.0000   0.9490
  -5.000   0.3658   0.00643   0.00155  -0.2105  0.1001  0.0044  -2.5767   0.0000   0.8362
  -4.500   0.4249   0.00643   0.00152  -0.2110  0.0973  0.0045  -2.2472   0.0000   0.7549
  -4.000   0.4839   0.00644   0.00151  -0.2116  0.0883  0.0045  -1.9336   0.0000   0.6935
  -3.500   0.5430   0.00645   0.00151  -0.2121  0.0849  0.0046  -1.6352   0.0000   0.6454
  -3.000   0.6019   0.00647   0.00152  -0.2126  0.0843  0.0049  -1.3524   0.0000   0.6067
  -2.500   0.6606   0.00651   0.00154  -0.2131  0.0840  0.0047  -1.0846   0.0000   0.5750
  -2.000   0.7192   0.00655   0.00157  -0.2136  0.0836  0.0055  -0.9603   0.0000   0.5484
  -1.500   0.7760   0.00674   0.00168  -0.2137  0.0530  0.0067  -1.0095   0.0000   0.5259
  -1.000   0.8340   0.00682   0.00174  -0.2141  0.0498  0.0077  -1.0618   0.0000   0.5063
  -0.500   0.8917   0.00692   0.00182  -0.2144  0.0470  0.0086  -1.1141   0.0000   0.4893
   0.000   0.9492   0.00704   0.00192  -0.2147  0.0443  0.0092  -1.1668   0.0000   0.4743
   0.500   1.0068   0.00714   0.00202  -0.2150  0.0419  0.0156  -1.2214   0.0000   0.4610
   1.000   1.0641   0.00725   0.00212  -0.2153  0.0446  0.0170  -1.2860   0.0000   0.4490
   1.500   1.1210   0.00738   0.00224  -0.2155  0.0434  0.0172  -1.3615   0.0000   0.4382
   2.000   1.1776   0.00752   0.00237  -0.2157  0.0416  0.0193  -1.4377   0.0000   0.4284
   2.500   1.2302   0.00801   0.00275  -0.2150  0.0022  0.0373  -1.5251   0.0000   0.4193
   3.500   1.3408   0.00844   0.00314  -0.2149  0.0013  0.0414  -1.7570   0.0000   0.4034
   4.000   1.3955   0.00867   0.00336  -0.2148  0.0015  0.0447  -1.9003   0.0000   0.3963
   4.500   1.4499   0.00892   0.00360  -0.2146  0.0013  0.0512  -2.0783   0.0000   0.3896
   5.000   1.5038   0.00918   0.00386  -0.2143  0.0013  0.0669  -2.2607   0.0000   0.3834
   5.500   1.5572   0.00947   0.00413  -0.2140  0.0013  0.0792  -2.4470   0.0000   0.3775
   6.000   1.6104   0.00976   0.00444  -0.2137  0.0012  0.1189  -2.6377   0.0000   0.3719
   6.500   1.6629   0.01007   0.00476  -0.2132  0.0012  0.1457  -2.8320   0.0000   0.3666
   7.000   1.7143   0.01042   0.00510  -0.2126  0.0012  0.1537  -3.0290   0.0000   0.3616
   7.500   1.7651   0.01078   0.00546  -0.2119  0.0012  0.1675  -3.2295   0.0000   0.3567
   8.000   1.8148   0.01118   0.00584  -0.2109  0.0012  0.1640  -3.4321   0.0000   0.3520
   8.500   1.8642   0.01158   0.00626  -0.2100  0.0012  0.2086  -3.6385   0.0000   0.3475
   9.000   1.9128   0.01201   0.00672  -0.2090  0.0012  0.2582  -3.9068   0.0000   0.3432
   9.500   1.9595   0.01248   0.00721  -0.2076  0.0012  0.2821  -4.2506   0.0000   0.3389
  10.000   2.0065   0.01294   0.00776  -0.2064  0.0011  0.3833  -4.8298   0.0000   0.3349
  10.500   2.0493   0.01350   0.00833  -0.2043  0.0011  0.3973  -5.4161   0.0000   0.3307
  11.000   2.0795   0.01412   0.00897  -0.1996  0.0011  0.4197  -5.9562   0.0000   0.3260
  12.500   2.1673   0.01668   0.01159  -0.1864  0.0010  0.4584  -7.6864   0.0000   0.3130
  13.000   2.1956   0.01780   0.01278  -0.1824  0.0010  0.5000  -8.2984   0.0000   0.3090
  13.500   2.2212   0.01912   0.01412  -0.1781  0.0009  0.5099  -8.9119   0.0000   0.3050
  14.000   2.2457   0.02064   0.01568  -0.1740  0.0009  0.5328  -9.5355   0.0000   0.3012
  14.500   2.2656   0.02247   0.01759  -0.1697  0.0009  0.5858  -10.1426   0.0000   0.2975
  15.000   2.2849   0.02463   0.01982  -0.1658  0.0008  0.6273  -10.7622   0.0000   0.2939
  16.000   2.2679   0.03411   0.02959  -0.1537  0.0014  0.6691  -11.5055   0.0000   0.2867
  16.500   2.2769   0.03792   0.03351  -0.1505  0.0018  0.6950  -12.0735   0.0000   0.2837
  17.000   2.2837   0.04201   0.03767  -0.1476  0.0021  0.7266  -12.6628   0.0000   0.2810
  19.000   2.2991   0.06429   0.06052  -0.1419  0.0037  1.0000  -14.8658   0.0000   0.2723
  19.500   2.2894   0.07160   0.06792  -0.1409  0.0039  1.0000  -15.3029   0.0000   0.2706


