XFLR5 v6.02 Beta

 Calculated polar for: WORTMANN FX 63-137

 1 1 Reynolds number fixed          Mach number fixed         

 xtrf =   1.000 (top)        1.000 (bottom)
 Mach =   0.000     Re =    75.750 e 6     Ncrit =   9.000

  alpha     CL        CD       CDp       CM    Top Xtr Bot Xtr   Cpmin    Chinge    XCp    
 ------- -------- --------- --------- -------- ------- ------- -------- --------- ---------
 -22.500  -1.2792   0.05226   0.04908  -0.1544  0.4014  0.0014  -28.9017   0.0000   0.0921
 -22.000  -1.3136   0.04225   0.03895  -0.1623  0.4014  0.0014  -29.1769   0.0000   0.0912
 -21.500  -1.3207   0.03590   0.03254  -0.1672  0.4013  0.0014  -28.9070   0.0000   0.0899
 -21.000  -1.3294   0.02972   0.02628  -0.1719  0.4013  0.0014  -28.6433   0.0000   0.0888
 -20.500  -1.3200   0.02565   0.02215  -0.1747  0.4012  0.0014  -28.0523   0.0000   0.0871
 -20.000  -1.3077   0.02180   0.01826  -0.1774  0.4011  0.0014  -27.4110   0.0000   0.0852
 -19.500  -1.2926   0.01903   0.01545  -0.1779  0.4011  0.0014  -26.6983   0.0000   0.0845
 -18.500  -1.2005   0.01439   0.01066  -0.1883  0.3677  0.0014  -24.5250   0.0000   0.0669
 -18.000  -1.1502   0.01349   0.00965  -0.1897  0.3017  0.0015  -23.3664   0.0000   0.0596
 -17.500  -1.0968   0.01269   0.00880  -0.1911  0.2936  0.0015  -22.1884   0.0000   0.0509
 -17.000  -1.0420   0.01198   0.00807  -0.1922  0.2863  0.0016  -21.0185   0.0000   0.0411
 -16.500  -0.9862   0.01135   0.00741  -0.1934  0.2793  0.0017  -19.8634   0.0000   0.0300
 -16.000  -0.9297   0.01077   0.00681  -0.1944  0.2783  0.0018  -18.7272   0.0000   0.0173
 -15.500  -0.8724   0.01025   0.00625  -0.1955  0.2780  0.0019  -17.6127   0.0000   0.0026
 -15.000  -0.8159   0.00983   0.00575  -0.1962  0.2312  0.0020  -16.5348   0.0000  -0.0137
 -14.500  -0.7578   0.00939   0.00529  -0.1972  0.2215  0.0021  -15.4708   0.0000  -0.0333
 -14.000  -0.6992   0.00898   0.00486  -0.1981  0.2210  0.0022  -14.4333   0.0000  -0.0566
 -13.500  -0.6411   0.00866   0.00446  -0.1989  0.1902  0.0023  -13.5125   0.0000  -0.0838
 -13.000  -0.5821   0.00832   0.00409  -0.1998  0.1807  0.0025  -12.6155   0.0000  -0.1173
 -12.000  -0.4637   0.00773   0.00342  -0.2016  0.1421  0.0029  -10.8987   0.0000  -0.2107
 -11.500  -0.4038   0.00743   0.00311  -0.2026  0.1434  0.0032  -10.0754   0.0000  -0.2792
 -11.000  -0.3440   0.00719   0.00283  -0.2034  0.1397  0.0035  -9.2797   0.0000  -0.3714
 -10.500  -0.2841   0.00697   0.00259  -0.2043  0.1350  0.0038  -8.5092   0.0000  -0.5029
 -10.000  -0.2242   0.00678   0.00239  -0.2051  0.1302  0.0040  -7.7662   0.0000  -0.7047
  -9.500  -0.1644   0.00663   0.00222  -0.2059  0.1251  0.0040  -7.0541   0.0000  -1.0532
  -9.000  -0.1045   0.00650   0.00207  -0.2067  0.1236  0.0041  -6.3721   0.0000  -1.8009
  -8.500  -0.0447   0.00638   0.00194  -0.2074  0.1234  0.0041  -5.7179   0.0000  -4.5541
  -8.000   0.0152   0.00628   0.00182  -0.2081  0.1230  0.0042  -5.0936   0.0000  14.4070
  -7.500   0.0750   0.00619   0.00172  -0.2089  0.1228  0.0042  -4.4989   0.0000   3.1175
  -7.000   0.1343   0.00616   0.00164  -0.2094  0.1028  0.0043  -4.0415   0.0000   1.8526
  -6.500   0.1938   0.00611   0.00156  -0.2101  0.1000  0.0043  -3.6498   0.0000   1.3612
  -6.000   0.2533   0.00607   0.00151  -0.2107  0.0973  0.0043  -3.2734   0.0000   1.1010
  -5.500   0.3127   0.00605   0.00146  -0.2113  0.0947  0.0044  -2.9122   0.0000   0.9398
  -5.000   0.3721   0.00603   0.00143  -0.2119  0.0913  0.0044  -2.5665   0.0000   0.8302
  -4.500   0.4314   0.00602   0.00141  -0.2125  0.0847  0.0044  -2.2363   0.0000   0.7508
  -4.000   0.4906   0.00602   0.00140  -0.2131  0.0842  0.0045  -1.9215   0.0000   0.6906
  -3.500   0.5497   0.00603   0.00140  -0.2136  0.0841  0.0045  -1.6228   0.0000   0.6433
  -3.000   0.6087   0.00605   0.00141  -0.2141  0.0840  0.0046  -1.3400   0.0000   0.6053
  -2.500   0.6675   0.00608   0.00143  -0.2146  0.0838  0.0046  -1.0726   0.0000   0.5739
  -2.000   0.7244   0.00626   0.00152  -0.2147  0.0462  0.0047  -0.9633   0.0000   0.5478
  -1.500   0.7826   0.00633   0.00157  -0.2151  0.0433  0.0053  -1.0139   0.0000   0.5254
  -1.000   0.8407   0.00641   0.00163  -0.2155  0.0411  0.0062  -1.0663   0.0000   0.5060
  -0.500   0.8987   0.00649   0.00170  -0.2159  0.0389  0.0069  -1.1190   0.0000   0.4891
   0.000   0.9564   0.00658   0.00178  -0.2162  0.0382  0.0074  -1.1719   0.0000   0.4742
   0.500   1.0140   0.00668   0.00187  -0.2165  0.0381  0.0092  -1.2271   0.0000   0.4610
   1.000   1.0716   0.00678   0.00196  -0.2169  0.0384  0.0169  -1.2925   0.0000   0.4491
   1.500   1.1287   0.00690   0.00207  -0.2171  0.0382  0.0171  -1.3683   0.0000   0.4384
   2.000   1.1836   0.00719   0.00229  -0.2169  0.0203  0.0199  -1.4427   0.0000   0.4286
   2.500   1.2385   0.00748   0.00255  -0.2167  0.0014  0.0370  -1.5339   0.0000   0.4196
   3.000   1.2943   0.00767   0.00272  -0.2168  0.0013  0.0379  -1.6502   0.0000   0.4113
   3.500   1.3497   0.00788   0.00291  -0.2167  0.0013  0.0384  -1.7684   0.0000   0.4037
   4.000   1.4047   0.00810   0.00311  -0.2166  0.0013  0.0407  -1.9161   0.0000   0.3966
   4.500   1.4594   0.00833   0.00333  -0.2165  0.0013  0.0463  -2.0953   0.0000   0.3900
   5.000   1.5138   0.00857   0.00357  -0.2164  0.0013  0.0663  -2.2790   0.0000   0.3838
   5.500   1.5676   0.00884   0.00382  -0.2161  0.0013  0.0713  -2.4666   0.0000   0.3779
   6.000   1.6212   0.00911   0.00410  -0.2158  0.0012  0.1036  -2.6587   0.0000   0.3724
   6.500   1.6739   0.00941   0.00438  -0.2154  0.0012  0.1141  -2.8541   0.0000   0.3671
   8.000   1.8284   0.01041   0.00536  -0.2136  0.0012  0.1457  -3.4613   0.0000   0.3526
   8.500   1.8783   0.01079   0.00573  -0.2127  0.0012  0.1504  -3.6694   0.0000   0.3481
   9.000   1.9279   0.01118   0.00615  -0.2118  0.0012  0.2047  -3.9503   0.0000   0.3438
   9.500   1.9764   0.01159   0.00659  -0.2108  0.0012  0.2491  -4.3467   0.0000   0.3396
  10.000   2.0231   0.01206   0.00705  -0.2094  0.0012  0.2694  -4.9309   0.0000   0.3355
  10.500   2.0689   0.01254   0.00756  -0.2079  0.0011  0.3196  -5.5410   0.0000   0.3315
  11.000   2.1117   0.01308   0.00810  -0.2058  0.0011  0.3295  -6.1632   0.0000   0.3274
  11.500   2.1429   0.01367   0.00871  -0.2014  0.0011  0.3366  -6.7392   0.0000   0.3229
  12.000   2.1716   0.01437   0.00941  -0.1966  0.0010  0.3375  -7.3213   0.0000   0.3185
  13.000   2.2282   0.01616   0.01125  -0.1876  0.0009  0.3778  -8.5430   0.0000   0.3100
  13.500   2.2248   0.01893   0.01420  -0.1784  0.0011  0.4342  -8.9066   0.0000   0.3050
  14.000   2.2483   0.02045   0.01578  -0.1741  0.0019  0.4511  -9.5195   0.0000   0.3011
  14.500   2.2641   0.02245   0.01782  -0.1691  0.0020  0.4619  -10.1078   0.0000   0.2972
  15.000   2.2829   0.02457   0.02001  -0.1650  0.0025  0.4958  -10.7277   0.0000   0.2937
  15.500   2.2975   0.02719   0.02269  -0.1608  0.0029  0.5205  -11.3200   0.0000   0.2902
  16.000   2.3100   0.03020   0.02576  -0.1570  0.0034  0.5379  -11.9063   0.0000   0.2869
  16.500   2.3208   0.03359   0.02922  -0.1534  0.0037  0.5643  -12.4912   0.0000   0.2838
  17.000   2.3288   0.03742   0.03313  -0.1501  0.0040  0.5945  -13.0634   0.0000   0.2808
  17.500   2.3332   0.04165   0.03744  -0.1470  0.0045  0.6265  -13.6130   0.0000   0.2780
  18.000   2.3350   0.04654   0.04241  -0.1443  0.0046  0.6389  -14.1495   0.0000   0.2754
  18.500   2.3361   0.05189   0.04784  -0.1421  0.0046  0.6601  -14.6892   0.0000   0.2730
  19.000   2.3436   0.05663   0.05267  -0.1404  0.0047  0.6918  -15.3011   0.0000   0.2707
  19.500   2.3386   0.06314   0.05927  -0.1390  0.0047  0.7221  -15.7977   0.0000   0.2687
  20.000   2.3297   0.07037   0.06662  -0.1382  0.0047  0.7581  -16.2585   0.0000   0.2671
  20.500   2.3172   0.07823   0.07460  -0.1379  0.0047  0.7926  -16.6856   0.0000   0.2657
  21.000   2.2992   0.08664   0.08313  -0.1380  0.0047  0.8175  -17.0547   0.0000   0.2646


