XFLR5 v6.02 Beta

 Calculated polar for: WORTMANN FX 63-137

 1 1 Reynolds number fixed          Mach number fixed         

 xtrf =   1.000 (top)        1.000 (bottom)
 Mach =   0.000     Re =    74.000 e 6     Ncrit =   9.000

  alpha     CL        CD       CDp       CM    Top Xtr Bot Xtr   Cpmin    Chinge    XCp    
 ------- -------- --------- --------- -------- ------- ------- -------- --------- ---------
 -22.500  -0.8586   0.11214   0.10946  -0.1090  0.3521  0.0014  -20.1223   0.0000   0.0789
 -22.000  -1.2982   0.04424   0.04096  -0.1605  0.4014  0.0014  -28.8839   0.0000   0.0909
 -21.500  -1.3177   0.03623   0.03286  -0.1669  0.4013  0.0014  -28.8517   0.0000   0.0898
 -21.000  -1.3269   0.02998   0.02653  -0.1717  0.4013  0.0014  -28.5987   0.0000   0.0887
 -20.500  -1.3180   0.02587   0.02237  -0.1745  0.4012  0.0014  -28.0152   0.0000   0.0871
 -20.000  -1.3035   0.02229   0.01875  -0.1768  0.4012  0.0014  -27.3379   0.0000   0.0851
 -19.500  -1.2912   0.01923   0.01564  -0.1776  0.4011  0.0014  -26.6729   0.0000   0.0846
 -19.000  -1.2532   0.01664   0.01301  -0.1818  0.4009  0.0014  -25.6811   0.0000   0.0780
 -18.500  -1.2003   0.01448   0.01076  -0.1881  0.3700  0.0014  -24.5182   0.0000   0.0671
 -18.000  -1.1501   0.01356   0.00972  -0.1896  0.3040  0.0015  -23.3617   0.0000   0.0597
 -17.500  -1.0968   0.01275   0.00886  -0.1909  0.2955  0.0016  -22.1859   0.0000   0.0510
 -17.000  -1.0421   0.01204   0.00812  -0.1921  0.2883  0.0016  -21.0173   0.0000   0.0413
 -16.500  -0.9864   0.01140   0.00745  -0.1932  0.2808  0.0017  -19.8630   0.0000   0.0302
 -16.000  -0.9299   0.01082   0.00684  -0.1943  0.2784  0.0018  -18.7273   0.0000   0.0174
 -15.500  -0.8727   0.01029   0.00629  -0.1953  0.2782  0.0019  -17.6132   0.0000   0.0028
 -15.000  -0.8161   0.00987   0.00578  -0.1961  0.2345  0.0020  -16.5355   0.0000  -0.0135
 -14.500  -0.7580   0.00942   0.00531  -0.1971  0.2216  0.0022  -15.4719   0.0000  -0.0331
 -14.000  -0.6995   0.00901   0.00488  -0.1981  0.2210  0.0023  -14.4347   0.0000  -0.0564
 -13.500  -0.6413   0.00868   0.00448  -0.1989  0.1913  0.0024  -13.5138   0.0000  -0.0836
 -13.000  -0.5823   0.00834   0.00411  -0.1998  0.1828  0.0025  -12.6170   0.0000  -0.1170
 -12.000  -0.4639   0.00775   0.00343  -0.2015  0.1430  0.0029  -10.9000   0.0000  -0.2103
 -11.500  -0.4040   0.00745   0.00311  -0.2025  0.1442  0.0033  -10.0765   0.0000  -0.2788
 -11.000  -0.3443   0.00720   0.00284  -0.2034  0.1405  0.0036  -9.2805   0.0000  -0.3708
 -10.500  -0.2844   0.00699   0.00260  -0.2043  0.1358  0.0038  -8.5097   0.0000  -0.5020
 -10.000  -0.2245   0.00681   0.00240  -0.2051  0.1309  0.0040  -7.7670   0.0000  -0.7031
  -9.500  -0.1647   0.00666   0.00223  -0.2058  0.1258  0.0040  -7.0550   0.0000  -1.0504
  -9.000  -0.1048   0.00652   0.00208  -0.2066  0.1237  0.0041  -6.3730   0.0000  -1.7944
  -8.500  -0.0450   0.00641   0.00195  -0.2073  0.1234  0.0041  -5.7189   0.0000  -4.5207
  -8.000   0.0149   0.00630   0.00183  -0.2081  0.1231  0.0042  -5.0945   0.0000  14.6832
  -7.500   0.0747   0.00621   0.00173  -0.2088  0.1228  0.0042  -4.4999   0.0000   3.1280
  -7.000   0.1340   0.00618   0.00164  -0.2094  0.1032  0.0043  -4.0419   0.0000   1.8554
  -6.500   0.1935   0.00613   0.00157  -0.2100  0.1005  0.0043  -3.6503   0.0000   1.3625
  -6.000   0.2530   0.00609   0.00151  -0.2106  0.0976  0.0043  -3.2739   0.0000   1.1017
  -5.500   0.3124   0.00606   0.00147  -0.2113  0.0951  0.0044  -2.9127   0.0000   0.9402
  -5.000   0.3718   0.00605   0.00144  -0.2119  0.0919  0.0044  -2.5670   0.0000   0.8304
  -4.500   0.4311   0.00604   0.00141  -0.2124  0.0852  0.0044  -2.2368   0.0000   0.7509
  -4.000   0.4903   0.00604   0.00140  -0.2130  0.0842  0.0045  -1.9221   0.0000   0.6907
  -3.500   0.5494   0.00605   0.00140  -0.2136  0.0841  0.0045  -1.6234   0.0000   0.6434
  -3.000   0.6084   0.00607   0.00141  -0.2141  0.0840  0.0046  -1.3405   0.0000   0.6053
  -2.500   0.6672   0.00610   0.00143  -0.2146  0.0838  0.0046  -1.0731   0.0000   0.5740
  -2.000   0.7241   0.00628   0.00152  -0.2147  0.0466  0.0047  -0.9631   0.0000   0.5479
  -1.500   0.7823   0.00635   0.00157  -0.2151  0.0437  0.0054  -1.0137   0.0000   0.5254
  -1.000   0.8404   0.00643   0.00164  -0.2155  0.0414  0.0063  -1.0661   0.0000   0.5060
  -0.500   0.8984   0.00651   0.00171  -0.2158  0.0392  0.0070  -1.1188   0.0000   0.4891
   0.000   0.9561   0.00660   0.00179  -0.2162  0.0382  0.0075  -1.1717   0.0000   0.4742
   0.500   1.0136   0.00671   0.00188  -0.2165  0.0381  0.0093  -1.2268   0.0000   0.4610
   1.000   1.0712   0.00680   0.00197  -0.2168  0.0386  0.0169  -1.2922   0.0000   0.4491
   1.500   1.1283   0.00692   0.00208  -0.2170  0.0382  0.0171  -1.3680   0.0000   0.4384
   2.000   1.1833   0.00721   0.00229  -0.2169  0.0219  0.0200  -1.4425   0.0000   0.4286
   2.500   1.2381   0.00750   0.00255  -0.2167  0.0014  0.0370  -1.5334   0.0000   0.4196
   3.000   1.2939   0.00770   0.00273  -0.2167  0.0013  0.0379  -1.6497   0.0000   0.4113
   3.500   1.3493   0.00790   0.00292  -0.2166  0.0013  0.0385  -1.7679   0.0000   0.4037
   4.000   1.4043   0.00812   0.00312  -0.2166  0.0013  0.0409  -1.9154   0.0000   0.3966
   4.500   1.4589   0.00836   0.00334  -0.2164  0.0013  0.0465  -2.0945   0.0000   0.3900
   5.500   1.5671   0.00887   0.00383  -0.2160  0.0013  0.0716  -2.4657   0.0000   0.3779
   6.000   1.6207   0.00914   0.00411  -0.2157  0.0012  0.1036  -2.6577   0.0000   0.3723
   6.500   1.6733   0.00944   0.00440  -0.2153  0.0012  0.1148  -2.8530   0.0000   0.3670
   7.000   1.7259   0.00974   0.00471  -0.2149  0.0012  0.1455  -3.0526   0.0000   0.3620
   7.500   1.7772   0.01008   0.00504  -0.2142  0.0012  0.1460  -3.2548   0.0000   0.3572
   8.000   1.8278   0.01045   0.00539  -0.2135  0.0012  0.1457  -3.4600   0.0000   0.3525
   8.500   1.8776   0.01083   0.00576  -0.2126  0.0012  0.1519  -3.6680   0.0000   0.3481
   9.000   1.9272   0.01122   0.00617  -0.2117  0.0012  0.2066  -3.9483   0.0000   0.3438
   9.500   1.9757   0.01163   0.00661  -0.2107  0.0012  0.2491  -4.3424   0.0000   0.3396
  10.000   2.0224   0.01209   0.00708  -0.2093  0.0012  0.2742  -4.9267   0.0000   0.3354
  11.000   2.1107   0.01312   0.00814  -0.2057  0.0011  0.3327  -6.1569   0.0000   0.3274
  11.500   2.1412   0.01372   0.00875  -0.2011  0.0011  0.3400  -6.7280   0.0000   0.3229
  12.000   2.1698   0.01443   0.00947  -0.1962  0.0010  0.3416  -7.3091   0.0000   0.3184
  13.000   2.2266   0.01623   0.01131  -0.1873  0.0009  0.3847  -8.5313   0.0000   0.3100
  14.000   2.2461   0.02058   0.01591  -0.1738  0.0018  0.4555  -9.4958   0.0000   0.3011
  15.000   2.2810   0.02471   0.02014  -0.1648  0.0024  0.4980  -10.7118   0.0000   0.2936
  15.500   2.2961   0.02732   0.02282  -0.1607  0.0028  0.5278  -11.3082   0.0000   0.2902
  16.000   2.3085   0.03033   0.02589  -0.1568  0.0032  0.5462  -11.8943   0.0000   0.2869
  16.500   2.3190   0.03374   0.02936  -0.1533  0.0037  0.5657  -12.4762   0.0000   0.2838
  17.000   2.3270   0.03760   0.03330  -0.1500  0.0040  0.5974  -13.0474   0.0000   0.2808
  17.500   2.3310   0.04187   0.03766  -0.1469  0.0044  0.6282  -13.5932   0.0000   0.2780
  18.000   2.3330   0.04677   0.04264  -0.1442  0.0046  0.6463  -14.1305   0.0000   0.2754
  18.500   2.3336   0.05219   0.04814  -0.1420  0.0046  0.6708  -14.6655   0.0000   0.2731
  19.500   2.3369   0.06342   0.05956  -0.1391  0.0047  0.7385  -15.7799   0.0000   0.2688
  20.000   2.3282   0.07068   0.06694  -0.1383  0.0047  0.7737  -16.2427   0.0000   0.2671
  20.500   2.3154   0.07853   0.07490  -0.1380  0.0047  0.8022  -16.6659   0.0000   0.2658


