XFLR5 v6.02 Beta

 Calculated polar for: WORTMANN FX 63-137

 1 1 Reynolds number fixed          Mach number fixed         

 xtrf =   1.000 (top)        1.000 (bottom)
 Mach =   0.000     Re =    58.000 e 6     Ncrit =   9.000

  alpha     CL        CD       CDp       CM    Top Xtr Bot Xtr   Cpmin    Chinge    XCp    
 ------- -------- --------- --------- -------- ------- ------- -------- --------- ---------
 -22.500  -1.1790   0.06552   0.06244  -0.1430  0.4323  0.0014  -26.9073   0.0000   0.0900
 -21.500  -1.2745   0.04134   0.03799  -0.1621  0.4316  0.0014  -28.0453   0.0000   0.0886
 -21.000  -1.2903   0.03399   0.03055  -0.1679  0.4247  0.0014  -27.9363   0.0000   0.0874
 -20.500  -1.2878   0.02915   0.02564  -0.1714  0.4211  0.0015  -27.4793   0.0000   0.0860
 -20.000  -1.2779   0.02509   0.02152  -0.1741  0.4169  0.0015  -26.8919   0.0000   0.0841
 -19.500  -1.2643   0.02141   0.01779  -0.1765  0.4123  0.0015  -26.2403   0.0000   0.0821
 -19.000  -1.2457   0.01851   0.01484  -0.1781  0.4071  0.0016  -25.5058   0.0000   0.0800
 -18.500  -1.2019   0.01609   0.01237  -0.1830  0.4022  0.0016  -24.4602   0.0000   0.0716
 -18.000  -1.1488   0.01435   0.01049  -0.1880  0.3468  0.0017  -23.3067   0.0000   0.0609
 -17.000  -1.0428   0.01262   0.00866  -0.1909  0.3123  0.0019  -20.9970   0.0000   0.0426
 -16.500  -0.9877   0.01192   0.00790  -0.1921  0.3027  0.0020  -19.8540   0.0000   0.0316
 -16.000  -0.9318   0.01129   0.00723  -0.1932  0.2957  0.0021  -18.7271   0.0000   0.0191
 -15.500  -0.8749   0.01071   0.00662  -0.1943  0.2913  0.0022  -17.6186   0.0000   0.0046
 -15.000  -0.8174   0.01018   0.00605  -0.1954  0.2784  0.0023  -16.5329   0.0000  -0.0121
 -14.500  -0.7606   0.00976   0.00554  -0.1962  0.2311  0.0025  -15.4841   0.0000  -0.0310
 -14.000  -0.7021   0.00931   0.00506  -0.1972  0.2222  0.0026  -14.4487   0.0000  -0.0540
 -13.500  -0.6434   0.00891   0.00464  -0.1982  0.2209  0.0027  -13.5241   0.0000  -0.0814
 -12.500  -0.5258   0.00824   0.00387  -0.1999  0.1697  0.0031  -11.7596   0.0000  -0.1549
 -11.500  -0.4063   0.00762   0.00319  -0.2019  0.1691  0.0037  -10.0807   0.0000  -0.2743
 -11.000  -0.3466   0.00738   0.00294  -0.2028  0.1690  0.0039  -9.2809   0.0000  -0.3649
 -10.500  -0.2873   0.00722   0.00272  -0.2035  0.1439  0.0040  -8.5148   0.0000  -0.4918
 -10.000  -0.2276   0.00705   0.00252  -0.2043  0.1386  0.0040  -7.7750   0.0000  -0.6866
  -9.500  -0.1678   0.00690   0.00234  -0.2050  0.1333  0.0041  -7.0641   0.0000  -1.0211
  -9.000  -0.1080   0.00676   0.00218  -0.2058  0.1241  0.0041  -6.3828   0.0000  -1.7267
  -8.500  -0.0482   0.00664   0.00204  -0.2066  0.1238  0.0041  -5.7289   0.0000  -4.1881
  -8.000   0.0117   0.00653   0.00191  -0.2073  0.1235  0.0042  -5.1046   0.0000  18.5470
  -7.500   0.0715   0.00643   0.00181  -0.2080  0.1232  0.0042  -4.5100   0.0000   3.2451
  -6.500   0.1910   0.00629   0.00163  -0.2094  0.1227  0.0043  -3.6528   0.0000   1.3739
  -6.000   0.2500   0.00629   0.00158  -0.2099  0.1019  0.0043  -3.2786   0.0000   1.1090
  -5.500   0.3094   0.00626   0.00153  -0.2105  0.0990  0.0044  -2.9180   0.0000   0.9448
  -5.000   0.3687   0.00625   0.00149  -0.2111  0.0963  0.0044  -2.5725   0.0000   0.8334
  -4.500   0.4279   0.00624   0.00147  -0.2117  0.0923  0.0045  -2.2423   0.0000   0.7530
  -4.000   0.4871   0.00624   0.00146  -0.2123  0.0844  0.0045  -1.9280   0.0000   0.6921
  -3.500   0.5461   0.00625   0.00146  -0.2128  0.0843  0.0045  -1.6294   0.0000   0.6444
  -3.000   0.6051   0.00627   0.00147  -0.2133  0.0841  0.0046  -1.3466   0.0000   0.6060
  -2.500   0.6638   0.00630   0.00149  -0.2138  0.0839  0.0046  -1.0790   0.0000   0.5745
  -2.000   0.7211   0.00646   0.00156  -0.2140  0.0607  0.0051  -0.9613   0.0000   0.5482
  -1.500   0.7791   0.00655   0.00163  -0.2144  0.0482  0.0060  -1.0116   0.0000   0.5256
  -1.000   0.8371   0.00664   0.00169  -0.2147  0.0455  0.0070  -1.0638   0.0000   0.5062
  -0.500   0.8949   0.00673   0.00177  -0.2151  0.0430  0.0077  -1.1164   0.0000   0.4892
   0.000   0.9526   0.00682   0.00185  -0.2154  0.0408  0.0083  -1.1692   0.0000   0.4743
   0.500   1.0102   0.00692   0.00195  -0.2157  0.0386  0.0154  -1.2241   0.0000   0.4610
   1.000   1.0676   0.00703   0.00205  -0.2160  0.0416  0.0170  -1.2890   0.0000   0.4491
   1.500   1.1246   0.00715   0.00216  -0.2163  0.0406  0.0171  -1.3647   0.0000   0.4383
   2.000   1.1812   0.00730   0.00229  -0.2164  0.0377  0.0214  -1.4409   0.0000   0.4285
   2.500   1.2341   0.00776   0.00265  -0.2158  0.0017  0.0372  -1.5292   0.0000   0.4194
   3.500   1.3450   0.00817   0.00303  -0.2158  0.0013  0.0397  -1.7624   0.0000   0.4035
   4.000   1.3998   0.00840   0.00324  -0.2156  0.0013  0.0428  -1.9077   0.0000   0.3964
   4.500   1.4543   0.00864   0.00347  -0.2155  0.0013  0.0488  -2.0863   0.0000   0.3898
   5.500   1.5621   0.00917   0.00398  -0.2150  0.0013  0.0752  -2.4562   0.0000   0.3777
   6.000   1.6154   0.00945   0.00428  -0.2147  0.0012  0.1109  -2.6475   0.0000   0.3721
   6.500   1.6680   0.00976   0.00458  -0.2142  0.0012  0.1231  -2.8423   0.0000   0.3668
   7.000   1.7200   0.01009   0.00491  -0.2137  0.0012  0.1461  -3.0407   0.0000   0.3618
   7.500   1.7710   0.01044   0.00525  -0.2130  0.0012  0.1523  -3.2419   0.0000   0.3569
   8.000   1.8212   0.01082   0.00561  -0.2122  0.0012  0.1487  -3.4459   0.0000   0.3523
   8.500   1.8712   0.01120   0.00602  -0.2113  0.0012  0.1945  -3.6536   0.0000   0.3478
   9.500   1.9673   0.01207   0.00691  -0.2090  0.0012  0.2511  -4.2952   0.0000   0.3392
  10.000   2.0145   0.01252   0.00742  -0.2078  0.0011  0.3327  -4.8783   0.0000   0.3351
  10.500   2.0591   0.01304   0.00796  -0.2061  0.0011  0.3692  -5.4779   0.0000   0.3311
  11.000   2.0990   0.01362   0.00855  -0.2034  0.0011  0.3707  -6.0804   0.0000   0.3269
  11.500   2.1242   0.01429   0.00922  -0.1978  0.0011  0.3777  -6.6143   0.0000   0.3221
  12.000   2.1535   0.01506   0.01001  -0.1933  0.0010  0.3794  -7.1959   0.0000   0.3177
  12.500   2.1834   0.01595   0.01091  -0.1891  0.0010  0.3922  -7.8023   0.0000   0.3135
  13.000   2.2120   0.01698   0.01202  -0.1850  0.0010  0.4620  -8.4207   0.0000   0.3095
  13.500   2.2380   0.01822   0.01330  -0.1807  0.0009  0.4916  -9.0412   0.0000   0.3055
  14.500   2.2840   0.02131   0.01647  -0.1721  0.0008  0.5308  -10.2938   0.0000   0.2979
  15.000   2.2616   0.02620   0.02157  -0.1626  0.0014  0.5516  -10.5159   0.0000   0.2933
  15.500   2.2736   0.02916   0.02462  -0.1585  0.0019  0.5756  -11.0987   0.0000   0.2899
  16.000   2.2926   0.03184   0.02736  -0.1556  0.0023  0.6190  -11.7591   0.0000   0.2868
  16.500   2.3000   0.03561   0.03121  -0.1520  0.0027  0.6390  -12.3128   0.0000   0.2837
  17.000   2.3091   0.03932   0.03499  -0.1489  0.0030  0.6623  -12.8915   0.0000   0.2808
  17.500   2.3120   0.04398   0.03974  -0.1460  0.0036  0.6909  -13.4224   0.0000   0.2781
  18.000   2.3134   0.04919   0.04504  -0.1435  0.0039  0.7199  -13.9497   0.0000   0.2757
  18.500   2.3127   0.05501   0.05097  -0.1417  0.0042  0.7633  -14.4654   0.0000   0.2734
  19.000   2.3096   0.06144   0.05753  -0.1404  0.0043  0.8057  -14.9651   0.0000   0.2715
  19.500   2.3045   0.06844   0.06466  -0.1397  0.0045  0.8558  -15.4509   0.0000   0.2698


