XFLR5 v6.02 Beta

 Calculated polar for: WORTMANN FX 63-137

 1 1 Reynolds number fixed          Mach number fixed         

 xtrf =   1.000 (top)        1.000 (bottom)
 Mach =   0.000     Re =     6.250 e 6     Ncrit =   9.000

  alpha     CL        CD       CDp       CM    Top Xtr Bot Xtr   Cpmin    Chinge    XCp    
 ------- -------- --------- --------- -------- ------- ------- -------- --------- ---------
 -16.500  -0.8029   0.04072   0.03810  -0.1533  0.8375  0.0040  -16.0805   0.0000   0.0308
 -16.000  -0.8187   0.03176   0.02882  -0.1619  0.7953  0.0040  -16.1044   0.0000   0.0259
 -15.500  -0.8140   0.02616   0.02302  -0.1670  0.7722  0.0040  -15.7687   0.0000   0.0200
 -15.000  -0.8000   0.02208   0.01872  -0.1705  0.7378  0.0041  -15.2858   0.0000   0.0134
 -14.500  -0.7591   0.01873   0.01520  -0.1770  0.7185  0.0041  -14.5244   0.0000  -0.0062
 -14.000  -0.7051   0.01633   0.01260  -0.1835  0.6958  0.0042  -13.6306   0.0000  -0.0331
 -13.500  -0.6523   0.01495   0.01106  -0.1861  0.6761  0.0042  -12.7364   0.0000  -0.0582
 -13.000  -0.5999   0.01401   0.00991  -0.1875  0.6263  0.0043  -11.8557   0.0000  -0.0858
 -12.500  -0.5452   0.01322   0.00899  -0.1889  0.5939  0.0044  -10.9727   0.0000  -0.1201
  -4.500   0.3917   0.00852   0.00233  -0.2035  0.1915  0.0052  -1.9722   0.0000   0.7783
  -4.000   0.4515   0.00845   0.00214  -0.2042  0.1817  0.0048  -1.7535   0.0000   0.7090
  -3.500   0.5119   0.00836   0.00199  -0.2050  0.1718  0.0047  -1.6019   0.0000   0.6556
  -2.500   0.6287   0.00846   0.00205  -0.2061  0.1454  0.0153  -1.1239   0.0000   0.5802
  -2.000   0.6860   0.00860   0.00209  -0.2063  0.1275  0.0153  -0.9394   0.0000   0.5522
  -1.500   0.7441   0.00867   0.00214  -0.2067  0.1238  0.0158  -0.9878   0.0000   0.5284
  -1.000   0.8020   0.00874   0.00220  -0.2071  0.1228  0.0162  -1.0397   0.0000   0.5079
  -0.500   0.8580   0.00897   0.00236  -0.2072  0.1028  0.0164  -1.0905   0.0000   0.4903
   0.000   0.9146   0.00914   0.00248  -0.2073  0.0982  0.0166  -1.1422   0.0000   0.4748
   0.500   0.9712   0.00929   0.00259  -0.2075  0.0934  0.0172  -1.1943   0.0000   0.4611
   1.000   1.0276   0.00945   0.00275  -0.2076  0.0884  0.0173  -1.2556   0.0000   0.4487
   1.500   1.0837   0.00961   0.00291  -0.2077  0.0844  0.0243  -1.3274   0.0000   0.4376
   2.000   1.1400   0.00976   0.00310  -0.2078  0.0840  0.0369  -1.4026   0.0000   0.4276
   2.500   1.1916   0.01028   0.00350  -0.2071  0.0517  0.0439  -1.4844   0.0000   0.4184
   3.000   1.2459   0.01056   0.00379  -0.2069  0.0460  0.0673  -1.5836   0.0000   0.4099
   3.500   1.2993   0.01088   0.00407  -0.2065  0.0396  0.0809  -1.7008   0.0000   0.4021
   4.000   1.3534   0.01113   0.00435  -0.2063  0.0386  0.1023  -1.8265   0.0000   0.3949
   4.500   1.4070   0.01140   0.00467  -0.2061  0.0370  0.1441  -2.0020   0.0000   0.3881
   5.000   1.4568   0.01196   0.00519  -0.2052  0.0227  0.1939  -2.1718   0.0000   0.3817
   5.500   1.5062   0.01261   0.00593  -0.2043  0.0045  0.3067  -2.3488   0.0000   0.3758
   6.000   1.5594   0.01297   0.00649  -0.2043  0.0027  0.4441  -2.5374   0.0000   0.3703
   6.500   1.6084   0.01343   0.00699  -0.2033  0.0019  0.4772  -2.7212   0.0000   0.3649
   7.000   1.6561   0.01393   0.00753  -0.2020  0.0014  0.5130  -2.9076   0.0000   0.3596
   7.500   1.7014   0.01449   0.00811  -0.2003  0.0013  0.5322  -3.0940   0.0000   0.3545
   8.000   1.7433   0.01511   0.00875  -0.1979  0.0013  0.5487  -3.2777   0.0000   0.3495
   8.500   1.7769   0.01579   0.00947  -0.1939  0.0013  0.5625  -3.4488   0.0000   0.3442
   9.000   1.8111   0.01657   0.01031  -0.1903  0.0012  0.5963  -3.6239   0.0000   0.3392
   9.500   1.8449   0.01746   0.01129  -0.1868  0.0012  0.6462  -3.8540   0.0000   0.3345
  10.000   1.8766   0.01850   0.01241  -0.1831  0.0012  0.6846  -4.0894   0.0000   0.3298
  10.500   1.9053   0.01973   0.01371  -0.1791  0.0012  0.7070  -4.5035   0.0000   0.3253
  11.000   1.9326   0.02118   0.01524  -0.1752  0.0011  0.7400  -4.9582   0.0000   0.3210
  11.500   1.9573   0.02293   0.01712  -0.1713  0.0011  0.7839  -5.3904   0.0000   0.3168
  12.000   1.9764   0.02527   0.01971  -0.1670  0.0012  0.8566  -5.6768   0.0000   0.3127
  13.500   2.0387   0.03241   0.02711  -0.1571  0.0010  1.0000  -7.3705   0.0000   0.3020
  14.000   2.0562   0.03539   0.03013  -0.1542  0.0010  1.0000  -7.9526   0.0000   0.2988
  14.500   2.0685   0.03901   0.03383  -0.1513  0.0009  1.0000  -8.4451   0.0000   0.2957
  15.000   2.0770   0.04307   0.03798  -0.1484  0.0009  1.0000  -8.9218   0.0000   0.2928
  15.500   2.0836   0.04767   0.04267  -0.1459  0.0009  1.0000  -9.3948   0.0000   0.2901
  16.000   2.0874   0.05287   0.04797  -0.1437  0.0009  1.0000  -9.8394   0.0000   0.2876
  16.500   2.0897   0.05849   0.05371  -0.1420  0.0009  1.0000  -10.2961   0.0000   0.2854
  17.000   2.0962   0.06365   0.05895  -0.1405  0.0008  1.0000  -10.8004   0.0000   0.2832
  17.500   2.0936   0.07018   0.06560  -0.1396  0.0008  1.0000  -11.2333   0.0000   0.2814
  18.000   2.0883   0.07723   0.07276  -0.1390  0.0008  1.0000  -11.6466   0.0000   0.2799
  18.500   2.0786   0.08474   0.08041  -0.1388  0.0008  1.0000  -12.0228   0.0000   0.2787
  19.000   2.0671   0.09293   0.08873  -0.1393  0.0008  1.0000  -12.3804   0.0000   0.2778
  19.500   2.0662   0.09952   0.09542  -0.1398  0.0007  1.0000  -12.8579   0.0000   0.2766
  20.000   2.0522   0.10835   0.10438  -0.1413  0.0007  1.0000  -13.1921   0.0000   0.2763


