XFLR5 v6.02 Beta

 Calculated polar for: WORTMANN FX 63-137

 1 1 Reynolds number fixed          Mach number fixed         

 xtrf =   1.000 (top)        1.000 (bottom)
 Mach =   0.000     Re =    57.500 e 6     Ncrit =   9.000

  alpha     CL        CD       CDp       CM    Top Xtr Bot Xtr   Cpmin    Chinge    XCp    
 ------- -------- --------- --------- -------- ------- ------- -------- --------- ---------
 -22.500  -1.1827   0.06504   0.06198  -0.1434  0.4357  0.0014  -26.9787   0.0000   0.0901
 -21.500  -1.2733   0.04148   0.03814  -0.1620  0.4333  0.0014  -28.0221   0.0000   0.0885
 -21.000  -1.2808   0.03515   0.03171  -0.1668  0.4253  0.0014  -27.7649   0.0000   0.0872
 -20.500  -1.2869   0.02925   0.02573  -0.1713  0.4223  0.0015  -27.4628   0.0000   0.0859
 -20.000  -1.2770   0.02519   0.02162  -0.1740  0.4182  0.0015  -26.8756   0.0000   0.0841
 -19.500  -1.2636   0.02148   0.01785  -0.1764  0.4135  0.0015  -26.2284   0.0000   0.0821
 -19.000  -1.2454   0.01857   0.01490  -0.1780  0.4084  0.0016  -25.4990   0.0000   0.0800
 -18.500  -1.2019   0.01615   0.01244  -0.1828  0.4025  0.0017  -24.4570   0.0000   0.0717
 -18.000  -1.1488   0.01438   0.01052  -0.1879  0.3489  0.0017  -23.3048   0.0000   0.0609
 -16.500  -0.9878   0.01193   0.00792  -0.1920  0.3035  0.0020  -19.8534   0.0000   0.0317
 -16.000  -0.9318   0.01130   0.00724  -0.1932  0.2965  0.0021  -18.7270   0.0000   0.0192
 -15.500  -0.8750   0.01072   0.00663  -0.1943  0.2920  0.0022  -17.6187   0.0000   0.0047
 -15.000  -0.8175   0.01019   0.00606  -0.1953  0.2785  0.0024  -16.5333   0.0000  -0.0120
 -14.500  -0.7607   0.00977   0.00555  -0.1961  0.2317  0.0025  -15.4845   0.0000  -0.0309
 -14.000  -0.7022   0.00932   0.00507  -0.1972  0.2224  0.0026  -14.4492   0.0000  -0.0539
 -13.500  -0.6435   0.00892   0.00465  -0.1981  0.2209  0.0028  -13.5247   0.0000  -0.0813
 -13.000  -0.5843   0.00854   0.00424  -0.1991  0.2207  0.0029  -12.6260   0.0000  -0.1147
 -12.500  -0.5259   0.00825   0.00387  -0.1999  0.1698  0.0031  -11.7601   0.0000  -0.1548
 -11.000  -0.3467   0.00739   0.00294  -0.2027  0.1690  0.0039  -9.2811   0.0000  -0.3647
 -10.500  -0.2874   0.00723   0.00272  -0.2035  0.1443  0.0040  -8.5150   0.0000  -0.4914
 -10.000  -0.2277   0.00706   0.00252  -0.2042  0.1389  0.0040  -7.7753   0.0000  -0.6860
  -9.500  -0.1680   0.00691   0.00234  -0.2050  0.1336  0.0041  -7.0644   0.0000  -1.0200
  -9.000  -0.1081   0.00677   0.00218  -0.2058  0.1241  0.0041  -6.3832   0.0000  -1.7243
  -8.500  -0.0483   0.00665   0.00204  -0.2065  0.1238  0.0041  -5.7293   0.0000  -4.1768
  -8.000   0.0116   0.00654   0.00192  -0.2073  0.1235  0.0042  -5.1050   0.0000  18.7284
  -7.500   0.0714   0.00644   0.00181  -0.2080  0.1232  0.0042  -4.5103   0.0000   3.2496
  -6.500   0.1909   0.00630   0.00163  -0.2094  0.1227  0.0043  -3.6529   0.0000   1.3744
  -6.000   0.2499   0.00629   0.00158  -0.2099  0.1021  0.0043  -3.2787   0.0000   1.1093
  -5.500   0.3093   0.00627   0.00153  -0.2105  0.0991  0.0044  -2.9181   0.0000   0.9449
  -5.000   0.3686   0.00625   0.00149  -0.2111  0.0964  0.0044  -2.5727   0.0000   0.8335
  -4.500   0.4278   0.00625   0.00147  -0.2117  0.0925  0.0045  -2.2425   0.0000   0.7530
  -4.000   0.4870   0.00625   0.00146  -0.2122  0.0845  0.0045  -1.9283   0.0000   0.6921
  -3.500   0.5460   0.00626   0.00146  -0.2128  0.0843  0.0045  -1.6297   0.0000   0.6445
  -3.000   0.6050   0.00628   0.00147  -0.2133  0.0841  0.0046  -1.3468   0.0000   0.6061
  -2.500   0.6637   0.00631   0.00149  -0.2138  0.0839  0.0046  -1.0792   0.0000   0.5745
  -2.000   0.7212   0.00645   0.00156  -0.2140  0.0631  0.0051  -0.9614   0.0000   0.5482
  -1.500   0.7790   0.00656   0.00163  -0.2144  0.0484  0.0060  -1.0115   0.0000   0.5256
  -1.000   0.8370   0.00664   0.00170  -0.2147  0.0456  0.0070  -1.0637   0.0000   0.5062
  -0.500   0.8948   0.00674   0.00177  -0.2151  0.0432  0.0078  -1.1163   0.0000   0.4892
   0.000   0.9525   0.00683   0.00186  -0.2154  0.0409  0.0084  -1.1691   0.0000   0.4743
   0.500   1.0101   0.00693   0.00195  -0.2157  0.0387  0.0154  -1.2240   0.0000   0.4610
   1.000   1.0674   0.00704   0.00205  -0.2160  0.0417  0.0170  -1.2889   0.0000   0.4491
   1.500   1.1244   0.00716   0.00216  -0.2162  0.0407  0.0171  -1.3646   0.0000   0.4383
   2.500   1.2340   0.00777   0.00266  -0.2158  0.0017  0.0372  -1.5291   0.0000   0.4194
   3.500   1.3448   0.00818   0.00303  -0.2157  0.0013  0.0398  -1.7622   0.0000   0.4035
   4.000   1.3997   0.00841   0.00325  -0.2156  0.0013  0.0429  -1.9075   0.0000   0.3964
   4.500   1.4542   0.00865   0.00348  -0.2154  0.0013  0.0489  -2.0860   0.0000   0.3898
   5.500   1.5619   0.00918   0.00399  -0.2149  0.0013  0.0754  -2.4559   0.0000   0.3777
   6.000   1.6152   0.00947   0.00428  -0.2146  0.0012  0.1112  -2.6472   0.0000   0.3721
   6.500   1.6678   0.00977   0.00459  -0.2142  0.0012  0.1234  -2.8419   0.0000   0.3668
   7.000   1.7198   0.01010   0.00491  -0.2137  0.0012  0.1462  -3.0403   0.0000   0.3618
   7.500   1.7708   0.01046   0.00526  -0.2130  0.0012  0.1529  -3.2414   0.0000   0.3569
   8.000   1.8210   0.01083   0.00562  -0.2121  0.0012  0.1495  -3.4454   0.0000   0.3523
   8.500   1.8709   0.01122   0.00603  -0.2113  0.0012  0.1946  -3.6531   0.0000   0.3478
   9.000   1.9201   0.01162   0.00646  -0.2104  0.0012  0.2489  -3.9277   0.0000   0.3435
   9.500   1.9670   0.01208   0.00692  -0.2090  0.0012  0.2518  -4.2935   0.0000   0.3392
  10.000   2.0142   0.01254   0.00743  -0.2078  0.0011  0.3348  -4.8768   0.0000   0.3351
  10.500   2.0587   0.01305   0.00798  -0.2060  0.0011  0.3695  -5.4755   0.0000   0.3311
  11.000   2.0979   0.01364   0.00857  -0.2032  0.0011  0.3710  -6.0738   0.0000   0.3269
  11.500   2.1236   0.01431   0.00924  -0.1977  0.0011  0.3793  -6.6105   0.0000   0.3221
  12.000   2.1530   0.01509   0.01003  -0.1932  0.0010  0.3810  -7.1921   0.0000   0.3177
  12.500   2.1829   0.01598   0.01094  -0.1890  0.0010  0.3942  -7.7984   0.0000   0.3135
  13.000   2.2115   0.01701   0.01205  -0.1849  0.0010  0.4647  -8.4164   0.0000   0.3095
  13.500   2.2374   0.01825   0.01333  -0.1806  0.0009  0.4937  -9.0364   0.0000   0.3055
  14.000   2.2607   0.01972   0.01482  -0.1761  0.0008  0.4977  -9.6571   0.0000   0.3016
  14.500   2.2833   0.02135   0.01651  -0.1720  0.0008  0.5315  -10.2882   0.0000   0.2979
  15.000   2.2616   0.02621   0.02158  -0.1627  0.0014  0.5554  -10.5156   0.0000   0.2933
  15.500   2.2744   0.02911   0.02456  -0.1586  0.0019  0.5791  -11.0997   0.0000   0.2899
  16.000   2.2918   0.03193   0.02746  -0.1555  0.0023  0.6238  -11.7518   0.0000   0.2868
  16.500   2.2984   0.03576   0.03136  -0.1519  0.0026  0.6414  -12.2987   0.0000   0.2837
  17.000   2.3083   0.03940   0.03507  -0.1488  0.0030  0.6666  -12.8842   0.0000   0.2808
  17.500   2.3113   0.04405   0.03981  -0.1459  0.0036  0.6913  -13.4160   0.0000   0.2781
  18.000   2.3127   0.04927   0.04512  -0.1435  0.0039  0.7223  -13.9436   0.0000   0.2757
  18.500   2.3122   0.05511   0.05108  -0.1417  0.0041  0.7689  -14.4607   0.0000   0.2735
  19.000   2.3089   0.06155   0.05764  -0.1404  0.0043  0.8113  -14.9583   0.0000   0.2715


