XFLR5 v6.02 Beta

 Calculated polar for: WORTMANN FX 63-137

 1 1 Reynolds number fixed          Mach number fixed         

 xtrf =   1.000 (top)        1.000 (bottom)
 Mach =   0.000     Re =    11.750 e 6     Ncrit =   9.000

  alpha     CL        CD       CDp       CM    Top Xtr Bot Xtr   Cpmin    Chinge    XCp    
 ------- -------- --------- --------- -------- ------- ------- -------- --------- ---------
 -19.000  -0.9930   0.04780   0.04495  -0.1500  0.7649  0.0034  -20.9632   0.0000   0.0674
 -18.500  -1.0162   0.03812   0.03505  -0.1587  0.7430  0.0034  -21.0914   0.0000   0.0643
 -18.000  -1.0208   0.03142   0.02819  -0.1647  0.7232  0.0035  -20.8587   0.0000   0.0608
 -17.500  -1.0127   0.02638   0.02305  -0.1691  0.7188  0.0035  -20.4015   0.0000   0.0565
 -17.000  -0.9956   0.02275   0.01933  -0.1717  0.7106  0.0035  -19.7886   0.0000   0.0522
 -16.500  -0.9704   0.01973   0.01613  -0.1748  0.6748  0.0036  -19.0777   0.0000   0.0456
 -16.000  -0.9241   0.01719   0.01348  -0.1804  0.6557  0.0036  -18.1322   0.0000   0.0311
 -15.500  -0.8724   0.01550   0.01156  -0.1849  0.5971  0.0037  -17.1280   0.0000   0.0148
 -14.500  -0.7652   0.01356   0.00942  -0.1885  0.5620  0.0038  -15.0965   0.0000  -0.0192
 -14.000  -0.7102   0.01279   0.00854  -0.1899  0.5434  0.0039  -14.1058   0.0000  -0.0401
 -13.500  -0.6596   0.01239   0.00778  -0.1901  0.4235  0.0039  -13.1904   0.0000  -0.0610
 -13.000  -0.6025   0.01177   0.00708  -0.1914  0.4029  0.0040  -12.2341   0.0000  -0.0908
 -12.500  -0.5441   0.01116   0.00642  -0.1927  0.3998  0.0040  -11.2985   0.0000  -0.1279
 -12.000  -0.4868   0.01070   0.00584  -0.1937  0.3664  0.0041  -10.4033   0.0000  -0.1725
 -11.500  -0.4282   0.01024   0.00531  -0.1948  0.3557  0.0042  -9.5211   0.0000  -0.2310
 -11.000  -0.3688   0.00979   0.00480  -0.1960  0.3417  0.0042  -8.6766   0.0000  -0.3094
 -10.500  -0.3103   0.00945   0.00435  -0.1970  0.3080  0.0043  -7.8715   0.0000  -0.4157
 -10.000  -0.2514   0.00915   0.00394  -0.1979  0.2764  0.0044  -7.1045   0.0000  -0.5729
  -4.000   0.4635   0.00772   0.00184  -0.2069  0.1357  0.0045  -1.9384   0.0000   0.7030
  -3.500   0.5224   0.00773   0.00184  -0.2075  0.1301  0.0056  -1.6637   0.0000   0.6520
  -3.000   0.5813   0.00774   0.00185  -0.2080  0.1233  0.0092  -1.3862   0.0000   0.6114
  -2.500   0.6403   0.00775   0.00186  -0.2086  0.1214  0.0142  -1.1229   0.0000   0.5782
  -2.000   0.6972   0.00793   0.00194  -0.2088  0.0994  0.0142  -0.9464   0.0000   0.5509
  -1.500   0.7550   0.00802   0.00200  -0.2091  0.0960  0.0151  -0.9953   0.0000   0.5275
  -1.000   0.8128   0.00812   0.00207  -0.2095  0.0897  0.0156  -1.0472   0.0000   0.5074
  -0.500   0.8704   0.00821   0.00215  -0.2098  0.0858  0.0159  -1.0993   0.0000   0.4899
   0.000   0.9278   0.00832   0.00225  -0.2101  0.0839  0.0161  -1.1517   0.0000   0.4746
   0.500   0.9849   0.00844   0.00236  -0.2104  0.0832  0.0164  -1.2046   0.0000   0.4610
   1.500   1.0987   0.00868   0.00261  -0.2108  0.0833  0.0197  -1.3414   0.0000   0.4379
   2.000   1.1549   0.00884   0.00277  -0.2109  0.0823  0.0266  -1.4170   0.0000   0.4279
   2.500   1.2061   0.00942   0.00320  -0.2101  0.0382  0.0383  -1.5005   0.0000   0.4188
   3.000   1.2611   0.00964   0.00340  -0.2100  0.0371  0.0489  -1.6079   0.0000   0.4104
   3.500   1.3111   0.01028   0.00394  -0.2089  0.0045  0.0660  -1.7186   0.0000   0.4025
   4.000   1.3671   0.01036   0.00404  -0.2091  0.0171  0.0676  -1.8436   0.0000   0.3953
   4.500   1.4176   0.01088   0.00452  -0.2081  0.0043  0.0811  -2.0216   0.0000   0.3885
   5.000   1.4700   0.01123   0.00488  -0.2076  0.0033  0.1061  -2.1988   0.0000   0.3821
   5.500   1.5222   0.01158   0.00526  -0.2071  0.0025  0.1475  -2.3810   0.0000   0.3762
   6.000   1.5762   0.01186   0.00570  -0.2072  0.0014  0.2775  -2.5701   0.0000   0.3707
   6.500   1.6273   0.01225   0.00613  -0.2065  0.0013  0.3293  -2.7596   0.0000   0.3654
   7.000   1.6772   0.01267   0.00660  -0.2057  0.0013  0.3750  -2.9516   0.0000   0.3603
   7.500   1.7275   0.01308   0.00713  -0.2051  0.0012  0.4653  -3.1486   0.0000   0.3555
   8.000   1.7721   0.01365   0.00765  -0.2031  0.0012  0.4370  -3.3393   0.0000   0.3505
   8.500   1.8180   0.01418   0.00826  -0.2017  0.0012  0.4980  -3.5361   0.0000   0.3459
   9.000   1.8557   0.01481   0.00889  -0.1984  0.0012  0.5069  -3.7427   0.0000   0.3410
   9.500   1.8887   0.01550   0.00963  -0.1944  0.0012  0.5313  -3.9810   0.0000   0.3361
  10.000   1.9215   0.01630   0.01049  -0.1906  0.0011  0.5643  -4.3289   0.0000   0.3314
  10.500   1.9536   0.01723   0.01147  -0.1868  0.0011  0.5972  -4.8254   0.0000   0.3269
  11.000   1.9832   0.01831   0.01262  -0.1828  0.0011  0.6396  -5.3293   0.0000   0.3224
  11.500   2.0118   0.01957   0.01397  -0.1789  0.0011  0.6810  -5.8462   0.0000   0.3182
  12.000   2.0378   0.02105   0.01550  -0.1749  0.0011  0.7052  -6.3665   0.0000   0.3141
  12.500   2.0632   0.02271   0.01724  -0.1712  0.0010  0.7398  -6.9216   0.0000   0.3101
  13.000   2.0859   0.02464   0.01927  -0.1675  0.0010  0.7885  -7.4726   0.0000   0.3063
  13.500   2.1117   0.02686   0.02168  -0.1648  0.0009  0.9080  -8.0551   0.0000   0.3030
  14.500   2.1462   0.03224   0.02727  -0.1579  0.0009  1.0000  -9.1491   0.0000   0.2961
  15.000   2.1601   0.03552   0.03061  -0.1547  0.0009  1.0000  -9.6928   0.0000   0.2930
  15.500   2.1717   0.03916   0.03432  -0.1517  0.0008  1.0000  -10.2297   0.0000   0.2900
  16.000   2.1792   0.04329   0.03852  -0.1488  0.0008  1.0000  -10.7479   0.0000   0.2871
  16.500   2.1850   0.04796   0.04326  -0.1463  0.0008  1.0000  -11.2632   0.0000   0.2845
  17.000   2.1889   0.05312   0.04850  -0.1442  0.0008  1.0000  -11.7708   0.0000   0.2821
  17.500   2.1898   0.05884   0.05432  -0.1425  0.0008  1.0000  -12.2615   0.0000   0.2799
  18.000   2.1972   0.06380   0.05935  -0.1411  0.0007  1.0000  -12.8194   0.0000   0.2777
  18.500   2.1932   0.07043   0.06607  -0.1401  0.0007  1.0000  -13.2829   0.0000   0.2759
  19.000   2.1863   0.07757   0.07332  -0.1396  0.0007  1.0000  -13.7204   0.0000   0.2744
  19.500   2.1747   0.08517   0.08104  -0.1394  0.0007  1.0000  -14.1143   0.0000   0.2731
  20.000   2.1612   0.09349   0.08948  -0.1398  0.0007  1.0000  -14.4879   0.0000   0.2722


