XFLR5 v6.02 Beta

 Calculated polar for: WORTMANN FX 63-137

 1 1 Reynolds number fixed          Mach number fixed         

 xtrf =   1.000 (top)        1.000 (bottom)
 Mach =   0.000     Re =    57.000 e 6     Ncrit =   9.000

  alpha     CL        CD       CDp       CM    Top Xtr Bot Xtr   Cpmin    Chinge    XCp    
 ------- -------- --------- --------- -------- ------- ------- -------- --------- ---------
 -22.500  -1.1547   0.06877   0.06572  -0.1404  0.4300  0.0014  -26.4197   0.0000   0.0893
 -21.500  -1.2721   0.04163   0.03830  -0.1619  0.4351  0.0014  -27.9987   0.0000   0.0885
 -21.000  -1.2794   0.03530   0.03187  -0.1666  0.4266  0.0014  -27.7394   0.0000   0.0871
 -20.500  -1.2859   0.02934   0.02583  -0.1712  0.4236  0.0015  -27.4461   0.0000   0.0859
 -20.000  -1.2761   0.02529   0.02171  -0.1739  0.4194  0.0015  -26.8598   0.0000   0.0841
 -19.500  -1.2629   0.02155   0.01792  -0.1764  0.4148  0.0015  -26.2165   0.0000   0.0820
 -19.000  -1.2450   0.01863   0.01495  -0.1779  0.4097  0.0016  -25.4921   0.0000   0.0800
 -18.500  -1.2018   0.01622   0.01250  -0.1826  0.4031  0.0017  -24.4538   0.0000   0.0718
 -18.000  -1.1487   0.01441   0.01055  -0.1878  0.3509  0.0017  -23.3029   0.0000   0.0610
 -16.500  -0.9878   0.01195   0.00793  -0.1920  0.3043  0.0020  -19.8528   0.0000   0.0317
 -16.000  -0.9319   0.01132   0.00726  -0.1931  0.2973  0.0021  -18.7268   0.0000   0.0192
 -15.500  -0.8750   0.01073   0.00664  -0.1942  0.2928  0.0022  -17.6188   0.0000   0.0048
 -15.000  -0.8176   0.01020   0.00607  -0.1953  0.2787  0.0024  -16.5336   0.0000  -0.0120
 -14.500  -0.7608   0.00978   0.00555  -0.1961  0.2323  0.0025  -15.4849   0.0000  -0.0308
 -14.000  -0.7023   0.00933   0.00508  -0.1971  0.2229  0.0027  -14.4497   0.0000  -0.0538
 -13.500  -0.6436   0.00893   0.00465  -0.1981  0.2209  0.0028  -13.5252   0.0000  -0.0812
 -13.000  -0.5844   0.00855   0.00424  -0.1991  0.2208  0.0030  -12.6265   0.0000  -0.1146
 -12.500  -0.5260   0.00826   0.00387  -0.1999  0.1698  0.0032  -11.7605   0.0000  -0.1546
 -11.000  -0.3468   0.00740   0.00295  -0.2027  0.1690  0.0039  -9.2813   0.0000  -0.3644
 -10.500  -0.2875   0.00723   0.00273  -0.2034  0.1446  0.0040  -8.5152   0.0000  -0.4910
 -10.000  -0.2278   0.00707   0.00252  -0.2042  0.1392  0.0040  -7.7755   0.0000  -0.6854
  -9.500  -0.1681   0.00692   0.00235  -0.2050  0.1338  0.0041  -7.0647   0.0000  -1.0190
  -9.000  -0.1083   0.00678   0.00219  -0.2057  0.1242  0.0041  -6.3835   0.0000  -1.7218
  -8.500  -0.0484   0.00665   0.00205  -0.2065  0.1238  0.0041  -5.7296   0.0000  -4.1654
  -8.000   0.0115   0.00654   0.00192  -0.2072  0.1235  0.0042  -5.1053   0.0000  18.9154
  -7.500   0.0713   0.00645   0.00181  -0.2080  0.1233  0.0042  -4.5107   0.0000   3.2541
  -6.500   0.1908   0.00630   0.00163  -0.2093  0.1227  0.0043  -3.6531   0.0000   1.3749
  -6.000   0.2498   0.00630   0.00158  -0.2099  0.1022  0.0043  -3.2789   0.0000   1.1095
  -5.500   0.3092   0.00628   0.00153  -0.2105  0.0993  0.0044  -2.9183   0.0000   0.9451
  -5.000   0.3685   0.00626   0.00150  -0.2111  0.0966  0.0044  -2.5729   0.0000   0.8336
  -4.500   0.4277   0.00625   0.00147  -0.2117  0.0927  0.0045  -2.2427   0.0000   0.7531
  -4.000   0.4868   0.00626   0.00146  -0.2122  0.0845  0.0045  -1.9285   0.0000   0.6922
  -3.500   0.5459   0.00627   0.00146  -0.2128  0.0843  0.0045  -1.6299   0.0000   0.6445
  -3.000   0.6048   0.00629   0.00147  -0.2133  0.0842  0.0046  -1.3470   0.0000   0.6061
  -2.500   0.6636   0.00632   0.00149  -0.2138  0.0839  0.0046  -1.0794   0.0000   0.5745
  -2.000   0.7213   0.00644   0.00156  -0.2141  0.0656  0.0051  -0.9615   0.0000   0.5482
  -1.500   0.7789   0.00656   0.00163  -0.2143  0.0485  0.0060  -1.0114   0.0000   0.5257
  -1.000   0.8368   0.00665   0.00170  -0.2147  0.0458  0.0071  -1.0636   0.0000   0.5062
  -0.500   0.8947   0.00674   0.00177  -0.2150  0.0433  0.0078  -1.1162   0.0000   0.4892
   0.000   0.9523   0.00684   0.00186  -0.2154  0.0410  0.0084  -1.1690   0.0000   0.4743
   0.500   1.0100   0.00694   0.00195  -0.2157  0.0388  0.0154  -1.2239   0.0000   0.4610
   1.000   1.0673   0.00705   0.00205  -0.2160  0.0418  0.0170  -1.2888   0.0000   0.4491
   1.500   1.1243   0.00717   0.00217  -0.2162  0.0408  0.0171  -1.3644   0.0000   0.4383
   2.500   1.2338   0.00778   0.00266  -0.2158  0.0017  0.0372  -1.5289   0.0000   0.4194
   3.500   1.3447   0.00819   0.00304  -0.2157  0.0013  0.0399  -1.7620   0.0000   0.4035
   4.000   1.3995   0.00842   0.00325  -0.2156  0.0013  0.0430  -1.9072   0.0000   0.3964
   4.500   1.4540   0.00867   0.00348  -0.2154  0.0013  0.0490  -2.0857   0.0000   0.3898
   6.000   1.6150   0.00948   0.00429  -0.2146  0.0012  0.1115  -2.6468   0.0000   0.3721
   6.500   1.6676   0.00979   0.00459  -0.2141  0.0012  0.1237  -2.8415   0.0000   0.3668
   7.000   1.7196   0.01011   0.00492  -0.2136  0.0012  0.1462  -3.0398   0.0000   0.3618
   7.500   1.7706   0.01047   0.00526  -0.2129  0.0012  0.1535  -3.2409   0.0000   0.3569
   8.000   1.8207   0.01085   0.00563  -0.2121  0.0012  0.1500  -3.4448   0.0000   0.3523
   8.500   1.8706   0.01123   0.00604  -0.2112  0.0012  0.1946  -3.6525   0.0000   0.3478
   9.500   1.9667   0.01210   0.00693  -0.2089  0.0012  0.2530  -4.2917   0.0000   0.3392
  10.000   2.0140   0.01255   0.00745  -0.2077  0.0011  0.3369  -4.8752   0.0000   0.3351
  10.500   2.0583   0.01307   0.00799  -0.2060  0.0011  0.3697  -5.4731   0.0000   0.3311
  11.000   2.0965   0.01366   0.00858  -0.2029  0.0011  0.3718  -6.0647   0.0000   0.3268
  11.500   2.1230   0.01433   0.00925  -0.1976  0.0011  0.3809  -6.6066   0.0000   0.3221
  12.000   2.1524   0.01511   0.01005  -0.1931  0.0010  0.3827  -7.1882   0.0000   0.3177
  12.500   2.1823   0.01600   0.01096  -0.1889  0.0010  0.3962  -7.7945   0.0000   0.3135
  13.500   2.2368   0.01829   0.01337  -0.1805  0.0009  0.4959  -9.0316   0.0000   0.3055
  14.000   2.2601   0.01976   0.01486  -0.1760  0.0008  0.4982  -9.6517   0.0000   0.3016
  14.500   2.2826   0.02139   0.01655  -0.1719  0.0008  0.5321  -10.2824   0.0000   0.2978
  15.000   2.2613   0.02624   0.02161  -0.1627  0.0014  0.5589  -10.5141   0.0000   0.2933
  15.500   2.2732   0.02921   0.02466  -0.1585  0.0018  0.5818  -11.0847   0.0000   0.2899
  16.000   2.2904   0.03206   0.02758  -0.1554  0.0023  0.6259  -11.7396   0.0000   0.2868
  16.500   2.2972   0.03588   0.03148  -0.1518  0.0026  0.6440  -12.2882   0.0000   0.2837
  17.000   2.3072   0.03951   0.03518  -0.1488  0.0029  0.6714  -12.8745   0.0000   0.2808
  17.500   2.3104   0.04414   0.03990  -0.1459  0.0035  0.6933  -13.4084   0.0000   0.2781
  18.000   2.3121   0.04935   0.04520  -0.1435  0.0039  0.7273  -13.9377   0.0000   0.2757
  18.500   2.3117   0.05521   0.05118  -0.1417  0.0041  0.7741  -14.4560   0.0000   0.2735
  19.000   2.3084   0.06166   0.05775  -0.1404  0.0043  0.8179  -14.9533   0.0000   0.2715


