XFLR5 v6.02 Beta

 Calculated polar for: WORTMANN FX 63-137

 1 1 Reynolds number fixed          Mach number fixed         

 xtrf =   1.000 (top)        1.000 (bottom)
 Mach =   0.000     Re =    78.500 e 6     Ncrit =   9.000

  alpha     CL        CD       CDp       CM    Top Xtr Bot Xtr   Cpmin    Chinge    XCp    
 ------- -------- --------- --------- -------- ------- ------- -------- --------- ---------
 -22.000  -1.3184   0.04167   0.03838  -0.1629  0.4013  0.0014  -29.2695   0.0000   0.0913
 -21.000  -1.3330   0.02934   0.02590  -0.1723  0.4012  0.0014  -28.7090   0.0000   0.0889
 -20.500  -1.3233   0.02529   0.02180  -0.1750  0.4012  0.0014  -28.1101   0.0000   0.0873
 -20.000  -1.3104   0.02152   0.01798  -0.1776  0.4011  0.0014  -27.4580   0.0000   0.0853
 -19.000  -1.2551   0.01624   0.01258  -0.1827  0.3694  0.0014  -25.7248   0.0000   0.0775
 -18.500  -1.2008   0.01425   0.01053  -0.1886  0.3641  0.0014  -24.5363   0.0000   0.0668
 -18.000  -1.1504   0.01338   0.00954  -0.1899  0.2986  0.0014  -23.3731   0.0000   0.0594
 -17.500  -1.0967   0.01259   0.00872  -0.1913  0.2906  0.0015  -22.1920   0.0000   0.0507
 -17.000  -1.0418   0.01189   0.00799  -0.1924  0.2833  0.0016  -21.0204   0.0000   0.0409
 -16.500  -0.9860   0.01127   0.00734  -0.1935  0.2786  0.0017  -19.8640   0.0000   0.0298
 -16.000  -0.9294   0.01070   0.00675  -0.1946  0.2781  0.0018  -18.7270   0.0000   0.0170
 -15.500  -0.8721   0.01018   0.00621  -0.1956  0.2778  0.0019  -17.6119   0.0000   0.0024
 -15.000  -0.8155   0.00977   0.00571  -0.1964  0.2264  0.0020  -16.5337   0.0000  -0.0139
 -14.500  -0.7574   0.00934   0.00525  -0.1973  0.2214  0.0021  -15.4691   0.0000  -0.0337
 -13.500  -0.6407   0.00862   0.00443  -0.1991  0.1885  0.0023  -13.5105   0.0000  -0.0842
 -13.000  -0.5817   0.00828   0.00407  -0.2000  0.1775  0.0024  -12.6132   0.0000  -0.1177
 -12.500  -0.5227   0.00799   0.00373  -0.2008  0.1492  0.0026  -11.7431   0.0000  -0.1589
 -12.000  -0.4633   0.00770   0.00341  -0.2017  0.1409  0.0028  -10.8965   0.0000  -0.2112
 -11.500  -0.4035   0.00740   0.00309  -0.2027  0.1422  0.0032  -10.0736   0.0000  -0.2799
 -11.000  -0.3437   0.00716   0.00283  -0.2035  0.1385  0.0034  -9.2782   0.0000  -0.3724
 -10.500  -0.2837   0.00694   0.00258  -0.2044  0.1339  0.0037  -8.5084   0.0000  -0.5043
 -10.000  -0.2238   0.00675   0.00238  -0.2053  0.1292  0.0040  -7.7651   0.0000  -0.7070
  -9.500  -0.1639   0.00660   0.00221  -0.2060  0.1243  0.0040  -7.0528   0.0000  -1.0574
  -9.000  -0.1041   0.00647   0.00206  -0.2068  0.1236  0.0041  -6.3706   0.0000  -1.8108
  -8.500  -0.0442   0.00635   0.00192  -0.2075  0.1233  0.0041  -5.7164   0.0000  -4.6055
  -8.000   0.0156   0.00625   0.00181  -0.2083  0.1229  0.0042  -5.0920   0.0000  14.0077
  -6.500   0.1942   0.00608   0.00155  -0.2102  0.0994  0.0043  -3.6492   0.0000   1.3594
  -6.000   0.2537   0.00605   0.00150  -0.2108  0.0967  0.0043  -3.2726   0.0000   1.0999
  -5.500   0.3132   0.00602   0.00145  -0.2114  0.0942  0.0044  -2.9114   0.0000   0.9391
  -5.000   0.3726   0.00600   0.00142  -0.2120  0.0904  0.0044  -2.5656   0.0000   0.8297
  -4.500   0.4319   0.00599   0.00140  -0.2126  0.0844  0.0044  -2.2354   0.0000   0.7505
  -4.000   0.4911   0.00599   0.00139  -0.2132  0.0842  0.0045  -1.9206   0.0000   0.6904
  -3.500   0.5502   0.00600   0.00139  -0.2137  0.0841  0.0045  -1.6219   0.0000   0.6432
  -3.000   0.6091   0.00602   0.00140  -0.2142  0.0840  0.0046  -1.3391   0.0000   0.6052
  -2.500   0.6679   0.00605   0.00142  -0.2147  0.0838  0.0046  -1.0717   0.0000   0.5738
  -2.000   0.7248   0.00624   0.00151  -0.2148  0.0456  0.0046  -0.9636   0.0000   0.5478
  -1.500   0.7831   0.00630   0.00156  -0.2153  0.0427  0.0053  -1.0142   0.0000   0.5253
  -1.000   0.8412   0.00638   0.00162  -0.2156  0.0405  0.0061  -1.0666   0.0000   0.5060
  -0.500   0.8992   0.00646   0.00169  -0.2160  0.0384  0.0068  -1.1193   0.0000   0.4891
   0.000   0.9569   0.00655   0.00177  -0.2163  0.0381  0.0073  -1.1723   0.0000   0.4742
   0.500   1.0145   0.00665   0.00186  -0.2166  0.0380  0.0091  -1.2275   0.0000   0.4610
   1.000   1.0721   0.00675   0.00195  -0.2170  0.0382  0.0169  -1.2930   0.0000   0.4491
   1.500   1.1292   0.00686   0.00206  -0.2172  0.0382  0.0171  -1.3688   0.0000   0.4384
   2.000   1.1841   0.00716   0.00228  -0.2170  0.0179  0.0197  -1.4432   0.0000   0.4286
   2.500   1.2391   0.00744   0.00253  -0.2168  0.0013  0.0370  -1.5346   0.0000   0.4196
   3.000   1.2949   0.00763   0.00270  -0.2169  0.0013  0.0379  -1.6509   0.0000   0.4113
   3.500   1.3503   0.00784   0.00289  -0.2168  0.0013  0.0384  -1.7692   0.0000   0.4037
   4.000   1.4053   0.00806   0.00309  -0.2168  0.0013  0.0405  -1.9172   0.0000   0.3966
   4.500   1.4600   0.00829   0.00331  -0.2166  0.0013  0.0460  -2.0964   0.0000   0.3900
   5.500   1.5683   0.00879   0.00379  -0.2162  0.0013  0.0707  -2.4680   0.0000   0.3779
   6.000   1.6219   0.00906   0.00407  -0.2160  0.0012  0.1035  -2.6601   0.0000   0.3724
   6.500   1.6746   0.00936   0.00436  -0.2155  0.0012  0.1130  -2.8556   0.0000   0.3671
   7.000   1.7269   0.00967   0.00466  -0.2151  0.0012  0.1240  -3.0549   0.0000   0.3621
   7.500   1.7787   0.01000   0.00499  -0.2145  0.0012  0.1457  -3.2578   0.0000   0.3573
   8.000   1.8294   0.01036   0.00533  -0.2138  0.0012  0.1457  -3.4633   0.0000   0.3526
   8.500   1.8793   0.01074   0.00570  -0.2129  0.0012  0.1481  -3.6716   0.0000   0.3481
   9.000   1.9289   0.01112   0.00611  -0.2120  0.0012  0.2019  -3.9534   0.0000   0.3438
  10.000   2.0242   0.01199   0.00700  -0.2096  0.0012  0.2622  -4.9379   0.0000   0.3355
  10.500   2.0703   0.01247   0.00751  -0.2082  0.0011  0.3145  -5.5497   0.0000   0.3315
  11.000   2.1132   0.01301   0.00804  -0.2061  0.0011  0.3245  -6.1729   0.0000   0.3275
  11.500   2.1456   0.01360   0.00864  -0.2019  0.0011  0.3317  -6.7571   0.0000   0.3230
  12.000   2.1741   0.01428   0.00933  -0.1970  0.0010  0.3326  -7.3388   0.0000   0.3186
  12.500   2.2029   0.01510   0.01017  -0.1925  0.0010  0.3410  -7.9430   0.0000   0.3143
  13.000   2.2310   0.01605   0.01115  -0.1881  0.0009  0.3706  -8.5639   0.0000   0.3101
  14.000   2.2498   0.02035   0.01569  -0.1743  0.0020  0.4441  -9.5468   0.0000   0.3012
  14.500   2.2697   0.02209   0.01747  -0.1698  0.0022  0.4543  -10.1580   0.0000   0.2974
  15.000   2.2856   0.02435   0.01979  -0.1653  0.0026  0.4811  -10.7498   0.0000   0.2937
  15.500   2.3001   0.02698   0.02249  -0.1611  0.0031  0.5093  -11.3408   0.0000   0.2902
  16.000   2.3126   0.02999   0.02556  -0.1572  0.0035  0.5320  -11.9279   0.0000   0.2869
  16.500   2.3233   0.03335   0.02898  -0.1536  0.0039  0.5596  -12.5131   0.0000   0.2838
  17.000   2.3312   0.03715   0.03285  -0.1502  0.0042  0.5802  -13.0844   0.0000   0.2808
  17.500   2.3360   0.04131   0.03710  -0.1471  0.0045  0.6089  -13.6379   0.0000   0.2780
  18.000   2.3382   0.04619   0.04207  -0.1444  0.0046  0.6293  -14.1805   0.0000   0.2754
  18.500   2.3484   0.05040   0.04634  -0.1424  0.0046  0.6558  -14.8081   0.0000   0.2729
  19.500   2.3415   0.06273   0.05886  -0.1390  0.0047  0.7125  -15.8275   0.0000   0.2687


