XFLR5 v6.02 Beta

 Calculated polar for: WORTMANN FX 63-137

 1 1 Reynolds number fixed          Mach number fixed         

 xtrf =   1.000 (top)        1.000 (bottom)
 Mach =   0.000     Re =    77.500 e 6     Ncrit =   9.000

  alpha     CL        CD       CDp       CM    Top Xtr Bot Xtr   Cpmin    Chinge    XCp    
 ------- -------- --------- --------- -------- ------- ------- -------- --------- ---------
 -22.500  -1.2830   0.05178   0.04859  -0.1548  0.4013  0.0014  -28.9775   0.0000   0.0922
 -22.000  -1.3167   0.04187   0.03858  -0.1627  0.4013  0.0014  -29.2366   0.0000   0.0913
 -21.000  -1.3317   0.02948   0.02604  -0.1722  0.4012  0.0014  -28.6857   0.0000   0.0889
 -20.500  -1.3221   0.02542   0.02193  -0.1749  0.4012  0.0014  -28.0891   0.0000   0.0872
 -20.000  -1.3094   0.02162   0.01808  -0.1775  0.4011  0.0014  -27.4414   0.0000   0.0853
 -19.500  -1.2941   0.01877   0.01519  -0.1783  0.4010  0.0014  -26.7289   0.0000   0.0843
 -19.000  -1.2549   0.01632   0.01267  -0.1825  0.3707  0.0014  -25.7187   0.0000   0.0776
 -18.500  -1.2007   0.01430   0.01058  -0.1885  0.3654  0.0014  -24.5323   0.0000   0.0668
 -18.000  -1.1503   0.01342   0.00958  -0.1899  0.2997  0.0015  -23.3708   0.0000   0.0595
 -17.500  -1.0968   0.01262   0.00875  -0.1912  0.2917  0.0015  -22.1908   0.0000   0.0508
 -17.000  -1.0419   0.01192   0.00802  -0.1924  0.2844  0.0016  -21.0197   0.0000   0.0410
 -16.500  -0.9861   0.01130   0.00736  -0.1935  0.2787  0.0017  -19.8638   0.0000   0.0298
 -16.000  -0.9295   0.01073   0.00677  -0.1945  0.2782  0.0018  -18.7270   0.0000   0.0171
 -15.500  -0.8722   0.01021   0.00622  -0.1955  0.2779  0.0019  -17.6121   0.0000   0.0025
 -15.000  -0.8157   0.00979   0.00573  -0.1963  0.2281  0.0020  -16.5341   0.0000  -0.0138
 -14.500  -0.7575   0.00936   0.00526  -0.1973  0.2214  0.0021  -15.4697   0.0000  -0.0335
 -13.500  -0.6408   0.00863   0.00444  -0.1990  0.1891  0.0023  -13.5112   0.0000  -0.0840
 -13.000  -0.5818   0.00829   0.00408  -0.1999  0.1787  0.0025  -12.6140   0.0000  -0.1176
 -12.000  -0.4635   0.00771   0.00341  -0.2017  0.1413  0.0028  -10.8973   0.0000  -0.2110
 -11.500  -0.4036   0.00741   0.00310  -0.2026  0.1426  0.0032  -10.0743   0.0000  -0.2797
 -11.000  -0.3438   0.00717   0.00283  -0.2035  0.1390  0.0035  -9.2787   0.0000  -0.3720
 -10.500  -0.2839   0.00695   0.00259  -0.2044  0.1343  0.0038  -8.5087   0.0000  -0.5038
 -10.000  -0.2240   0.00676   0.00238  -0.2052  0.1296  0.0040  -7.7655   0.0000  -0.7062
  -9.500  -0.1641   0.00661   0.00221  -0.2060  0.1246  0.0040  -7.0533   0.0000  -1.0559
  -9.000  -0.1043   0.00648   0.00206  -0.2067  0.1236  0.0041  -6.3711   0.0000  -1.8072
  -8.500  -0.0444   0.00636   0.00193  -0.2075  0.1234  0.0041  -5.7169   0.0000  -4.5870
  -8.000   0.0155   0.00626   0.00181  -0.2082  0.1229  0.0042  -5.0926   0.0000  14.1493
  -7.500   0.0753   0.00617   0.00171  -0.2089  0.1228  0.0042  -4.4979   0.0000   3.1074
  -7.000   0.1345   0.00614   0.00163  -0.2095  0.1023  0.0043  -4.0411   0.0000   1.8499
  -6.500   0.1941   0.00609   0.00156  -0.2101  0.0996  0.0043  -3.6494   0.0000   1.3600
  -6.000   0.2536   0.00606   0.00150  -0.2108  0.0969  0.0043  -3.2729   0.0000   1.1003
  -5.500   0.3130   0.00603   0.00146  -0.2114  0.0944  0.0044  -2.9117   0.0000   0.9394
  -5.000   0.3724   0.00601   0.00143  -0.2120  0.0907  0.0044  -2.5659   0.0000   0.8299
  -4.500   0.4317   0.00600   0.00140  -0.2126  0.0844  0.0044  -2.2357   0.0000   0.7506
  -4.000   0.4909   0.00600   0.00139  -0.2131  0.0842  0.0045  -1.9209   0.0000   0.6904
  -3.500   0.5500   0.00601   0.00139  -0.2137  0.0841  0.0045  -1.6223   0.0000   0.6432
  -3.000   0.6090   0.00603   0.00140  -0.2142  0.0840  0.0046  -1.3394   0.0000   0.6052
  -2.500   0.6678   0.00606   0.00142  -0.2147  0.0838  0.0046  -1.0721   0.0000   0.5739
  -2.000   0.7246   0.00625   0.00151  -0.2148  0.0458  0.0046  -0.9635   0.0000   0.5478
  -1.500   0.7829   0.00631   0.00156  -0.2152  0.0430  0.0053  -1.0141   0.0000   0.5254
  -1.000   0.8410   0.00639   0.00163  -0.2156  0.0407  0.0061  -1.0665   0.0000   0.5060
  -0.500   0.8990   0.00647   0.00169  -0.2160  0.0386  0.0068  -1.1192   0.0000   0.4891
   0.000   0.9568   0.00656   0.00177  -0.2163  0.0381  0.0073  -1.1722   0.0000   0.4742
   0.500   1.0143   0.00666   0.00186  -0.2166  0.0381  0.0091  -1.2273   0.0000   0.4610
   1.000   1.0719   0.00676   0.00196  -0.2169  0.0383  0.0169  -1.2928   0.0000   0.4491
   1.500   1.1290   0.00688   0.00206  -0.2172  0.0382  0.0171  -1.3686   0.0000   0.4384
   2.000   1.1839   0.00717   0.00228  -0.2170  0.0188  0.0198  -1.4430   0.0000   0.4286
   2.500   1.2389   0.00746   0.00254  -0.2168  0.0013  0.0370  -1.5343   0.0000   0.4196
   3.000   1.2946   0.00765   0.00271  -0.2168  0.0013  0.0379  -1.6507   0.0000   0.4113
   3.500   1.3501   0.00785   0.00290  -0.2168  0.0013  0.0384  -1.7689   0.0000   0.4037
   4.000   1.4051   0.00807   0.00310  -0.2167  0.0013  0.0406  -1.9168   0.0000   0.3966
   4.500   1.4598   0.00831   0.00332  -0.2166  0.0013  0.0461  -2.0960   0.0000   0.3900
   5.000   1.5142   0.00854   0.00355  -0.2164  0.0013  0.0663  -2.2798   0.0000   0.3838
   5.500   1.5680   0.00881   0.00380  -0.2162  0.0013  0.0708  -2.4675   0.0000   0.3779
   6.000   1.6216   0.00908   0.00408  -0.2159  0.0012  0.1035  -2.6596   0.0000   0.3724
   6.500   1.6743   0.00938   0.00436  -0.2155  0.0012  0.1134  -2.8551   0.0000   0.3671
   7.000   1.7266   0.00969   0.00468  -0.2150  0.0012  0.1245  -3.0543   0.0000   0.3621
   7.500   1.7783   0.01002   0.00500  -0.2144  0.0012  0.1458  -3.2571   0.0000   0.3572
   8.000   1.8290   0.01038   0.00534  -0.2137  0.0012  0.1457  -3.4626   0.0000   0.3526
   8.500   1.8789   0.01076   0.00571  -0.2128  0.0012  0.1488  -3.6708   0.0000   0.3481
   9.000   1.9285   0.01114   0.00612  -0.2120  0.0012  0.2029  -3.9523   0.0000   0.3438
   9.500   1.9772   0.01156   0.00656  -0.2109  0.0012  0.2490  -4.3509   0.0000   0.3396
  10.000   2.0238   0.01202   0.00702  -0.2095  0.0012  0.2647  -4.9353   0.0000   0.3355
  10.500   2.0698   0.01249   0.00753  -0.2081  0.0011  0.3163  -5.5466   0.0000   0.3315
  11.000   2.1126   0.01303   0.00806  -0.2060  0.0011  0.3263  -6.1694   0.0000   0.3275
  11.500   2.1446   0.01362   0.00866  -0.2017  0.0011  0.3335  -6.7504   0.0000   0.3230
  12.000   2.1732   0.01431   0.00936  -0.1969  0.0010  0.3344  -7.3326   0.0000   0.3185
  12.500   2.2020   0.01513   0.01020  -0.1923  0.0010  0.3470  -7.9365   0.0000   0.3142
  13.000   2.2300   0.01609   0.01119  -0.1879  0.0009  0.3718  -8.5561   0.0000   0.3101
  13.500   2.2276   0.01878   0.01407  -0.1788  0.0014  0.4335  -8.9156   0.0000   0.3051
  14.000   2.2482   0.02045   0.01579  -0.1741  0.0020  0.4466  -9.5302   0.0000   0.3011
  14.500   2.2684   0.02218   0.01755  -0.1696  0.0021  0.4572  -10.1461   0.0000   0.2973
  15.000   2.2845   0.02444   0.01987  -0.1652  0.0026  0.4864  -10.7410   0.0000   0.2937
  15.500   2.2991   0.02706   0.02256  -0.1610  0.0030  0.5133  -11.3329   0.0000   0.2902
  16.000   2.3116   0.03007   0.02563  -0.1571  0.0035  0.5326  -11.9200   0.0000   0.2869
  16.500   2.3225   0.03343   0.02907  -0.1536  0.0038  0.5627  -12.5058   0.0000   0.2838
  17.000   2.3303   0.03725   0.03295  -0.1502  0.0041  0.5855  -13.0764   0.0000   0.2808
  17.500   2.3350   0.04143   0.03722  -0.1471  0.0045  0.6172  -13.6290   0.0000   0.2780
  18.000   2.3370   0.04632   0.04219  -0.1444  0.0046  0.6314  -14.1690   0.0000   0.2754
  18.500   2.3388   0.05156   0.04751  -0.1421  0.0046  0.6573  -14.7162   0.0000   0.2730
  19.000   2.3458   0.05638   0.05242  -0.1405  0.0047  0.6897  -15.3226   0.0000   0.2707
  19.500   2.3406   0.06288   0.05902  -0.1391  0.0047  0.7181  -15.8184   0.0000   0.2687
  20.000   2.3317   0.07009   0.06634  -0.1382  0.0047  0.7487  -16.2797   0.0000   0.2670
  20.500   2.3190   0.07794   0.07430  -0.1378  0.0047  0.7781  -16.7052   0.0000   0.2656
  21.000   2.3011   0.08630   0.08278  -0.1379  0.0047  0.8048  -17.0765   0.0000   0.2645


