XFLR5 v6.02 Beta

 Calculated polar for: WORTMANN FX 63-137

 1 1 Reynolds number fixed          Mach number fixed         

 xtrf =   1.000 (top)        1.000 (bottom)
 Mach =   0.000     Re =    22.500 e 6     Ncrit =   9.000

  alpha     CL        CD       CDp       CM    Top Xtr Bot Xtr   Cpmin    Chinge    XCp    
 ------- -------- --------- --------- -------- ------- ------- -------- --------- ---------
 -21.000  -1.1172   0.05620   0.05330  -0.1465  0.6788  0.0027  -24.6418   0.0000   0.0837
 -20.500  -1.1554   0.04486   0.04179  -0.1558  0.6709  0.0027  -25.0421   0.0000   0.0821
 -20.000  -1.1743   0.03646   0.03326  -0.1629  0.6596  0.0027  -25.0391   0.0000   0.0800
 -19.500  -1.1758   0.03076   0.02740  -0.1676  0.6275  0.0028  -24.6990   0.0000   0.0778
 -19.000  -1.1714   0.02588   0.02239  -0.1714  0.5991  0.0029  -24.2445   0.0000   0.0755
 -18.500  -1.1578   0.02199   0.01843  -0.1741  0.5957  0.0029  -23.6355   0.0000   0.0727
 -17.500  -1.0923   0.01638   0.01265  -0.1818  0.5653  0.0031  -21.9192   0.0000   0.0586
 -17.000  -1.0414   0.01472   0.01074  -0.1863  0.4900  0.0032  -20.8442   0.0000   0.0468
 -16.500  -0.9888   0.01373   0.00966  -0.1880  0.4652  0.0033  -19.7410   0.0000   0.0360
 -16.000  -0.9354   0.01295   0.00878  -0.1893  0.4329  0.0034  -18.6487   0.0000   0.0241
 -15.500  -0.8799   0.01225   0.00801  -0.1906  0.4235  0.0035  -17.5589   0.0000   0.0103
 -15.000  -0.8236   0.01163   0.00733  -0.1918  0.4102  0.0036  -16.4864   0.0000  -0.0058
 -14.500  -0.7662   0.01105   0.00671  -0.1929  0.4018  0.0036  -15.4324   0.0000  -0.0246
 -14.000  -0.7107   0.01067   0.00617  -0.1936  0.3387  0.0037  -14.4265   0.0000  -0.0453
 -13.500  -0.6539   0.01030   0.00567  -0.1943  0.2957  0.0037  -13.4630   0.0000  -0.0702
 -13.000  -0.5954   0.00988   0.00521  -0.1954  0.2828  0.0038  -12.5647   0.0000  -0.1016
 -12.500  -0.5364   0.00949   0.00478  -0.1964  0.2780  0.0038  -11.6889   0.0000  -0.1402
 -12.000  -0.4782   0.00921   0.00440  -0.1972  0.2458  0.0039  -10.8461   0.0000  -0.1874
 -11.500  -0.4186   0.00888   0.00406  -0.1981  0.2500  0.0039  -10.0059   0.0000  -0.2500
 -11.000  -0.3597   0.00865   0.00374  -0.1989  0.2215  0.0040  -9.2121   0.0000  -0.3318
 -10.500  -0.3007   0.00844   0.00346  -0.1997  0.1959  0.0040  -8.4459   0.0000  -0.4460
 -10.000  -0.2412   0.00822   0.00318  -0.2006  0.1873  0.0041  -7.7067   0.0000  -0.6183
  -9.500  -0.1815   0.00801   0.00293  -0.2014  0.1787  0.0041  -7.0035   0.0000  -0.9055
  -9.000  -0.1215   0.00781   0.00270  -0.2023  0.1697  0.0041  -6.3454   0.0000  -1.4791
  -8.500  -0.0615   0.00763   0.00250  -0.2032  0.1689  0.0042  -5.6985   0.0000  -3.1717
  -7.500   0.0577   0.00741   0.00219  -0.2046  0.1430  0.0042  -4.5041   0.0000   3.9045
  -7.000   0.1173   0.00732   0.00205  -0.2054  0.1390  0.0043  -4.0351   0.0000   2.0487
  -6.500   0.1771   0.00723   0.00194  -0.2061  0.1344  0.0043  -3.6529   0.0000   1.4435
  -6.000   0.2368   0.00716   0.00186  -0.2068  0.1292  0.0043  -3.2837   0.0000   1.1438
  -5.500   0.2964   0.00710   0.00178  -0.2075  0.1243  0.0044  -2.9246   0.0000   0.9649
  -5.000   0.3559   0.00706   0.00173  -0.2082  0.1237  0.0044  -2.5814   0.0000   0.8460
  -4.500   0.4152   0.00703   0.00169  -0.2088  0.1233  0.0045  -2.2570   0.0000   0.7612
  -4.000   0.4745   0.00702   0.00166  -0.2094  0.1228  0.0045  -1.9453   0.0000   0.6977
  -3.000   0.5909   0.00717   0.00171  -0.2102  0.0942  0.0065  -1.3708   0.0000   0.6092
  -2.500   0.6495   0.00721   0.00173  -0.2107  0.0908  0.0074  -1.1026   0.0000   0.5767
  -2.000   0.7080   0.00726   0.00176  -0.2111  0.0854  0.0078  -0.9532   0.0000   0.5496
  -1.500   0.7664   0.00731   0.00181  -0.2116  0.0842  0.0094  -1.0031   0.0000   0.5266
  -1.000   0.8247   0.00737   0.00186  -0.2120  0.0835  0.0149  -1.0554   0.0000   0.5068
  -0.500   0.8825   0.00745   0.00194  -0.2124  0.0826  0.0154  -1.1079   0.0000   0.4896
   0.000   0.9389   0.00765   0.00208  -0.2125  0.0668  0.0156  -1.1596   0.0000   0.4745
   0.500   0.9953   0.00784   0.00222  -0.2126  0.0562  0.0160  -1.2126   0.0000   0.4610
   1.000   1.0529   0.00792   0.00231  -0.2129  0.0635  0.0171  -1.2763   0.0000   0.4489
   1.500   1.1093   0.00808   0.00245  -0.2130  0.0603  0.0174  -1.3512   0.0000   0.4381
   2.000   1.1655   0.00825   0.00260  -0.2131  0.0517  0.0225  -1.4269   0.0000   0.4282
   2.500   1.2165   0.00886   0.00307  -0.2122  0.0042  0.0377  -1.5108   0.0000   0.4190
   3.000   1.2714   0.00911   0.00330  -0.2121  0.0031  0.0388  -1.6214   0.0000   0.4106
   3.500   1.3260   0.00936   0.00353  -0.2119  0.0025  0.0480  -1.7379   0.0000   0.4029
   4.000   1.3803   0.00961   0.00379  -0.2117  0.0030  0.0535  -1.8740   0.0000   0.3958
   4.500   1.4341   0.00989   0.00406  -0.2114  0.0024  0.0669  -2.0504   0.0000   0.3891
   5.000   1.4872   0.01020   0.00435  -0.2110  0.0017  0.0776  -2.2302   0.0000   0.3827
   5.500   1.5400   0.01051   0.00468  -0.2106  0.0014  0.1035  -2.4145   0.0000   0.3768
   6.000   1.5929   0.01082   0.00504  -0.2102  0.0013  0.1682  -2.6034   0.0000   0.3713
   6.500   1.6445   0.01117   0.00541  -0.2096  0.0012  0.1971  -2.7949   0.0000   0.3659
   8.000   1.7927   0.01242   0.00668  -0.2067  0.0012  0.2515  -3.3846   0.0000   0.3512
   8.500   1.8427   0.01283   0.00721  -0.2061  0.0012  0.3708  -3.5905   0.0000   0.3468
   9.000   1.8883   0.01335   0.00775  -0.2045  0.0012  0.3947  -3.8354   0.0000   0.3423
  10.500   1.9991   0.01522   0.00975  -0.1947  0.0011  0.5047  -5.1084   0.0000   0.3286
  11.000   2.0300   0.01605   0.01062  -0.1906  0.0011  0.5259  -5.6359   0.0000   0.3241
  11.500   2.0605   0.01701   0.01162  -0.1866  0.0011  0.5558  -6.1827   0.0000   0.3197
  12.000   2.0877   0.01814   0.01279  -0.1822  0.0010  0.5691  -6.7365   0.0000   0.3154
  12.500   2.1152   0.01944   0.01415  -0.1783  0.0010  0.6041  -7.3110   0.0000   0.3114
  13.000   2.1415   0.02092   0.01570  -0.1745  0.0010  0.6456  -7.8940   0.0000   0.3075
  13.500   2.1651   0.02264   0.01750  -0.1706  0.0009  0.6890  -8.4777   0.0000   0.3037
  14.000   2.1845   0.02474   0.01966  -0.1665  0.0009  0.7148  -9.0488   0.0000   0.3000
  14.500   2.2042   0.02710   0.02210  -0.1629  0.0009  0.7590  -9.6383   0.0000   0.2965
  15.000   2.2228   0.02980   0.02492  -0.1598  0.0009  0.8182  -10.2338   0.0000   0.2933
  15.500   2.2451   0.03272   0.02808  -0.1578  0.0008  1.0000  -10.8772   0.0000   0.2904
  16.000   2.2570   0.03618   0.03160  -0.1545  0.0008  1.0000  -11.4504   0.0000   0.2873
  16.500   2.2700   0.03960   0.03507  -0.1517  0.0008  1.0000  -12.0478   0.0000   0.2844
  17.000   2.2772   0.04379   0.03932  -0.1489  0.0008  1.0000  -12.6064   0.0000   0.2816
  17.500   2.2817   0.04859   0.04419  -0.1464  0.0007  1.0000  -13.1525   0.0000   0.2791
  18.000   2.2833   0.05400   0.04966  -0.1443  0.0007  1.0000  -13.6826   0.0000   0.2767
  18.500   2.2818   0.05999   0.05573  -0.1426  0.0007  1.0000  -14.1905   0.0000   0.2746
  19.000   2.2794   0.06622   0.06205  -0.1413  0.0006  1.0000  -14.6966   0.0000   0.2726
  19.500   2.2818   0.07184   0.06773  -0.1403  0.0005  1.0000  -15.2564   0.0000   0.2706


