XFLR5 v6.02 Beta

 Calculated polar for: WORTMANN FX 63-137

 1 1 Reynolds number fixed          Mach number fixed         

 xtrf =   1.000 (top)        1.000 (bottom)
 Mach =   0.000     Re =    48.750 e 6     Ncrit =   9.000

  alpha     CL        CD       CDp       CM    Top Xtr Bot Xtr   Cpmin    Chinge    XCp    
 ------- -------- --------- --------- -------- ------- ------- -------- --------- ---------
 -23.000  -0.4299   0.21435   0.21191  -0.0532  0.2775  0.0014  -7.0134   0.0000   0.0761
 -22.500  -0.4130   0.20944   0.20693  -0.0568  0.2430  0.0014  -6.7932   0.0000   0.0623
 -22.000  -0.3959   0.20430   0.20176  -0.0604  0.2344  0.0014  -6.5773   0.0000   0.0469
 -21.500  -0.3787   0.19909   0.19654  -0.0640  0.2288  0.0014  -6.3657   0.0000   0.0302
 -21.000  -0.3615   0.19383   0.19126  -0.0676  0.2234  0.0014  -6.1591   0.0000   0.0119
 -20.500  -0.3444   0.18848   0.18589  -0.0710  0.2219  0.0015  -5.9627   0.0000  -0.0081
 -19.500  -1.2468   0.02320   0.01960  -0.1749  0.4421  0.0017  -25.9436   0.0000   0.0811
 -19.000  -1.2360   0.01992   0.01625  -0.1759  0.4328  0.0018  -25.3225   0.0000   0.0804
 -18.500  -1.1994   0.01728   0.01355  -0.1801  0.4265  0.0018  -24.3756   0.0000   0.0736
 -17.500  -1.0965   0.01391   0.00996  -0.1885  0.3391  0.0020  -22.1256   0.0000   0.0532
 -17.000  -1.0429   0.01302   0.00903  -0.1900  0.3382  0.0021  -20.9774   0.0000   0.0434
 -16.000  -0.9319   0.01154   0.00749  -0.1927  0.3375  0.0023  -18.7131   0.0000   0.0197
 -15.500  -0.8760   0.01095   0.00683  -0.1937  0.3075  0.0025  -17.6175   0.0000   0.0057
 -15.000  -0.8189   0.01040   0.00622  -0.1947  0.3002  0.0026  -16.5369   0.0000  -0.0109
 -14.500  -0.7622   0.00995   0.00568  -0.1956  0.2442  0.0028  -15.4907   0.0000  -0.0296
 -14.000  -0.7040   0.00950   0.00518  -0.1966  0.2345  0.0029  -14.4582   0.0000  -0.0523
 -13.500  -0.6453   0.00909   0.00474  -0.1976  0.2217  0.0030  -13.5338   0.0000  -0.0795
 -13.000  -0.5862   0.00870   0.00432  -0.1986  0.2211  0.0032  -12.6341   0.0000  -0.1126
 -12.500  -0.5277   0.00841   0.00394  -0.1994  0.1803  0.0035  -11.7657   0.0000  -0.1524
 -12.000  -0.4683   0.00809   0.00360  -0.2003  0.1696  0.0037  -10.9125   0.0000  -0.2035
 -11.500  -0.4086   0.00782   0.00330  -0.2013  0.1697  0.0039  -10.0824   0.0000  -0.2699
 -11.000  -0.3489   0.00758   0.00304  -0.2021  0.1693  0.0039  -9.2846   0.0000  -0.3590
 -10.000  -0.2298   0.00723   0.00261  -0.2037  0.1448  0.0040  -7.7786   0.0000  -0.6752
  -9.500  -0.1701   0.00708   0.00243  -0.2044  0.1391  0.0041  -7.0691   0.0000  -1.0003
  -9.000  -0.1104   0.00694   0.00226  -0.2052  0.1291  0.0041  -6.3889   0.0000  -1.6786
  -8.500  -0.0505   0.00681   0.00211  -0.2060  0.1242  0.0041  -5.7353   0.0000  -3.9674
  -8.000   0.0093   0.00670   0.00198  -0.2067  0.1238  0.0042  -5.1111   0.0000  23.1469
  -7.500   0.0691   0.00660   0.00187  -0.2074  0.1235  0.0042  -4.5166   0.0000   3.3393
  -7.000   0.1289   0.00651   0.00176  -0.2082  0.1233  0.0043  -4.0477   0.0000   1.9087
  -6.500   0.1887   0.00645   0.00168  -0.2088  0.1230  0.0043  -3.6560   0.0000   1.3849
  -6.000   0.2483   0.00639   0.00161  -0.2095  0.1226  0.0043  -3.2797   0.0000   1.1132
  -5.500   0.3072   0.00640   0.00157  -0.2100  0.1021  0.0044  -2.9211   0.0000   0.9480
  -5.000   0.3664   0.00639   0.00154  -0.2106  0.0992  0.0044  -2.5758   0.0000   0.8356
  -4.500   0.4256   0.00639   0.00151  -0.2112  0.0964  0.0045  -2.2461   0.0000   0.7544
  -4.000   0.4847   0.00640   0.00150  -0.2117  0.0869  0.0045  -1.9323   0.0000   0.6932
  -3.500   0.5437   0.00641   0.00150  -0.2123  0.0844  0.0046  -1.6338   0.0000   0.6452
  -3.000   0.6026   0.00643   0.00151  -0.2128  0.0842  0.0048  -1.3511   0.0000   0.6066
  -2.500   0.6614   0.00646   0.00153  -0.2133  0.0840  0.0046  -1.0833   0.0000   0.5748
  -2.000   0.7200   0.00650   0.00156  -0.2138  0.0834  0.0054  -0.9608   0.0000   0.5483
  -1.500   0.7768   0.00669   0.00166  -0.2139  0.0514  0.0065  -1.0100   0.0000   0.5258
  -1.000   0.8347   0.00678   0.00173  -0.2142  0.0487  0.0076  -1.0622   0.0000   0.5063
  -0.500   0.8925   0.00688   0.00181  -0.2146  0.0460  0.0084  -1.1146   0.0000   0.4893
   0.000   0.9499   0.00699   0.00191  -0.2148  0.0435  0.0090  -1.1673   0.0000   0.4743
   0.500   1.0076   0.00709   0.00200  -0.2152  0.0411  0.0156  -1.2221   0.0000   0.4610
   1.000   1.0649   0.00719   0.00210  -0.2155  0.0439  0.0170  -1.2867   0.0000   0.4490
   1.500   1.1218   0.00733   0.00222  -0.2157  0.0427  0.0172  -1.3622   0.0000   0.4382
   2.000   1.1785   0.00747   0.00235  -0.2158  0.0410  0.0192  -1.4385   0.0000   0.4284
   2.500   1.2311   0.00795   0.00273  -0.2152  0.0021  0.0373  -1.5261   0.0000   0.4194
   3.500   1.3418   0.00837   0.00311  -0.2151  0.0013  0.0410  -1.7583   0.0000   0.4034
   4.000   1.3965   0.00861   0.00333  -0.2150  0.0014  0.0443  -1.9021   0.0000   0.3963
   4.500   1.4509   0.00886   0.00357  -0.2148  0.0013  0.0506  -2.0802   0.0000   0.3897
   5.000   1.5050   0.00912   0.00383  -0.2146  0.0013  0.0668  -2.2628   0.0000   0.3834
   5.500   1.5583   0.00940   0.00410  -0.2142  0.0013  0.0782  -2.4492   0.0000   0.3775
   6.000   1.6115   0.00969   0.00440  -0.2139  0.0012  0.1170  -2.6400   0.0000   0.3720
   7.500   1.7665   0.01071   0.00541  -0.2121  0.0012  0.1639  -3.2323   0.0000   0.3568
   8.000   1.8163   0.01110   0.00578  -0.2112  0.0012  0.1604  -3.4353   0.0000   0.3521
   8.500   1.8658   0.01149   0.00620  -0.2103  0.0012  0.1996  -3.6420   0.0000   0.3476
   9.000   1.9146   0.01191   0.00666  -0.2093  0.0012  0.2508  -3.9119   0.0000   0.3433
   9.500   1.9613   0.01238   0.00713  -0.2079  0.0012  0.2735  -4.2609   0.0000   0.3390
  10.000   2.0086   0.01284   0.00769  -0.2068  0.0011  0.3718  -4.8423   0.0000   0.3349
  10.500   2.0514   0.01339   0.00824  -0.2047  0.0011  0.3879  -5.4298   0.0000   0.3308
  11.000   2.0828   0.01401   0.00887  -0.2002  0.0011  0.3990  -5.9780   0.0000   0.3262
  12.000   2.1427   0.01554   0.01045  -0.1914  0.0010  0.4328  -7.1200   0.0000   0.3173
  12.500   2.1707   0.01651   0.01144  -0.1869  0.0010  0.4395  -7.7112   0.0000   0.3131
  13.000   2.1994   0.01761   0.01261  -0.1830  0.0010  0.4987  -8.3265   0.0000   0.3091
  13.500   2.2250   0.01891   0.01393  -0.1787  0.0009  0.5010  -8.9406   0.0000   0.3051
  14.000   2.2496   0.02040   0.01546  -0.1746  0.0009  0.5281  -9.5671   0.0000   0.3013
  14.500   2.2711   0.02213   0.01726  -0.1704  0.0009  0.5676  -10.1871   0.0000   0.2976
  15.000   2.2887   0.02432   0.01951  -0.1662  0.0008  0.6083  -10.7949   0.0000   0.2940
  16.000   2.2721   0.03372   0.02923  -0.1540  0.0016  0.6561  -11.5392   0.0000   0.2867
  16.500   2.2815   0.03749   0.03308  -0.1509  0.0020  0.6892  -12.1431   0.0000   0.2838
  17.000   2.2886   0.04148   0.03715  -0.1479  0.0023  0.7131  -12.7091   0.0000   0.2809
  17.500   2.2916   0.04643   0.04220  -0.1453  0.0028  0.7490  -13.2392   0.0000   0.2784
  19.000   2.3038   0.06375   0.05999  -0.1421  0.0039  1.0000  -14.9117   0.0000   0.2723
  19.500   2.2945   0.07100   0.06733  -0.1411  0.0040  1.0000  -15.3535   0.0000   0.2706


