XFLR5 v6.02 Beta

 Calculated polar for: WORTMANN FX 63-137

 1 1 Reynolds number fixed          Mach number fixed         

 xtrf =   1.000 (top)        1.000 (bottom)
 Mach =   0.000     Re =     5.700 e 6     Ncrit =   9.000

  alpha     CL        CD       CDp       CM    Top Xtr Bot Xtr   Cpmin    Chinge    XCp    
 ------- -------- --------- --------- -------- ------- ------- -------- --------- ---------
 -16.000  -0.3985   0.09979   0.09736  -0.1108  0.6704  0.0043  -8.5913   0.0000  -0.0706
 -15.500  -0.3702   0.09701   0.09460  -0.1125  0.6583  0.0044  -8.0471   0.0000  -0.0974
 -14.000  -0.1322   0.12497   0.12178  -0.1013  0.4224  0.0041  -2.9887   0.0000  -0.5983
 -13.500  -0.1165   0.11947   0.11624  -0.1039  0.4049  0.0043  -2.8577   0.0000  -0.7309
 -13.000  -0.1005   0.11408   0.11084  -0.1064  0.3995  0.0044  -2.7202   0.0000  -0.9084
 -12.500  -0.5460   0.01409   0.01002  -0.1874  0.6118  0.0044  -10.8944   0.0000  -0.1167
  -5.500   0.2714   0.00872   0.00260  -0.2017  0.2311  0.0058  -2.5385   0.0000   1.0091
  -5.000   0.3314   0.00861   0.00245  -0.2025  0.2214  0.0055  -2.2445   0.0000   0.8729
  -4.500   0.3917   0.00848   0.00227  -0.2034  0.2186  0.0052  -1.9840   0.0000   0.7780
  -4.000   0.4504   0.00851   0.00214  -0.2039  0.1907  0.0049  -1.7650   0.0000   0.7094
  -3.500   0.5101   0.00847   0.00202  -0.2046  0.1812  0.0048  -1.6078   0.0000   0.6561
  -3.000   0.5697   0.00842   0.00200  -0.2054  0.1713  0.0148  -1.3927   0.0000   0.6141
  -2.500   0.6283   0.00845   0.00201  -0.2059  0.1683  0.0154  -1.1164   0.0000   0.5802
  -2.000   0.6841   0.00872   0.00212  -0.2059  0.1337  0.0154  -0.9382   0.0000   0.5524
  -1.500   0.7421   0.00879   0.00217  -0.2063  0.1260  0.0159  -0.9864   0.0000   0.5285
  -1.000   0.7999   0.00887   0.00223  -0.2067  0.1236  0.0163  -1.0382   0.0000   0.5081
  -0.500   0.8574   0.00897   0.00233  -0.2070  0.1209  0.0165  -1.0901   0.0000   0.4903
   1.500   1.0814   0.00976   0.00296  -0.2072  0.0860  0.0250  -1.3251   0.0000   0.4376
   2.000   1.1376   0.00991   0.00315  -0.2073  0.0842  0.0371  -1.4003   0.0000   0.4276
   2.500   1.1892   0.01043   0.00355  -0.2066  0.0549  0.0454  -1.4814   0.0000   0.4183
   3.000   1.2437   0.01069   0.00382  -0.2065  0.0486  0.0701  -1.5780   0.0000   0.4099
   3.500   1.2970   0.01102   0.00414  -0.2061  0.0424  0.0857  -1.6965   0.0000   0.4020
   4.000   1.3508   0.01127   0.00442  -0.2058  0.0422  0.1045  -1.8220   0.0000   0.3948
   4.500   1.4041   0.01157   0.00475  -0.2055  0.0374  0.1462  -1.9962   0.0000   0.3880
   5.500   1.5091   0.01242   0.00578  -0.2050  0.0166  0.3701  -2.3437   0.0000   0.3760
   6.000   1.5565   0.01315   0.00663  -0.2038  0.0030  0.4633  -2.5320   0.0000   0.3702
   6.500   1.6051   0.01363   0.00714  -0.2027  0.0021  0.4950  -2.7149   0.0000   0.3648
   7.000   1.6523   0.01414   0.00768  -0.2013  0.0016  0.5271  -2.9000   0.0000   0.3595
   7.500   1.6969   0.01472   0.00827  -0.1995  0.0013  0.5422  -3.0848   0.0000   0.3544
   8.000   1.7363   0.01535   0.00892  -0.1966  0.0013  0.5592  -3.2633   0.0000   0.3492
   8.500   1.7704   0.01606   0.00967  -0.1928  0.0013  0.5721  -3.4350   0.0000   0.3439
   9.000   1.8054   0.01685   0.01056  -0.1893  0.0013  0.6243  -3.6113   0.0000   0.3390
   9.500   1.8384   0.01779   0.01157  -0.1857  0.0012  0.6596  -3.8352   0.0000   0.3343
  10.000   1.8691   0.01887   0.01272  -0.1818  0.0012  0.6908  -4.0666   0.0000   0.3296
  10.500   1.8974   0.02017   0.01410  -0.1779  0.0012  0.7168  -4.4454   0.0000   0.3251
  11.000   1.9241   0.02169   0.01572  -0.1740  0.0012  0.7537  -4.8820   0.0000   0.3207
  11.500   1.9484   0.02356   0.01775  -0.1701  0.0012  0.8080  -5.2682   0.0000   0.3166
  14.000   2.0408   0.03677   0.03151  -0.1530  0.0010  1.0000  -7.7701   0.0000   0.2987
  14.500   2.0546   0.04030   0.03510  -0.1502  0.0010  1.0000  -8.2910   0.0000   0.2957
  15.000   2.0626   0.04448   0.03938  -0.1474  0.0009  1.0000  -8.7571   0.0000   0.2928
  15.500   2.0699   0.04909   0.04408  -0.1450  0.0009  1.0000  -9.2276   0.0000   0.2902
  16.000   2.0716   0.05462   0.04974  -0.1429  0.0009  1.0000  -9.6329   0.0000   0.2878
  16.500   2.0724   0.06049   0.05573  -0.1413  0.0009  1.0000  -10.0676   0.0000   0.2856
  17.000   2.0718   0.06673   0.06208  -0.1401  0.0009  1.0000  -10.5042   0.0000   0.2837
  17.500   2.0685   0.07346   0.06893  -0.1393  0.0008  1.0000  -10.9240   0.0000   0.2821
  18.000   2.0693   0.07955   0.07512  -0.1387  0.0008  1.0000  -11.3874   0.0000   0.2804
  18.500   2.0586   0.08733   0.08304  -0.1387  0.0008  1.0000  -11.7484   0.0000   0.2793
  19.000   2.0472   0.09562   0.09147  -0.1394  0.0008  1.0000  -12.1001   0.0000   0.2785
  19.500   2.0339   0.10435   0.10034  -0.1407  0.0008  1.0000  -12.4298   0.0000   0.2781
  20.000   2.0222   0.11292   0.10904  -0.1425  0.0007  1.0000  -12.8036   0.0000   0.2779
  20.500   2.0185   0.12002   0.11624  -0.1440  0.0007  1.0000  -13.2347   0.0000   0.2773


