XFLR5 v6.02 Beta

 Calculated polar for: WORTMANN FX 63-137

 1 1 Reynolds number fixed          Mach number fixed         

 xtrf =   1.000 (top)        1.000 (bottom)
 Mach =   0.000     Re =    60.250 e 6     Ncrit =   9.000

  alpha     CL        CD       CDp       CM    Top Xtr Bot Xtr   Cpmin    Chinge    XCp    
 ------- -------- --------- --------- -------- ------- ------- -------- --------- ---------
 -22.000  -1.2613   0.04868   0.04543  -0.1565  0.4310  0.0014  -28.1759   0.0000   0.0900
 -21.500  -1.2799   0.04071   0.03735  -0.1627  0.4243  0.0014  -28.1467   0.0000   0.0887
 -21.000  -1.2953   0.03346   0.03001  -0.1684  0.4193  0.0014  -28.0268   0.0000   0.0876
 -20.500  -1.2919   0.02872   0.02521  -0.1717  0.4157  0.0014  -27.5517   0.0000   0.0861
 -20.000  -1.2853   0.02426   0.02068  -0.1750  0.4117  0.0015  -27.0197   0.0000   0.0844
 -19.500  -1.2675   0.02109   0.01748  -0.1767  0.4067  0.0015  -26.2940   0.0000   0.0823
 -19.000  -1.2471   0.01824   0.01458  -0.1786  0.4024  0.0015  -25.5351   0.0000   0.0798
 -18.500  -1.2019   0.01582   0.01210  -0.1838  0.4016  0.0016  -24.4724   0.0000   0.0709
 -18.000  -1.1489   0.01422   0.01036  -0.1883  0.3391  0.0017  -23.3144   0.0000   0.0606
 -17.000  -1.0427   0.01253   0.00856  -0.1911  0.3064  0.0018  -21.0005   0.0000   0.0424
 -16.500  -0.9876   0.01184   0.00783  -0.1923  0.2992  0.0019  -19.8564   0.0000   0.0314
 -16.000  -0.9315   0.01122   0.00717  -0.1934  0.2922  0.0020  -18.7276   0.0000   0.0189
 -15.500  -0.8746   0.01064   0.00657  -0.1945  0.2878  0.0022  -17.6179   0.0000   0.0044
 -15.000  -0.8170   0.01012   0.00601  -0.1955  0.2779  0.0023  -16.5315   0.0000  -0.0124
 -14.500  -0.7602   0.00971   0.00551  -0.1963  0.2283  0.0024  -15.4822   0.0000  -0.0313
 -14.000  -0.7017   0.00926   0.00504  -0.1973  0.2219  0.0026  -14.4465   0.0000  -0.0543
 -13.500  -0.6429   0.00887   0.00462  -0.1983  0.2209  0.0027  -13.5216   0.0000  -0.0818
 -13.000  -0.5843   0.00853   0.00422  -0.1992  0.1952  0.0029  -12.6280   0.0000  -0.1148
 -12.500  -0.5254   0.00821   0.00385  -0.2001  0.1695  0.0031  -11.7575   0.0000  -0.1554
 -10.500  -0.2868   0.00718   0.00269  -0.2036  0.1426  0.0040  -8.5141   0.0000  -0.4934
 -10.000  -0.2271   0.00701   0.00250  -0.2044  0.1373  0.0040  -7.7739   0.0000  -0.6892
  -9.500  -0.1673   0.00686   0.00232  -0.2052  0.1321  0.0041  -7.0628   0.0000  -1.0257
  -9.000  -0.1075   0.00672   0.00216  -0.2059  0.1240  0.0041  -6.3814   0.0000  -1.7372
  -8.500  -0.0476   0.00660   0.00202  -0.2067  0.1237  0.0041  -5.7274   0.0000  -4.2383
  -8.000   0.0122   0.00649   0.00190  -0.2074  0.1235  0.0042  -5.1031   0.0000  17.7943
  -7.500   0.0720   0.00640   0.00179  -0.2081  0.1231  0.0042  -4.5084   0.0000   3.2258
  -7.000   0.1318   0.00632   0.00170  -0.2088  0.1228  0.0043  -4.0440   0.0000   1.8779
  -6.500   0.1915   0.00625   0.00162  -0.2095  0.1226  0.0043  -3.6520   0.0000   1.3715
  -6.000   0.2505   0.00626   0.00157  -0.2100  0.1012  0.0043  -3.2779   0.0000   1.1079
  -5.500   0.3098   0.00623   0.00152  -0.2106  0.0983  0.0044  -2.9172   0.0000   0.9440
  -5.000   0.3692   0.00622   0.00148  -0.2112  0.0957  0.0044  -2.5717   0.0000   0.8329
  -4.500   0.4284   0.00621   0.00146  -0.2118  0.0912  0.0045  -2.2415   0.0000   0.7526
  -4.000   0.4876   0.00621   0.00145  -0.2124  0.0844  0.0045  -1.9271   0.0000   0.6919
  -3.500   0.5467   0.00622   0.00145  -0.2129  0.0842  0.0045  -1.6285   0.0000   0.6443
  -3.000   0.6056   0.00624   0.00146  -0.2135  0.0841  0.0046  -1.3456   0.0000   0.6059
  -2.500   0.6644   0.00627   0.00148  -0.2140  0.0839  0.0046  -1.0781   0.0000   0.5744
  -2.000   0.7215   0.00644   0.00156  -0.2141  0.0521  0.0050  -0.9616   0.0000   0.5481
  -1.500   0.7796   0.00652   0.00162  -0.2145  0.0474  0.0059  -1.0119   0.0000   0.5256
  -1.000   0.8376   0.00660   0.00168  -0.2149  0.0448  0.0069  -1.0641   0.0000   0.5062
  -0.500   0.8955   0.00669   0.00176  -0.2152  0.0424  0.0076  -1.1167   0.0000   0.4892
   0.000   0.9532   0.00679   0.00184  -0.2155  0.0402  0.0082  -1.1696   0.0000   0.4743
   1.000   1.0681   0.00699   0.00204  -0.2162  0.0411  0.0170  -1.2895   0.0000   0.4491
   1.500   1.1251   0.00712   0.00215  -0.2164  0.0401  0.0171  -1.3652   0.0000   0.4383
   2.000   1.1818   0.00726   0.00228  -0.2165  0.0376  0.0212  -1.4414   0.0000   0.4285
   2.500   1.2347   0.00772   0.00264  -0.2159  0.0016  0.0372  -1.5299   0.0000   0.4195
   3.500   1.3457   0.00813   0.00301  -0.2159  0.0013  0.0395  -1.7633   0.0000   0.4036
   4.000   1.4006   0.00836   0.00322  -0.2158  0.0013  0.0425  -1.9090   0.0000   0.3965
   4.500   1.4551   0.00860   0.00345  -0.2156  0.0013  0.0484  -2.0876   0.0000   0.3898
   5.500   1.5629   0.00912   0.00396  -0.2151  0.0013  0.0746  -2.4577   0.0000   0.3777
   6.000   1.6163   0.00940   0.00425  -0.2148  0.0012  0.1096  -2.6492   0.0000   0.3722
   6.500   1.6688   0.00971   0.00455  -0.2144  0.0012  0.1217  -2.8440   0.0000   0.3669
   7.000   1.7210   0.01003   0.00488  -0.2139  0.0012  0.1460  -3.0426   0.0000   0.3618
   7.500   1.7720   0.01039   0.00521  -0.2132  0.0012  0.1499  -3.2439   0.0000   0.3570
   8.000   1.8223   0.01076   0.00558  -0.2124  0.0012  0.1468  -3.4481   0.0000   0.3523
   8.500   1.8719   0.01115   0.00597  -0.2115  0.0012  0.1690  -3.6554   0.0000   0.3478
   9.000   1.9211   0.01155   0.00641  -0.2105  0.0012  0.2282  -3.9308   0.0000   0.3435
   9.500   1.9687   0.01200   0.00686  -0.2093  0.0012  0.2499  -4.3028   0.0000   0.3393
  10.000   2.0157   0.01246   0.00737  -0.2080  0.0011  0.3232  -4.8857   0.0000   0.3352
  11.000   2.1018   0.01354   0.00848  -0.2040  0.0011  0.3699  -6.0983   0.0000   0.3270
  11.500   2.1268   0.01419   0.00915  -0.1983  0.0011  0.3715  -6.6318   0.0000   0.3222
  12.000   2.1560   0.01496   0.00993  -0.1937  0.0010  0.3725  -7.2128   0.0000   0.3178
  12.500   2.1857   0.01584   0.01082  -0.1895  0.0010  0.3836  -7.8189   0.0000   0.3136
  13.000   2.2145   0.01685   0.01189  -0.1854  0.0010  0.4493  -8.4394   0.0000   0.3096
  13.500   2.2409   0.01806   0.01315  -0.1811  0.0009  0.4818  -9.0640   0.0000   0.3056
  14.000   2.2644   0.01951   0.01462  -0.1767  0.0008  0.4926  -9.6857   0.0000   0.3017
  15.000   2.2644   0.02597   0.02136  -0.1629  0.0016  0.5360  -10.5358   0.0000   0.2934
  15.500   2.2806   0.02862   0.02406  -0.1592  0.0021  0.5654  -11.1737   0.0000   0.2900
  16.000   2.2953   0.03157   0.02709  -0.1558  0.0025  0.5974  -11.7826   0.0000   0.2868
  16.500   2.3058   0.03508   0.03068  -0.1524  0.0028  0.6293  -12.3630   0.0000   0.2838
  17.000   2.3121   0.03903   0.03471  -0.1491  0.0031  0.6562  -12.9174   0.0000   0.2808
  17.500   2.3150   0.04367   0.03944  -0.1461  0.0038  0.6879  -13.4490   0.0000   0.2781
  18.000   2.3161   0.04883   0.04468  -0.1436  0.0041  0.7093  -13.9745   0.0000   0.2756
  18.500   2.3159   0.05458   0.05055  -0.1417  0.0043  0.7474  -14.4954   0.0000   0.2734
  19.000   2.3125   0.06096   0.05704  -0.1403  0.0044  0.7877  -14.9924   0.0000   0.2714
  19.500   2.3074   0.06786   0.06406  -0.1395  0.0046  0.8289  -15.4794   0.0000   0.2697


