XFLR5 v6.02 Beta

 Calculated polar for: WORTMANN FX 63-137

 1 1 Reynolds number fixed          Mach number fixed         

 xtrf =   1.000 (top)        1.000 (bottom)
 Mach =   0.000     Re =    58.500 e 6     Ncrit =   9.000

  alpha     CL        CD       CDp       CM    Top Xtr Bot Xtr   Cpmin    Chinge    XCp    
 ------- -------- --------- --------- -------- ------- ------- -------- --------- ---------
 -22.500  -1.1787   0.06557   0.06249  -0.1430  0.4302  0.0014  -26.9010   0.0000   0.0900
 -22.000  -1.2443   0.05088   0.04767  -0.1546  0.4350  0.0014  -27.8487   0.0000   0.0896
 -21.500  -1.2757   0.04119   0.03785  -0.1623  0.4299  0.0014  -28.0682   0.0000   0.0886
 -21.000  -1.2842   0.03475   0.03131  -0.1672  0.4230  0.0014  -27.8274   0.0000   0.0873
 -20.500  -1.2887   0.02905   0.02554  -0.1714  0.4199  0.0015  -27.4957   0.0000   0.0860
 -20.000  -1.2789   0.02498   0.02141  -0.1742  0.4157  0.0015  -26.9090   0.0000   0.0842
 -19.500  -1.2650   0.02134   0.01772  -0.1765  0.4110  0.0015  -26.2522   0.0000   0.0822
 -19.000  -1.2460   0.01845   0.01478  -0.1782  0.4058  0.0016  -25.5125   0.0000   0.0799
 -18.500  -1.2019   0.01602   0.01230  -0.1832  0.4021  0.0016  -24.4631   0.0000   0.0714
 -18.000  -1.1488   0.01432   0.01047  -0.1880  0.3447  0.0017  -23.3085   0.0000   0.0608
 -17.000  -1.0428   0.01260   0.00864  -0.1909  0.3096  0.0019  -20.9977   0.0000   0.0425
 -16.500  -0.9877   0.01190   0.00788  -0.1921  0.3019  0.0020  -19.8546   0.0000   0.0316
 -16.000  -0.9317   0.01127   0.00722  -0.1932  0.2949  0.0021  -18.7273   0.0000   0.0191
 -15.500  -0.8748   0.01069   0.00661  -0.1943  0.2905  0.0022  -17.6184   0.0000   0.0046
 -15.000  -0.8173   0.01016   0.00604  -0.1954  0.2783  0.0023  -16.5326   0.0000  -0.0122
 -14.500  -0.7605   0.00974   0.00553  -0.1962  0.2304  0.0025  -15.4837   0.0000  -0.0310
 -14.000  -0.7021   0.00930   0.00506  -0.1972  0.2221  0.0026  -14.4482   0.0000  -0.0541
 -13.500  -0.6433   0.00890   0.00464  -0.1982  0.2209  0.0027  -13.5236   0.0000  -0.0815
 -13.000  -0.5846   0.00855   0.00424  -0.1991  0.2022  0.0029  -12.6293   0.0000  -0.1144
 -12.500  -0.5257   0.00824   0.00386  -0.2000  0.1697  0.0031  -11.7592   0.0000  -0.1550
 -10.500  -0.2872   0.00721   0.00271  -0.2035  0.1436  0.0040  -8.5147   0.0000  -0.4921
 -10.000  -0.2275   0.00704   0.00251  -0.2043  0.1383  0.0040  -7.7748   0.0000  -0.6872
  -9.500  -0.1677   0.00689   0.00234  -0.2051  0.1330  0.0041  -7.0638   0.0000  -1.0221
  -9.000  -0.1079   0.00675   0.00218  -0.2058  0.1241  0.0041  -6.3825   0.0000  -1.7290
  -8.500  -0.0480   0.00663   0.00204  -0.2066  0.1238  0.0041  -5.7286   0.0000  -4.1994
  -8.000   0.0118   0.00652   0.00191  -0.2073  0.1235  0.0042  -5.1043   0.0000  18.3710
  -7.500   0.0716   0.00643   0.00180  -0.2080  0.1232  0.0042  -4.5096   0.0000   3.2407
  -6.500   0.1911   0.00628   0.00163  -0.2094  0.1227  0.0043  -3.6526   0.0000   1.3733
  -6.000   0.2501   0.00628   0.00157  -0.2100  0.1018  0.0043  -3.2784   0.0000   1.1087
  -5.500   0.3095   0.00626   0.00153  -0.2106  0.0988  0.0044  -2.9178   0.0000   0.9446
  -5.000   0.3688   0.00624   0.00149  -0.2112  0.0962  0.0044  -2.5723   0.0000   0.8333
  -4.500   0.4281   0.00623   0.00147  -0.2117  0.0920  0.0045  -2.2421   0.0000   0.7529
  -4.000   0.4872   0.00624   0.00146  -0.2123  0.0844  0.0045  -1.9278   0.0000   0.6920
  -3.500   0.5463   0.00625   0.00146  -0.2128  0.0843  0.0045  -1.6292   0.0000   0.6444
  -3.000   0.6052   0.00627   0.00147  -0.2134  0.0841  0.0046  -1.3464   0.0000   0.6060
  -2.500   0.6640   0.00630   0.00148  -0.2139  0.0839  0.0046  -1.0788   0.0000   0.5744
  -2.000   0.7212   0.00646   0.00157  -0.2140  0.0584  0.0050  -0.9614   0.0000   0.5482
  -1.500   0.7792   0.00654   0.00162  -0.2144  0.0480  0.0060  -1.0116   0.0000   0.5256
  -1.000   0.8372   0.00663   0.00169  -0.2148  0.0453  0.0070  -1.0639   0.0000   0.5062
  -0.500   0.8950   0.00672   0.00177  -0.2151  0.0429  0.0077  -1.1164   0.0000   0.4892
   0.000   0.9527   0.00682   0.00185  -0.2154  0.0406  0.0083  -1.1693   0.0000   0.4743
   0.500   1.0104   0.00691   0.00194  -0.2158  0.0385  0.0154  -1.2242   0.0000   0.4610
   1.000   1.0677   0.00702   0.00204  -0.2161  0.0415  0.0170  -1.2891   0.0000   0.4491
   1.500   1.1247   0.00715   0.00216  -0.2163  0.0405  0.0171  -1.3648   0.0000   0.4383
   2.500   1.2342   0.00775   0.00265  -0.2158  0.0017  0.0372  -1.5294   0.0000   0.4195
   3.500   1.3451   0.00816   0.00302  -0.2158  0.0013  0.0397  -1.7626   0.0000   0.4035
   4.000   1.4000   0.00839   0.00324  -0.2157  0.0013  0.0428  -1.9080   0.0000   0.3964
   4.500   1.4545   0.00863   0.00347  -0.2155  0.0013  0.0487  -2.0866   0.0000   0.3898
   5.500   1.5622   0.00916   0.00398  -0.2150  0.0013  0.0751  -2.4566   0.0000   0.3777
   6.000   1.6156   0.00944   0.00427  -0.2147  0.0012  0.1106  -2.6479   0.0000   0.3721
   6.500   1.6682   0.00975   0.00457  -0.2143  0.0012  0.1228  -2.8426   0.0000   0.3668
   7.000   1.7202   0.01007   0.00490  -0.2138  0.0012  0.1461  -3.0411   0.0000   0.3618
   7.500   1.7712   0.01043   0.00524  -0.2130  0.0012  0.1518  -3.2423   0.0000   0.3570
   8.000   1.8214   0.01081   0.00560  -0.2122  0.0012  0.1481  -3.4464   0.0000   0.3523
   8.500   1.8711   0.01120   0.00600  -0.2113  0.0012  0.1772  -3.6536   0.0000   0.3478
   9.500   1.9676   0.01205   0.00690  -0.2091  0.0012  0.2505  -4.2969   0.0000   0.3392
  10.000   2.0147   0.01251   0.00741  -0.2079  0.0011  0.3306  -4.8799   0.0000   0.3352
  10.500   2.0595   0.01302   0.00795  -0.2062  0.0011  0.3692  -5.4802   0.0000   0.3311
  11.000   2.0998   0.01361   0.00853  -0.2036  0.0011  0.3705  -6.0855   0.0000   0.3269
  11.500   2.1248   0.01426   0.00920  -0.1979  0.0011  0.3762  -6.6182   0.0000   0.3222
  12.000   2.1541   0.01504   0.00999  -0.1934  0.0010  0.3778  -7.1997   0.0000   0.3178
  12.500   2.1839   0.01593   0.01089  -0.1892  0.0010  0.3902  -7.8060   0.0000   0.3136
  13.000   2.2126   0.01695   0.01199  -0.1851  0.0010  0.4592  -8.4250   0.0000   0.3095
  13.500   2.2386   0.01818   0.01327  -0.1808  0.0009  0.4894  -9.0462   0.0000   0.3055
  15.000   2.2622   0.02615   0.02152  -0.1627  0.0015  0.5481  -10.5202   0.0000   0.2933
  15.500   2.2727   0.02923   0.02468  -0.1584  0.0019  0.5722  -11.0971   0.0000   0.2899
  16.000   2.2933   0.03177   0.02729  -0.1556  0.0024  0.6137  -11.7647   0.0000   0.2868
  16.500   2.3023   0.03540   0.03100  -0.1521  0.0027  0.6367  -12.3323   0.0000   0.2837
  17.000   2.3098   0.03925   0.03492  -0.1489  0.0030  0.6603  -12.8978   0.0000   0.2808
  17.500   2.3127   0.04391   0.03967  -0.1460  0.0036  0.6904  -13.4285   0.0000   0.2781
  18.000   2.3141   0.04911   0.04496  -0.1436  0.0040  0.7186  -13.9558   0.0000   0.2756
  18.500   2.3133   0.05491   0.05088  -0.1417  0.0042  0.7577  -14.4711   0.0000   0.2734
  19.000   2.3104   0.06134   0.05742  -0.1404  0.0044  0.8028  -14.9723   0.0000   0.2715
  19.500   2.3051   0.06831   0.06452  -0.1397  0.0045  0.8485  -15.4566   0.0000   0.2698


