XFLR5 v6.02 Beta

 Calculated polar for: WORTMANN FX 63-137

 1 1 Reynolds number fixed          Mach number fixed         

 xtrf =   1.000 (top)        1.000 (bottom)
 Mach =   0.000     Re =    40.000 e 6     Ncrit =   9.000

  alpha     CL        CD       CDp       CM    Top Xtr Bot Xtr   Cpmin    Chinge    XCp    
 ------- -------- --------- --------- -------- ------- ------- -------- --------- ---------
 -22.000  -1.0771   0.07353   0.07052  -0.1356  0.4837  0.0018  -24.5308   0.0000   0.0853
 -21.500  -1.1751   0.05402   0.05085  -0.1507  0.5061  0.0018  -26.1519   0.0000   0.0860
 -20.500  -1.2304   0.03550   0.03205  -0.1654  0.4848  0.0019  -26.4545   0.0000   0.0837
 -20.000  -1.2368   0.02946   0.02593  -0.1700  0.4774  0.0019  -26.1712   0.0000   0.0823
 -19.500  -1.2270   0.02531   0.02172  -0.1729  0.4716  0.0019  -25.6037   0.0000   0.0802
 -19.000  -1.2138   0.02153   0.01788  -0.1754  0.4671  0.0020  -24.9773   0.0000   0.0780
 -18.500  -1.1927   0.01857   0.01487  -0.1776  0.4662  0.0021  -24.2335   0.0000   0.0747
 -17.500  -1.0962   0.01447   0.01049  -0.1873  0.3680  0.0022  -22.0932   0.0000   0.0543
 -17.000  -1.0437   0.01349   0.00944  -0.1890  0.3545  0.0023  -20.9642   0.0000   0.0446
 -16.500  -0.9893   0.01263   0.00855  -0.1904  0.3449  0.0025  -19.8344   0.0000   0.0336
 -16.000  -0.9336   0.01188   0.00775  -0.1918  0.3389  0.0026  -18.7157   0.0000   0.0211
 -15.500  -0.8770   0.01119   0.00703  -0.1931  0.3383  0.0028  -17.6136   0.0000   0.0067
 -15.000  -0.8196   0.01058   0.00639  -0.1942  0.3376  0.0029  -16.5314   0.0000  -0.0100
 -14.500  -0.7634   0.01013   0.00583  -0.1951  0.2784  0.0031  -15.4901   0.0000  -0.0285
 -14.000  -0.7058   0.00969   0.00533  -0.1960  0.2507  0.0033  -14.4629   0.0000  -0.0507
 -13.500  -0.6476   0.00931   0.00487  -0.1969  0.2324  0.0034  -13.5372   0.0000  -0.0773
 -13.000  -0.5885   0.00892   0.00445  -0.1979  0.2233  0.0036  -12.6340   0.0000  -0.1100
 -12.000  -0.4709   0.00835   0.00375  -0.1996  0.1718  0.0038  -10.9117   0.0000  -0.1993
 -11.500  -0.4113   0.00808   0.00345  -0.2005  0.1721  0.0039  -10.0835   0.0000  -0.2645
 -11.000  -0.3517   0.00783   0.00319  -0.2013  0.1701  0.0039  -9.2865   0.0000  -0.3520
 -10.500  -0.2919   0.00762   0.00294  -0.2022  0.1695  0.0040  -8.5178   0.0000  -0.4756
 -10.000  -0.2321   0.00742   0.00273  -0.2030  0.1688  0.0040  -7.7778   0.0000  -0.6633
  -9.500  -0.1727   0.00728   0.00253  -0.2038  0.1465  0.0041  -7.0712   0.0000  -0.9777
  -9.000  -0.1132   0.00715   0.00235  -0.2045  0.1360  0.0041  -6.3937   0.0000  -1.6249
  -8.500  -0.0533   0.00702   0.00220  -0.2053  0.1308  0.0041  -5.7407   0.0000  -3.7322
  -8.000   0.0065   0.00690   0.00206  -0.2060  0.1257  0.0042  -5.1171   0.0000  32.9268
  -7.500   0.0663   0.00680   0.00194  -0.2068  0.1239  0.0042  -4.5230   0.0000   3.4594
  -7.000   0.1261   0.00671   0.00183  -0.2075  0.1237  0.0043  -4.0503   0.0000   1.9401
  -6.500   0.1859   0.00663   0.00174  -0.2082  0.1234  0.0043  -3.6591   0.0000   1.3983
  -6.000   0.2455   0.00657   0.00167  -0.2089  0.1231  0.0043  -3.2832   0.0000   1.1203
  -5.500   0.3051   0.00653   0.00161  -0.2095  0.1225  0.0044  -2.9226   0.0000   0.9511
  -5.000   0.3639   0.00655   0.00159  -0.2100  0.1028  0.0044  -2.5788   0.0000   0.8380
  -4.500   0.4230   0.00655   0.00156  -0.2106  0.0998  0.0045  -2.2501   0.0000   0.7561
  -4.000   0.4819   0.00657   0.00155  -0.2111  0.0929  0.0045  -1.9371   0.0000   0.6944
  -3.500   0.5409   0.00659   0.00155  -0.2116  0.0868  0.0046  -1.6388   0.0000   0.6461
  -3.000   0.5998   0.00661   0.00156  -0.2122  0.0845  0.0051  -1.3562   0.0000   0.6072
  -2.500   0.6585   0.00664   0.00158  -0.2127  0.0841  0.0049  -1.0883   0.0000   0.5753
  -2.000   0.7171   0.00668   0.00161  -0.2131  0.0839  0.0058  -0.9590   0.0000   0.5486
  -1.500   0.7744   0.00683   0.00170  -0.2134  0.0657  0.0072  -1.0085   0.0000   0.5260
  -1.000   0.8320   0.00695   0.00178  -0.2136  0.0524  0.0083  -1.0603   0.0000   0.5064
  -0.500   0.8896   0.00705   0.00186  -0.2140  0.0497  0.0092  -1.1127   0.0000   0.4894
   0.000   0.9471   0.00716   0.00196  -0.2142  0.0469  0.0099  -1.1653   0.0000   0.4743
   0.500   1.0045   0.00728   0.00206  -0.2145  0.0442  0.0157  -1.2197   0.0000   0.4610
   1.000   1.0619   0.00738   0.00216  -0.2148  0.0468  0.0170  -1.2841   0.0000   0.4490
   1.500   1.1186   0.00752   0.00228  -0.2150  0.0454  0.0172  -1.3594   0.0000   0.4382
   2.000   1.1751   0.00767   0.00242  -0.2152  0.0434  0.0197  -1.4355   0.0000   0.4284
   2.500   1.2276   0.00817   0.00281  -0.2145  0.0025  0.0374  -1.5224   0.0000   0.4193
   3.500   1.3380   0.00861   0.00321  -0.2143  0.0014  0.0426  -1.7534   0.0000   0.4033
   4.000   1.3926   0.00885   0.00344  -0.2142  0.0017  0.0460  -1.8953   0.0000   0.3962
   4.500   1.4470   0.00910   0.00369  -0.2140  0.0014  0.0656  -2.0732   0.0000   0.3895
   5.000   1.5007   0.00938   0.00395  -0.2137  0.0013  0.0671  -2.2550   0.0000   0.3833
   5.500   1.5539   0.00967   0.00424  -0.2133  0.0013  0.0820  -2.4408   0.0000   0.3774
   6.000   1.6071   0.00996   0.00456  -0.2130  0.0012  0.1252  -2.6312   0.0000   0.3718
   6.500   1.6593   0.01029   0.00488  -0.2125  0.0012  0.1466  -2.8248   0.0000   0.3665
   7.000   1.7106   0.01064   0.00523  -0.2119  0.0012  0.1636  -3.0214   0.0000   0.3614
   7.500   1.7616   0.01100   0.00561  -0.2112  0.0012  0.1945  -3.2218   0.0000   0.3566
   8.000   1.8110   0.01141   0.00600  -0.2102  0.0012  0.1944  -3.4238   0.0000   0.3519
   8.500   1.8604   0.01181   0.00644  -0.2093  0.0012  0.2489  -3.6299   0.0000   0.3474
   9.000   1.9082   0.01226   0.00692  -0.2081  0.0012  0.2795  -3.8934   0.0000   0.3430
   9.500   1.9545   0.01275   0.00741  -0.2066  0.0012  0.3083  -4.2216   0.0000   0.3387
  10.000   2.0010   0.01323   0.00799  -0.2053  0.0011  0.4074  -4.7961   0.0000   0.3346
  10.500   2.0429   0.01380   0.00858  -0.2031  0.0011  0.4330  -5.3758   0.0000   0.3305
  11.000   2.0694   0.01447   0.00926  -0.1977  0.0011  0.4358  -5.8903   0.0000   0.3256
  11.500   2.0992   0.01524   0.01005  -0.1932  0.0011  0.4492  -6.4478   0.0000   0.3211
  12.000   2.1293   0.01613   0.01096  -0.1890  0.0010  0.4532  -7.0273   0.0000   0.3168
  12.500   2.1583   0.01715   0.01204  -0.1850  0.0010  0.4981  -7.6212   0.0000   0.3127
  13.000   2.1851   0.01836   0.01329  -0.1807  0.0010  0.5239  -8.2201   0.0000   0.3086
  13.500   2.2095   0.01978   0.01474  -0.1764  0.0009  0.5332  -8.8219   0.0000   0.3047
  14.000   2.2329   0.02141   0.01643  -0.1723  0.0009  0.5699  -9.4342   0.0000   0.3009
  14.500   2.2544   0.02329   0.01839  -0.1684  0.0009  0.6281  -10.0495   0.0000   0.2973
  15.000   2.2739   0.02547   0.02063  -0.1646  0.0009  0.6556  -10.6678   0.0000   0.2938
  15.500   2.2919   0.02798   0.02320  -0.1610  0.0008  0.6900  -11.2902   0.0000   0.2904
  16.000   2.3072   0.03086   0.02615  -0.1575  0.0007  0.7178  -11.9061   0.0000   0.2872
  17.000   2.2708   0.04355   0.03923  -0.1471  0.0016  0.7854  -12.5019   0.0000   0.2811
  17.500   2.2726   0.04902   0.04484  -0.1450  0.0018  0.8509  -13.0455   0.0000   0.2787
  18.000   2.2858   0.05415   0.05020  -0.1446  0.0025  1.0000  -13.6963   0.0000   0.2767
  18.500   2.2813   0.06054   0.05667  -0.1429  0.0027  1.0000  -14.1718   0.0000   0.2747
  19.000   2.2755   0.06727   0.06348  -0.1416  0.0030  1.0000  -14.6387   0.0000   0.2728
  19.500   2.2756   0.07322   0.06950  -0.1406  0.0033  1.0000  -15.1672   0.0000   0.2709


