XFLR5 v6.02 Beta

 Calculated polar for: WORTMANN FX 63-137

 1 1 Reynolds number fixed          Mach number fixed         

 xtrf =   1.000 (top)        1.000 (bottom)
 Mach =   0.000     Re =     5.500 e 6     Ncrit =   9.000

  alpha     CL        CD       CDp       CM    Top Xtr Bot Xtr   Cpmin    Chinge    XCp    
 ------- -------- --------- --------- -------- ------- ------- -------- --------- ---------
 -16.000  -0.7668   0.03891   0.03625  -0.1544  0.8506  0.0041  -15.2235   0.0000   0.0208
 -15.500  -0.7781   0.03072   0.02773  -0.1622  0.7982  0.0041  -15.1719   0.0000   0.0157
 -15.000  -0.7722   0.02541   0.02221  -0.1667  0.7727  0.0042  -14.8228   0.0000   0.0097
 -14.500  -0.7518   0.02143   0.01803  -0.1711  0.7383  0.0042  -14.2905   0.0000  -0.0009
 -14.000  -0.7059   0.01819   0.01462  -0.1784  0.7198  0.0043  -13.5050   0.0000  -0.0256
 -13.500  -0.6498   0.01604   0.01236  -0.1841  0.7139  0.0043  -12.6112   0.0000  -0.0564
 -13.000  -0.5987   0.01502   0.01115  -0.1858  0.6681  0.0044  -11.7431   0.0000  -0.0835
 -12.500  -0.5453   0.01477   0.01085  -0.1863  0.6241  0.0045  -10.8280   0.0000  -0.1152
  -5.000   0.3308   0.00864   0.00245  -0.2024  0.2222  0.0055  -2.2519   0.0000   0.8735
  -4.500   0.3911   0.00852   0.00227  -0.2032  0.2199  0.0052  -1.9894   0.0000   0.7785
  -4.000   0.4500   0.00853   0.00214  -0.2038  0.1944  0.0049  -1.7687   0.0000   0.7096
  -3.500   0.5096   0.00850   0.00203  -0.2045  0.1848  0.0048  -1.6100   0.0000   0.6563
  -3.000   0.5690   0.00847   0.00201  -0.2052  0.1747  0.0149  -1.3917   0.0000   0.6143
  -2.500   0.6275   0.00850   0.00203  -0.2057  0.1691  0.0155  -1.1140   0.0000   0.5803
  -2.000   0.6834   0.00876   0.00213  -0.2057  0.1361  0.0155  -0.9378   0.0000   0.5525
  -1.500   0.7413   0.00884   0.00218  -0.2061  0.1283  0.0160  -0.9859   0.0000   0.5286
  -1.000   0.7991   0.00892   0.00225  -0.2065  0.1238  0.0163  -1.0376   0.0000   0.5081
  -0.500   0.8566   0.00902   0.00234  -0.2068  0.1216  0.0165  -1.0895   0.0000   0.4903
   0.000   0.9122   0.00928   0.00252  -0.2068  0.1022  0.0169  -1.1405   0.0000   0.4749
   0.500   0.9684   0.00946   0.00264  -0.2069  0.0973  0.0177  -1.1922   0.0000   0.4611
   1.500   1.0805   0.00981   0.00298  -0.2070  0.0868  0.0252  -1.3242   0.0000   0.4376
   2.000   1.1367   0.00997   0.00317  -0.2071  0.0843  0.0372  -1.3994   0.0000   0.4275
   2.500   1.1883   0.01048   0.00357  -0.2064  0.0567  0.0460  -1.4802   0.0000   0.4183
   3.000   1.2428   0.01074   0.00384  -0.2063  0.0495  0.0717  -1.5758   0.0000   0.4099
   3.500   1.2964   0.01106   0.00416  -0.2060  0.0435  0.1004  -1.6950   0.0000   0.4020
   4.000   1.3500   0.01132   0.00444  -0.2056  0.0436  0.1081  -1.8204   0.0000   0.3948
   4.500   1.4030   0.01164   0.00478  -0.2053  0.0375  0.1492  -1.9940   0.0000   0.3880
   5.000   1.4566   0.01193   0.00515  -0.2051  0.0357  0.2196  -2.1746   0.0000   0.3817
   5.500   1.5082   0.01248   0.00583  -0.2049  0.0166  0.3847  -2.3419   0.0000   0.3760
   6.000   1.5552   0.01323   0.00668  -0.2036  0.0031  0.4668  -2.5294   0.0000   0.3702
   6.500   1.6036   0.01371   0.00719  -0.2024  0.0022  0.4972  -2.7121   0.0000   0.3647
   7.000   1.6507   0.01423   0.00775  -0.2010  0.0016  0.5298  -2.8967   0.0000   0.3594
   7.500   1.6952   0.01481   0.00833  -0.1992  0.0013  0.5469  -3.0812   0.0000   0.3543
   8.000   1.7336   0.01544   0.00899  -0.1961  0.0013  0.5617  -3.2578   0.0000   0.3491
   8.500   1.7682   0.01616   0.00975  -0.1924  0.0013  0.5810  -3.4303   0.0000   0.3439
   9.000   1.8028   0.01697   0.01065  -0.1889  0.0013  0.6282  -3.6057   0.0000   0.3389
   9.500   1.8359   0.01791   0.01168  -0.1853  0.0012  0.6675  -3.8277   0.0000   0.3342
  10.000   1.8660   0.01903   0.01285  -0.1814  0.0012  0.6940  -4.0574   0.0000   0.3295
  10.500   1.8942   0.02034   0.01425  -0.1774  0.0012  0.7200  -4.4216   0.0000   0.3250
  11.000   1.9211   0.02190   0.01592  -0.1736  0.0012  0.7624  -4.8507   0.0000   0.3207
  11.500   1.9450   0.02381   0.01801  -0.1697  0.0012  0.8193  -5.2149   0.0000   0.3165
  14.000   2.0282   0.03798   0.03281  -0.1519  0.0011  1.0000  -7.5212   0.0000   0.2986
  14.500   2.0474   0.04097   0.03578  -0.1497  0.0010  1.0000  -8.2085   0.0000   0.2957
  15.000   2.0544   0.04533   0.04024  -0.1469  0.0009  1.0000  -8.6621   0.0000   0.2929
  15.500   2.0637   0.04975   0.04475  -0.1446  0.0009  1.0000  -9.1429   0.0000   0.2902
  16.000   2.0639   0.05549   0.05063  -0.1425  0.0009  1.0000  -9.5192   0.0000   0.2878
  16.500   2.0639   0.06151   0.05677  -0.1409  0.0009  1.0000  -9.9353   0.0000   0.2857
  17.000   2.0623   0.06791   0.06330  -0.1398  0.0009  1.0000  -10.3599   0.0000   0.2839
  17.500   2.0578   0.07484   0.07035  -0.1391  0.0009  1.0000  -10.7677   0.0000   0.2823
  18.000   2.0539   0.08158   0.07721  -0.1387  0.0008  1.0000  -11.1861   0.0000   0.2809
  18.500   2.0480   0.08875   0.08450  -0.1387  0.0008  1.0000  -11.5892   0.0000   0.2796
  19.000   2.0369   0.09704   0.09293  -0.1395  0.0008  1.0000  -11.9413   0.0000   0.2789
  19.500   2.0230   0.10592   0.10196  -0.1409  0.0008  1.0000  -12.2602   0.0000   0.2786
  20.000   2.0124   0.11435   0.11050  -0.1428  0.0008  1.0000  -12.6539   0.0000   0.2784


