XFLR5 v6.02 Beta

 Calculated polar for: WORTMANN FX 63-137

 1 1 Reynolds number fixed          Mach number fixed         

 xtrf =   1.000 (top)        1.000 (bottom)
 Mach =   0.000     Re =    75.500 e 6     Ncrit =   9.000

  alpha     CL        CD       CDp       CM    Top Xtr Bot Xtr   Cpmin    Chinge    XCp    
 ------- -------- --------- --------- -------- ------- ------- -------- --------- ---------
 -22.500  -1.2786   0.05233   0.04915  -0.1543  0.4014  0.0014  -28.8906   0.0000   0.0921
 -22.000  -1.3132   0.04230   0.03901  -0.1623  0.4014  0.0014  -29.1681   0.0000   0.0912
 -21.500  -1.3202   0.03595   0.03258  -0.1671  0.4013  0.0014  -28.8991   0.0000   0.0898
 -21.000  -1.3290   0.02976   0.02631  -0.1719  0.4013  0.0014  -28.6371   0.0000   0.0888
 -20.500  -1.3197   0.02568   0.02218  -0.1747  0.4012  0.0014  -28.0470   0.0000   0.0871
 -20.000  -1.3074   0.02183   0.01829  -0.1773  0.4011  0.0014  -27.4057   0.0000   0.0852
 -19.500  -1.2924   0.01906   0.01548  -0.1778  0.4011  0.0014  -26.6946   0.0000   0.0845
 -18.500  -1.2004   0.01440   0.01068  -0.1883  0.3680  0.0014  -24.5240   0.0000   0.0670
 -18.000  -1.1502   0.01350   0.00966  -0.1897  0.3020  0.0015  -23.3658   0.0000   0.0596
 -17.500  -1.0968   0.01270   0.00881  -0.1910  0.2938  0.0015  -22.1881   0.0000   0.0509
 -17.000  -1.0420   0.01199   0.00808  -0.1922  0.2866  0.0016  -21.0183   0.0000   0.0411
 -16.500  -0.9863   0.01135   0.00741  -0.1933  0.2794  0.0017  -19.8634   0.0000   0.0300
 -16.000  -0.9297   0.01078   0.00681  -0.1944  0.2783  0.0018  -18.7272   0.0000   0.0173
 -15.500  -0.8725   0.01025   0.00626  -0.1954  0.2781  0.0019  -17.6128   0.0000   0.0027
 -15.000  -0.8159   0.00983   0.00576  -0.1962  0.2317  0.0020  -16.5349   0.0000  -0.0136
 -14.500  -0.7578   0.00940   0.00529  -0.1972  0.2215  0.0021  -15.4709   0.0000  -0.0333
 -14.000  -0.6993   0.00899   0.00486  -0.1981  0.2210  0.0022  -14.4335   0.0000  -0.0566
 -13.500  -0.6411   0.00866   0.00446  -0.1989  0.1903  0.0023  -13.5127   0.0000  -0.0838
 -13.000  -0.5821   0.00832   0.00409  -0.1998  0.1810  0.0025  -12.6158   0.0000  -0.1173
 -12.500  -0.5228   0.00800   0.00375  -0.2008  0.1691  0.0027  -11.7428   0.0000  -0.1587
 -12.000  -0.4637   0.00773   0.00342  -0.2016  0.1422  0.0029  -10.8988   0.0000  -0.2106
 -11.500  -0.4038   0.00743   0.00311  -0.2026  0.1435  0.0032  -10.0756   0.0000  -0.2792
 -11.000  -0.3441   0.00719   0.00284  -0.2034  0.1398  0.0035  -9.2798   0.0000  -0.3714
 -10.500  -0.2842   0.00697   0.00259  -0.2043  0.1351  0.0038  -8.5093   0.0000  -0.5028
 -10.000  -0.2243   0.00679   0.00239  -0.2051  0.1303  0.0040  -7.7664   0.0000  -0.7045
  -9.500  -0.1644   0.00664   0.00222  -0.2059  0.1252  0.0040  -7.0543   0.0000  -1.0528
  -9.000  -0.1046   0.00651   0.00207  -0.2067  0.1237  0.0041  -6.3722   0.0000  -1.7999
  -8.500  -0.0447   0.00639   0.00194  -0.2074  0.1234  0.0041  -5.7181   0.0000  -4.5494
  -8.000   0.0151   0.00628   0.00182  -0.2081  0.1230  0.0042  -5.0937   0.0000  14.4453
  -7.500   0.0750   0.00620   0.00172  -0.2088  0.1228  0.0042  -4.4990   0.0000   3.1189
  -7.000   0.1342   0.00616   0.00164  -0.2094  0.1028  0.0043  -4.0416   0.0000   1.8530
  -6.500   0.1938   0.00611   0.00156  -0.2101  0.1001  0.0043  -3.6499   0.0000   1.3614
  -6.000   0.2532   0.00608   0.00151  -0.2107  0.0973  0.0043  -3.2735   0.0000   1.1011
  -5.500   0.3127   0.00605   0.00146  -0.2113  0.0948  0.0044  -2.9123   0.0000   0.9399
  -5.000   0.3721   0.00603   0.00143  -0.2119  0.0914  0.0044  -2.5665   0.0000   0.8302
  -4.500   0.4314   0.00602   0.00141  -0.2125  0.0848  0.0044  -2.2363   0.0000   0.7508
  -4.000   0.4906   0.00602   0.00140  -0.2131  0.0842  0.0045  -1.9216   0.0000   0.6906
  -3.500   0.5497   0.00603   0.00140  -0.2136  0.0841  0.0045  -1.6229   0.0000   0.6433
  -3.000   0.6086   0.00605   0.00141  -0.2141  0.0840  0.0046  -1.3400   0.0000   0.6053
  -2.500   0.6674   0.00608   0.00143  -0.2146  0.0838  0.0046  -1.0727   0.0000   0.5739
  -2.000   0.7243   0.00627   0.00152  -0.2147  0.0463  0.0047  -0.9633   0.0000   0.5478
  -1.500   0.7826   0.00634   0.00157  -0.2151  0.0434  0.0053  -1.0139   0.0000   0.5254
  -1.000   0.8407   0.00641   0.00163  -0.2155  0.0411  0.0062  -1.0663   0.0000   0.5060
  -0.500   0.8986   0.00649   0.00170  -0.2159  0.0389  0.0069  -1.1190   0.0000   0.4891
   0.000   0.9564   0.00659   0.00178  -0.2162  0.0382  0.0074  -1.1719   0.0000   0.4742
   0.500   1.0139   0.00669   0.00187  -0.2165  0.0381  0.0092  -1.2270   0.0000   0.4610
   1.000   1.0715   0.00678   0.00197  -0.2169  0.0384  0.0169  -1.2925   0.0000   0.4491
   1.500   1.1286   0.00690   0.00207  -0.2171  0.0382  0.0171  -1.3683   0.0000   0.4384
   2.000   1.1835   0.00719   0.00229  -0.2169  0.0206  0.0199  -1.4427   0.0000   0.4286
   2.500   1.2385   0.00748   0.00255  -0.2167  0.0014  0.0370  -1.5338   0.0000   0.4196
   3.000   1.2942   0.00768   0.00272  -0.2167  0.0013  0.0379  -1.6501   0.0000   0.4113
   3.500   1.3496   0.00788   0.00291  -0.2167  0.0013  0.0384  -1.7684   0.0000   0.4037
   4.000   1.4047   0.00810   0.00311  -0.2166  0.0013  0.0408  -1.9160   0.0000   0.3966
   4.500   1.4593   0.00834   0.00333  -0.2165  0.0013  0.0463  -2.0952   0.0000   0.3900
   5.000   1.5137   0.00858   0.00357  -0.2163  0.0013  0.0663  -2.2789   0.0000   0.3838
   5.500   1.5675   0.00884   0.00382  -0.2161  0.0013  0.0713  -2.4665   0.0000   0.3779
   6.000   1.6211   0.00911   0.00410  -0.2158  0.0012  0.1036  -2.6585   0.0000   0.3723
   6.500   1.6738   0.00941   0.00438  -0.2154  0.0012  0.1142  -2.8539   0.0000   0.3671
   8.000   1.8284   0.01042   0.00537  -0.2136  0.0012  0.1457  -3.4611   0.0000   0.3526
   8.500   1.8782   0.01080   0.00574  -0.2127  0.0012  0.1506  -3.6692   0.0000   0.3481
   9.000   1.9278   0.01119   0.00615  -0.2118  0.0012  0.2050  -3.9501   0.0000   0.3438
   9.500   1.9763   0.01160   0.00659  -0.2108  0.0012  0.2491  -4.3461   0.0000   0.3396
  10.000   2.0230   0.01206   0.00705  -0.2094  0.0012  0.2701  -4.9303   0.0000   0.3355
  10.500   2.0688   0.01254   0.00757  -0.2079  0.0011  0.3201  -5.5402   0.0000   0.3315
  11.000   2.1115   0.01309   0.00811  -0.2058  0.0011  0.3299  -6.1623   0.0000   0.3274
  11.500   2.1427   0.01368   0.00871  -0.2013  0.0011  0.3371  -6.7376   0.0000   0.3229
  12.000   2.1714   0.01438   0.00942  -0.1965  0.0010  0.3380  -7.3197   0.0000   0.3185
  12.500   2.2009   0.01519   0.01027  -0.1922  0.0010  0.3693  -7.9282   0.0000   0.3142
  13.000   2.2279   0.01617   0.01126  -0.1875  0.0009  0.3787  -8.5411   0.0000   0.3100
  14.000   2.2480   0.02046   0.01580  -0.1740  0.0019  0.4517  -9.5161   0.0000   0.3011
  14.500   2.2633   0.02249   0.01787  -0.1689  0.0020  0.4625  -10.1004   0.0000   0.2972
  15.000   2.2827   0.02459   0.02003  -0.1650  0.0025  0.4972  -10.7259   0.0000   0.2937
  15.500   2.2973   0.02721   0.02271  -0.1608  0.0029  0.5216  -11.3183   0.0000   0.2902
  16.000   2.3098   0.03022   0.02578  -0.1569  0.0034  0.5390  -11.9044   0.0000   0.2869
  16.500   2.3205   0.03361   0.02924  -0.1534  0.0037  0.5645  -12.4891   0.0000   0.2838
  18.000   2.3347   0.04657   0.04244  -0.1442  0.0046  0.6400  -14.1467   0.0000   0.2754
  18.500   2.3357   0.05193   0.04789  -0.1421  0.0046  0.6607  -14.6858   0.0000   0.2730
  19.000   2.3433   0.05667   0.05270  -0.1404  0.0047  0.6927  -15.2980   0.0000   0.2707
  19.500   2.3383   0.06318   0.05931  -0.1390  0.0047  0.7238  -15.7947   0.0000   0.2687
  20.000   2.3294   0.07041   0.06666  -0.1382  0.0047  0.7603  -16.2558   0.0000   0.2671
  20.500   2.3170   0.07828   0.07464  -0.1379  0.0047  0.7952  -16.6836   0.0000   0.2657
  21.000   2.2990   0.08670   0.08318  -0.1380  0.0047  0.8197  -17.0525   0.0000   0.2646
  21.500   2.2788   0.09599   0.09259  -0.1390  0.0047  0.8349  -17.3920   0.0000   0.2639
  22.000   2.2781   0.10245   0.09913  -0.1397  0.0047  0.8560  -17.9447   0.0000   0.2626


