XFLR5 v6.02 Beta

 Calculated polar for: WORTMANN FX 63-137

 1 1 Reynolds number fixed          Mach number fixed         

 xtrf =   1.000 (top)        1.000 (bottom)
 Mach =   0.000     Re =    57.250 e 6     Ncrit =   9.000

  alpha     CL        CD       CDp       CM    Top Xtr Bot Xtr   Cpmin    Chinge    XCp    
 ------- -------- --------- --------- -------- ------- ------- -------- --------- ---------
 -21.500  -1.2727   0.04155   0.03821  -0.1619  0.4341  0.0014  -28.0104   0.0000   0.0885
 -21.000  -1.2800   0.03523   0.03179  -0.1667  0.4259  0.0014  -27.7520   0.0000   0.0871
 -20.500  -1.2864   0.02930   0.02578  -0.1712  0.4230  0.0015  -27.4545   0.0000   0.0859
 -20.000  -1.2765   0.02524   0.02167  -0.1740  0.4188  0.0015  -26.8677   0.0000   0.0841
 -19.500  -1.2632   0.02152   0.01789  -0.1764  0.4142  0.0015  -26.2225   0.0000   0.0821
 -19.000  -1.2452   0.01860   0.01493  -0.1779  0.4090  0.0016  -25.4956   0.0000   0.0800
 -18.500  -1.2018   0.01619   0.01247  -0.1827  0.4028  0.0017  -24.4555   0.0000   0.0718
 -18.000  -1.1488   0.01440   0.01054  -0.1879  0.3499  0.0017  -23.3039   0.0000   0.0610
 -16.500  -0.9878   0.01194   0.00792  -0.1920  0.3039  0.0020  -19.8531   0.0000   0.0317
 -16.000  -0.9319   0.01131   0.00725  -0.1931  0.2969  0.0021  -18.7269   0.0000   0.0192
 -15.500  -0.8750   0.01073   0.00663  -0.1942  0.2924  0.0022  -17.6187   0.0000   0.0047
 -15.000  -0.8175   0.01019   0.00607  -0.1953  0.2786  0.0024  -16.5334   0.0000  -0.0120
 -14.500  -0.7607   0.00977   0.00555  -0.1961  0.2320  0.0025  -15.4847   0.0000  -0.0308
 -14.000  -0.7023   0.00932   0.00508  -0.1971  0.2226  0.0027  -14.4495   0.0000  -0.0538
 -13.500  -0.6435   0.00893   0.00465  -0.1981  0.2209  0.0028  -13.5250   0.0000  -0.0813
 -13.000  -0.5843   0.00854   0.00424  -0.1991  0.2207  0.0029  -12.6262   0.0000  -0.1146
 -12.500  -0.5259   0.00826   0.00387  -0.1999  0.1698  0.0032  -11.7603   0.0000  -0.1547
 -10.500  -0.2874   0.00723   0.00272  -0.2034  0.1444  0.0040  -8.5151   0.0000  -0.4912
 -10.000  -0.2278   0.00706   0.00252  -0.2042  0.1390  0.0040  -7.7754   0.0000  -0.6857
  -9.500  -0.1680   0.00691   0.00235  -0.2050  0.1337  0.0041  -7.0646   0.0000  -1.0195
  -9.000  -0.1082   0.00677   0.00219  -0.2058  0.1242  0.0041  -6.3833   0.0000  -1.7230
  -8.500  -0.0483   0.00665   0.00204  -0.2065  0.1238  0.0041  -5.7295   0.0000  -4.1711
  -8.000   0.0115   0.00654   0.00192  -0.2072  0.1235  0.0042  -5.1051   0.0000  18.8212
  -7.500   0.0713   0.00645   0.00181  -0.2080  0.1232  0.0042  -4.5105   0.0000   3.2518
  -6.500   0.1908   0.00630   0.00163  -0.2094  0.1227  0.0043  -3.6530   0.0000   1.3747
  -6.000   0.2499   0.00630   0.00158  -0.2099  0.1022  0.0043  -3.2788   0.0000   1.1094
  -5.500   0.3092   0.00627   0.00153  -0.2105  0.0992  0.0044  -2.9182   0.0000   0.9450
  -5.000   0.3685   0.00626   0.00150  -0.2111  0.0965  0.0044  -2.5728   0.0000   0.8336
  -4.500   0.4278   0.00625   0.00147  -0.2117  0.0926  0.0045  -2.2426   0.0000   0.7531
  -4.000   0.4869   0.00625   0.00146  -0.2122  0.0845  0.0045  -1.9284   0.0000   0.6922
  -3.500   0.5460   0.00626   0.00146  -0.2128  0.0843  0.0045  -1.6298   0.0000   0.6445
  -3.000   0.6049   0.00628   0.00147  -0.2133  0.0841  0.0046  -1.3469   0.0000   0.6061
  -2.500   0.6637   0.00631   0.00149  -0.2138  0.0839  0.0046  -1.0793   0.0000   0.5745
  -2.000   0.7212   0.00645   0.00156  -0.2140  0.0643  0.0051  -0.9614   0.0000   0.5482
  -1.500   0.7789   0.00656   0.00163  -0.2143  0.0484  0.0060  -1.0115   0.0000   0.5257
  -1.000   0.8369   0.00665   0.00170  -0.2147  0.0457  0.0070  -1.0637   0.0000   0.5062
  -0.500   0.8947   0.00674   0.00177  -0.2150  0.0432  0.0078  -1.1162   0.0000   0.4892
   0.000   0.9524   0.00684   0.00186  -0.2154  0.0410  0.0084  -1.1691   0.0000   0.4743
   0.500   1.0100   0.00693   0.00195  -0.2157  0.0387  0.0154  -1.2240   0.0000   0.4610
   1.000   1.0674   0.00704   0.00205  -0.2160  0.0417  0.0170  -1.2889   0.0000   0.4491
   1.500   1.1243   0.00717   0.00217  -0.2162  0.0407  0.0171  -1.3645   0.0000   0.4383
   2.500   1.2339   0.00777   0.00266  -0.2158  0.0017  0.0372  -1.5290   0.0000   0.4194
   3.500   1.3447   0.00819   0.00303  -0.2157  0.0013  0.0398  -1.7621   0.0000   0.4035
   4.000   1.3996   0.00842   0.00325  -0.2156  0.0013  0.0429  -1.9073   0.0000   0.3964
   4.500   1.4541   0.00866   0.00348  -0.2154  0.0013  0.0489  -2.0858   0.0000   0.3898
   6.000   1.6151   0.00947   0.00429  -0.2146  0.0012  0.1113  -2.6470   0.0000   0.3721
   6.500   1.6677   0.00978   0.00459  -0.2142  0.0012  0.1236  -2.8417   0.0000   0.3668
   7.000   1.7197   0.01010   0.00492  -0.2136  0.0012  0.1462  -3.0401   0.0000   0.3618
   7.500   1.7707   0.01046   0.00526  -0.2129  0.0012  0.1532  -3.2411   0.0000   0.3569
   8.000   1.8208   0.01084   0.00563  -0.2121  0.0012  0.1498  -3.4451   0.0000   0.3523
   8.500   1.8708   0.01122   0.00603  -0.2113  0.0012  0.1946  -3.6528   0.0000   0.3478
   9.500   1.9669   0.01209   0.00692  -0.2090  0.0012  0.2525  -4.2926   0.0000   0.3392
  10.000   2.0141   0.01254   0.00744  -0.2078  0.0011  0.3359  -4.8760   0.0000   0.3351
  10.500   2.0585   0.01306   0.00798  -0.2060  0.0011  0.3696  -5.4743   0.0000   0.3311
  11.000   2.0972   0.01365   0.00857  -0.2031  0.0011  0.3714  -6.0694   0.0000   0.3268
  11.500   2.1233   0.01432   0.00925  -0.1976  0.0011  0.3801  -6.6085   0.0000   0.3221
  12.000   2.1527   0.01510   0.01004  -0.1931  0.0010  0.3819  -7.1901   0.0000   0.3177
  12.500   2.1826   0.01599   0.01095  -0.1889  0.0010  0.3952  -7.7965   0.0000   0.3135
  13.500   2.2371   0.01827   0.01335  -0.1805  0.0009  0.4948  -9.0340   0.0000   0.3055
  14.000   2.2604   0.01974   0.01484  -0.1761  0.0008  0.4980  -9.6544   0.0000   0.3016
  14.500   2.2830   0.02137   0.01653  -0.1719  0.0008  0.5318  -10.2853   0.0000   0.2978
  15.000   2.2617   0.02621   0.02158  -0.1627  0.0014  0.5573  -10.5159   0.0000   0.2933
  15.500   2.2739   0.02914   0.02460  -0.1586  0.0018  0.5805  -11.0935   0.0000   0.2899
  16.000   2.2912   0.03199   0.02751  -0.1555  0.0023  0.6256  -11.7468   0.0000   0.2868
  16.500   2.2978   0.03582   0.03142  -0.1519  0.0026  0.6427  -12.2932   0.0000   0.2837
  17.000   2.3078   0.03945   0.03512  -0.1488  0.0030  0.6690  -12.8799   0.0000   0.2808
  17.500   2.3109   0.04409   0.03986  -0.1459  0.0035  0.6921  -13.4124   0.0000   0.2781
  18.000   2.3124   0.04931   0.04516  -0.1435  0.0039  0.7246  -13.9406   0.0000   0.2757
  18.500   2.3120   0.05516   0.05113  -0.1417  0.0041  0.7716  -14.4584   0.0000   0.2735
  19.000   2.3086   0.06160   0.05769  -0.1404  0.0043  0.8145  -14.9555   0.0000   0.2715


