XFLR5 v6.02 Beta

 Calculated polar for: WORTMANN FX 63-137

 1 1 Reynolds number fixed          Mach number fixed         

 xtrf =   1.000 (top)        1.000 (bottom)
 Mach =   0.000     Re =    68.750 e 6     Ncrit =   9.000

  alpha     CL        CD       CDp       CM    Top Xtr Bot Xtr   Cpmin    Chinge    XCp    
 ------- -------- --------- --------- -------- ------- ------- -------- --------- ---------
 -22.000  -0.3929   0.20374   0.20131  -0.0618  0.2211  0.0014  -6.5994   0.0000   0.0418
 -21.500  -0.3756   0.19854   0.19609  -0.0654  0.2210  0.0014  -6.3850   0.0000   0.0246
 -21.000  -0.3584   0.19328   0.19082  -0.0689  0.2209  0.0014  -6.1756   0.0000   0.0058
 -20.500  -0.3414   0.18802   0.18550  -0.0723  0.1922  0.0014  -5.9723   0.0000  -0.0142
 -20.000  -0.3244   0.18268   0.18013  -0.0756  0.1699  0.0014  -5.7742   0.0000  -0.0364
 -19.500  -0.3073   0.17726   0.17470  -0.0790  0.1692  0.0015  -5.5824   0.0000  -0.0612
 -19.000  -0.2904   0.17180   0.16922  -0.0822  0.1692  0.0016  -5.3954   0.0000  -0.0887
 -18.000  -1.1491   0.01376   0.00994  -0.1892  0.3378  0.0016  -23.3376   0.0000   0.0598
 -17.500  -1.0969   0.01295   0.00905  -0.1905  0.3019  0.0016  -22.1766   0.0000   0.0514
 -17.000  -1.0424   0.01221   0.00827  -0.1917  0.2945  0.0017  -21.0127   0.0000   0.0417
 -16.500  -0.9869   0.01156   0.00759  -0.1929  0.2875  0.0018  -19.8613   0.0000   0.0306
 -16.000  -0.9305   0.01096   0.00696  -0.1940  0.2803  0.0019  -18.7277   0.0000   0.0180
 -15.500  -0.8733   0.01042   0.00639  -0.1950  0.2786  0.0020  -17.6150   0.0000   0.0034
 -15.000  -0.8166   0.00997   0.00586  -0.1959  0.2453  0.0021  -16.5356   0.0000  -0.0130
 -14.500  -0.7588   0.00953   0.00538  -0.1968  0.2219  0.0022  -15.4756   0.0000  -0.0325
 -14.000  -0.7003   0.00911   0.00494  -0.1978  0.2213  0.0024  -14.4388   0.0000  -0.0556
 -13.500  -0.6420   0.00876   0.00453  -0.1986  0.1948  0.0025  -13.5177   0.0000  -0.0829
 -13.000  -0.5831   0.00841   0.00415  -0.1995  0.1883  0.0026  -12.6213   0.0000  -0.1162
 -12.000  -0.4647   0.00781   0.00346  -0.2013  0.1457  0.0030  -10.9041   0.0000  -0.2091
 -11.500  -0.4048   0.00750   0.00314  -0.2023  0.1476  0.0034  -10.0797   0.0000  -0.2773
 -11.000  -0.3450   0.00726   0.00286  -0.2032  0.1430  0.0037  -9.2823   0.0000  -0.3689
 -10.500  -0.2853   0.00705   0.00263  -0.2040  0.1381  0.0039  -8.5112   0.0000  -0.4990
 -10.000  -0.2255   0.00688   0.00243  -0.2048  0.1331  0.0040  -7.7695   0.0000  -0.6982
  -9.500  -0.1656   0.00673   0.00226  -0.2056  0.1281  0.0041  -7.0579   0.0000  -1.0416
  -9.000  -0.1058   0.00659   0.00211  -0.2064  0.1238  0.0041  -6.3761   0.0000  -1.7739
  -8.500  -0.0459   0.00647   0.00197  -0.2071  0.1235  0.0041  -5.7220   0.0000  -4.4174
  -8.000   0.0139   0.00637   0.00185  -0.2078  0.1232  0.0042  -5.0977   0.0000  15.6435
  -7.500   0.0737   0.00628   0.00175  -0.2086  0.1228  0.0042  -4.5030   0.0000   3.1619
  -7.000   0.1335   0.00620   0.00166  -0.2093  0.1227  0.0043  -4.0414   0.0000   1.8599
  -6.500   0.1926   0.00619   0.00159  -0.2098  0.1018  0.0043  -3.6516   0.0000   1.3665
  -6.000   0.2521   0.00615   0.00153  -0.2104  0.0989  0.0043  -3.2754   0.0000   1.1039
  -5.500   0.3115   0.00612   0.00149  -0.2110  0.0962  0.0044  -2.9144   0.0000   0.9416
  -5.000   0.3709   0.00611   0.00145  -0.2116  0.0936  0.0044  -2.5687   0.0000   0.8313
  -4.500   0.4302   0.00610   0.00143  -0.2122  0.0872  0.0044  -2.2385   0.0000   0.7515
  -4.000   0.4894   0.00610   0.00142  -0.2128  0.0843  0.0045  -1.9239   0.0000   0.6911
  -3.500   0.5484   0.00611   0.00142  -0.2133  0.0842  0.0045  -1.6252   0.0000   0.6437
  -3.000   0.6074   0.00613   0.00143  -0.2139  0.0841  0.0046  -1.3424   0.0000   0.6055
  -2.500   0.6662   0.00616   0.00145  -0.2144  0.0838  0.0046  -1.0749   0.0000   0.5741
  -2.000   0.7231   0.00634   0.00154  -0.2145  0.0481  0.0048  -0.9625   0.0000   0.5479
  -1.500   0.7813   0.00641   0.00159  -0.2149  0.0450  0.0056  -1.0130   0.0000   0.5255
  -1.000   0.8394   0.00649   0.00165  -0.2152  0.0426  0.0065  -1.0654   0.0000   0.5061
  -0.500   0.8973   0.00658   0.00173  -0.2156  0.0404  0.0072  -1.1180   0.0000   0.4892
   0.000   0.9551   0.00667   0.00181  -0.2159  0.0383  0.0077  -1.1710   0.0000   0.4742
   0.500   1.0126   0.00677   0.00190  -0.2162  0.0381  0.0096  -1.2260   0.0000   0.4610
   1.000   1.0701   0.00687   0.00199  -0.2166  0.0394  0.0169  -1.2913   0.0000   0.4491
   1.500   1.1272   0.00699   0.00211  -0.2168  0.0387  0.0171  -1.3670   0.0000   0.4383
   2.000   1.1828   0.00722   0.00228  -0.2168  0.0263  0.0204  -1.4422   0.0000   0.4285
   3.000   1.2926   0.00777   0.00276  -0.2164  0.0013  0.0379  -1.6482   0.0000   0.4113
   3.500   1.3480   0.00798   0.00295  -0.2164  0.0013  0.0388  -1.7663   0.0000   0.4036
   4.000   1.4030   0.00821   0.00316  -0.2163  0.0013  0.0415  -1.9131   0.0000   0.3965
   4.500   1.4576   0.00844   0.00338  -0.2161  0.0013  0.0472  -2.0921   0.0000   0.3899
   5.000   1.5119   0.00869   0.00362  -0.2160  0.0013  0.0664  -2.2756   0.0000   0.3837
   5.500   1.5656   0.00896   0.00388  -0.2157  0.0013  0.0726  -2.4629   0.0000   0.3778
   6.000   1.6191   0.00923   0.00416  -0.2154  0.0012  0.1052  -2.6547   0.0000   0.3723
   6.500   1.6717   0.00953   0.00445  -0.2150  0.0012  0.1172  -2.8498   0.0000   0.3670
   7.500   1.7754   0.01019   0.00510  -0.2139  0.0012  0.1464  -3.2510   0.0000   0.3571
   8.000   1.8259   0.01056   0.00545  -0.2131  0.0012  0.1461  -3.4558   0.0000   0.3525
   8.500   1.8755   0.01095   0.00583  -0.2122  0.0012  0.1571  -3.6634   0.0000   0.3480
   9.000   1.9250   0.01134   0.00625  -0.2113  0.0012  0.2127  -3.9421   0.0000   0.3437
   9.500   1.9732   0.01176   0.00670  -0.2102  0.0012  0.2491  -4.3286   0.0000   0.3395
  10.500   2.0653   0.01272   0.00770  -0.2072  0.0011  0.3333  -5.5181   0.0000   0.3313
  13.500   2.2503   0.01758   0.01272  -0.1826  0.0009  0.4643  -9.1364   0.0000   0.3059
  14.500   2.2558   0.02297   0.01833  -0.1680  0.0016  0.4782  -10.0119   0.0000   0.2971
  15.000   2.2743   0.02519   0.02060  -0.1640  0.0021  0.5051  -10.6541   0.0000   0.2935
  15.500   2.2909   0.02774   0.02322  -0.1602  0.0026  0.5380  -11.2652   0.0000   0.2901
  16.000   2.3040   0.03077   0.02631  -0.1565  0.0030  0.5642  -11.8559   0.0000   0.2869
  16.500   2.3144   0.03422   0.02983  -0.1530  0.0034  0.5940  -12.4365   0.0000   0.2838
  17.000   2.3218   0.03812   0.03382  -0.1497  0.0037  0.6278  -13.0024   0.0000   0.2808
  17.500   2.3244   0.04254   0.03831  -0.1465  0.0042  0.6426  -13.5337   0.0000   0.2780
  18.000   2.3267   0.04752   0.04338  -0.1439  0.0044  0.6646  -14.0722   0.0000   0.2755
  18.500   2.3271   0.05305   0.04901  -0.1419  0.0046  0.6921  -14.6009   0.0000   0.2732


