XFLR5 v6.02 Beta

 Calculated polar for: WORTMANN FX 63-137

 1 1 Reynolds number fixed          Mach number fixed         

 xtrf =   1.000 (top)        1.000 (bottom)
 Mach =   0.000     Re =    49.250 e 6     Ncrit =   9.000

  alpha     CL        CD       CDp       CM    Top Xtr Bot Xtr   Cpmin    Chinge    XCp    
 ------- -------- --------- --------- -------- ------- ------- -------- --------- ---------
 -22.000  -1.1952   0.05735   0.05420  -0.1489  0.4672  0.0015  -26.8881   0.0000   0.0885
 -21.500  -1.2378   0.04595   0.04267  -0.1578  0.4667  0.0016  -27.3490   0.0000   0.0877
 -21.000  -1.2597   0.03740   0.03402  -0.1648  0.4659  0.0016  -27.3808   0.0000   0.0863
 -20.500  -1.2618   0.03186   0.02841  -0.1689  0.4658  0.0016  -27.0213   0.0000   0.0848
 -20.000  -1.2614   0.02666   0.02314  -0.1728  0.4656  0.0017  -26.6076   0.0000   0.0831
 -19.500  -1.2476   0.02312   0.01951  -0.1750  0.4367  0.0017  -25.9585   0.0000   0.0812
 -19.000  -1.2366   0.01985   0.01618  -0.1760  0.4313  0.0017  -25.3335   0.0000   0.0804
 -18.500  -1.1997   0.01722   0.01348  -0.1802  0.4249  0.0018  -24.3819   0.0000   0.0736
 -17.500  -1.0965   0.01388   0.00993  -0.1886  0.3390  0.0020  -22.1268   0.0000   0.0532
 -17.000  -1.0428   0.01299   0.00900  -0.1901  0.3381  0.0021  -20.9780   0.0000   0.0433
 -15.500  -0.8759   0.01094   0.00681  -0.1937  0.3066  0.0024  -17.6176   0.0000   0.0056
 -15.000  -0.8188   0.01039   0.00621  -0.1948  0.2991  0.0026  -16.5370   0.0000  -0.0110
 -14.500  -0.7621   0.00994   0.00567  -0.1956  0.2433  0.0027  -15.4906   0.0000  -0.0297
 -14.000  -0.7039   0.00949   0.00517  -0.1966  0.2338  0.0029  -14.4577   0.0000  -0.0524
 -13.500  -0.6452   0.00908   0.00473  -0.1976  0.2217  0.0030  -13.5333   0.0000  -0.0796
 -13.000  -0.5861   0.00869   0.00432  -0.1986  0.2210  0.0032  -12.6337   0.0000  -0.1128
 -12.500  -0.5276   0.00840   0.00394  -0.1994  0.1791  0.0034  -11.7656   0.0000  -0.1525
 -12.000  -0.4681   0.00808   0.00360  -0.2004  0.1696  0.0037  -10.9126   0.0000  -0.2037
 -11.500  -0.4084   0.00780   0.00329  -0.2013  0.1696  0.0039  -10.0823   0.0000  -0.2701
 -11.000  -0.3487   0.00757   0.00304  -0.2022  0.1692  0.0039  -9.2844   0.0000  -0.3594
 -10.000  -0.2297   0.00722   0.00261  -0.2037  0.1444  0.0040  -7.7785   0.0000  -0.6758
  -9.500  -0.1700   0.00707   0.00242  -0.2045  0.1387  0.0041  -7.0689   0.0000  -1.0015
  -9.000  -0.1103   0.00693   0.00225  -0.2052  0.1288  0.0041  -6.3886   0.0000  -1.6814
  -8.500  -0.0504   0.00680   0.00211  -0.2060  0.1241  0.0041  -5.7349   0.0000  -3.9800
  -8.000   0.0095   0.00669   0.00198  -0.2067  0.1238  0.0042  -5.1108   0.0000  22.8073
  -7.500   0.0693   0.00659   0.00186  -0.2075  0.1235  0.0042  -4.5162   0.0000   3.3335
  -7.000   0.1291   0.00651   0.00176  -0.2082  0.1233  0.0043  -4.0475   0.0000   1.9071
  -6.500   0.1888   0.00644   0.00168  -0.2089  0.1230  0.0043  -3.6559   0.0000   1.3842
  -6.000   0.2485   0.00638   0.00161  -0.2096  0.1226  0.0043  -3.2795   0.0000   1.1129
  -5.500   0.3073   0.00640   0.00157  -0.2101  0.1019  0.0044  -2.9210   0.0000   0.9478
  -5.000   0.3666   0.00638   0.00153  -0.2106  0.0990  0.0044  -2.5756   0.0000   0.8354
  -4.500   0.4258   0.00638   0.00151  -0.2112  0.0962  0.0045  -2.2459   0.0000   0.7543
  -4.000   0.4848   0.00639   0.00150  -0.2118  0.0866  0.0045  -1.9321   0.0000   0.6931
  -3.500   0.5439   0.00640   0.00150  -0.2123  0.0844  0.0046  -1.6336   0.0000   0.6451
  -3.000   0.6028   0.00642   0.00151  -0.2128  0.0842  0.0048  -1.3508   0.0000   0.6065
  -2.500   0.6615   0.00645   0.00153  -0.2133  0.0840  0.0046  -1.0831   0.0000   0.5748
  -2.000   0.7201   0.00649   0.00156  -0.2138  0.0834  0.0054  -0.9609   0.0000   0.5483
  -1.000   0.8349   0.00677   0.00173  -0.2143  0.0485  0.0075  -1.0623   0.0000   0.5063
  -0.500   0.8926   0.00687   0.00181  -0.2146  0.0458  0.0083  -1.1147   0.0000   0.4893
   0.000   0.9501   0.00698   0.00190  -0.2149  0.0433  0.0090  -1.1674   0.0000   0.4743
   0.500   1.0077   0.00708   0.00200  -0.2152  0.0410  0.0156  -1.2222   0.0000   0.4610
   1.000   1.0651   0.00719   0.00210  -0.2155  0.0437  0.0170  -1.2868   0.0000   0.4490
   1.500   1.1220   0.00732   0.00222  -0.2157  0.0426  0.0172  -1.3624   0.0000   0.4383
   2.000   1.1786   0.00746   0.00235  -0.2159  0.0408  0.0192  -1.4386   0.0000   0.4285
   2.500   1.2313   0.00794   0.00272  -0.2152  0.0020  0.0373  -1.5263   0.0000   0.4194
   3.500   1.3420   0.00836   0.00311  -0.2151  0.0013  0.0409  -1.7585   0.0000   0.4034
   4.000   1.3967   0.00860   0.00333  -0.2150  0.0014  0.0442  -1.9024   0.0000   0.3963
   4.500   1.4511   0.00884   0.00357  -0.2148  0.0013  0.0505  -2.0806   0.0000   0.3897
   5.000   1.5052   0.00910   0.00382  -0.2146  0.0013  0.0668  -2.2632   0.0000   0.3834
   5.500   1.5585   0.00939   0.00409  -0.2143  0.0013  0.0780  -2.4496   0.0000   0.3775
   6.000   1.6118   0.00967   0.00439  -0.2139  0.0012  0.1166  -2.6404   0.0000   0.3720
   7.500   1.7668   0.01069   0.00540  -0.2122  0.0012  0.1631  -3.2329   0.0000   0.3568
   8.000   1.8166   0.01108   0.00577  -0.2113  0.0012  0.1597  -3.4360   0.0000   0.3521
   8.500   1.8662   0.01148   0.00619  -0.2104  0.0012  0.1976  -3.6427   0.0000   0.3476
   9.000   1.9149   0.01189   0.00664  -0.2094  0.0012  0.2502  -3.9129   0.0000   0.3433
   9.500   1.9616   0.01236   0.00712  -0.2080  0.0012  0.2722  -4.2628   0.0000   0.3390
  10.000   2.0090   0.01282   0.00767  -0.2068  0.0011  0.3708  -4.8448   0.0000   0.3350
  10.500   2.0519   0.01337   0.00822  -0.2047  0.0011  0.3861  -5.4325   0.0000   0.3308
  11.000   2.0835   0.01398   0.00885  -0.2004  0.0011  0.3972  -5.9823   0.0000   0.3262
  13.000   2.2001   0.01758   0.01258  -0.1831  0.0010  0.4983  -8.3320   0.0000   0.3091
  13.500   2.2257   0.01887   0.01389  -0.1788  0.0009  0.5001  -8.9463   0.0000   0.3051
  14.000   2.2502   0.02036   0.01541  -0.1747  0.0009  0.5249  -9.5718   0.0000   0.3013
  14.500   2.2721   0.02207   0.01720  -0.1706  0.0009  0.5653  -10.1955   0.0000   0.2976
  15.000   2.2897   0.02425   0.01944  -0.1663  0.0008  0.6027  -10.8029   0.0000   0.2940
  16.000   2.2727   0.03365   0.02917  -0.1540  0.0017  0.6534  -11.5451   0.0000   0.2867
  16.500   2.2832   0.03733   0.03292  -0.1510  0.0020  0.6880  -12.1598   0.0000   0.2838
  17.000   2.2894   0.04139   0.03705  -0.1479  0.0024  0.7098  -12.7162   0.0000   0.2809
  17.500   2.2923   0.04633   0.04211  -0.1453  0.0028  0.7472  -13.2463   0.0000   0.2784
  18.000   2.2952   0.05166   0.04755  -0.1433  0.0033  0.7955  -13.7825   0.0000   0.2760
  18.500   2.3025   0.05681   0.05282  -0.1420  0.0036  0.8564  -14.3701   0.0000   0.2738
  19.000   2.3048   0.06364   0.05988  -0.1421  0.0039  1.0000  -14.9207   0.0000   0.2723
  19.500   2.2955   0.07088   0.06721  -0.1411  0.0041  1.0000  -15.3636   0.0000   0.2705


