XFLR5 v6.02 Beta

 Calculated polar for: WORTMANN FX 63-137

 1 1 Reynolds number fixed          Mach number fixed         

 xtrf =   1.000 (top)        1.000 (bottom)
 Mach =   0.000     Re =    31.750 e 6     Ncrit =   9.000

  alpha     CL        CD       CDp       CM    Top Xtr Bot Xtr   Cpmin    Chinge    XCp    
 ------- -------- --------- --------- -------- ------- ------- -------- --------- ---------
 -20.500  -1.1958   0.03950   0.03617  -0.1615  0.5502  0.0022  -25.8236   0.0000   0.0825
 -20.000  -1.2084   0.03251   0.02906  -0.1671  0.5324  0.0022  -25.6711   0.0000   0.0810
 -19.500  -1.2045   0.02763   0.02411  -0.1708  0.5309  0.0022  -25.2162   0.0000   0.0790
 -19.000  -1.1946   0.02336   0.01978  -0.1739  0.5307  0.0023  -24.6574   0.0000   0.0766
 -18.000  -1.1458   0.01727   0.01351  -0.1798  0.4958  0.0025  -23.1206   0.0000   0.0675
 -17.500  -1.0943   0.01500   0.01109  -0.1861  0.4440  0.0026  -22.0370   0.0000   0.0550
 -16.500  -0.9892   0.01296   0.00889  -0.1897  0.4006  0.0028  -19.8086   0.0000   0.0344
 -16.000  -0.9350   0.01221   0.00804  -0.1909  0.3678  0.0030  -18.7079   0.0000   0.0223
 -15.500  -0.8789   0.01152   0.00729  -0.1922  0.3612  0.0032  -17.6118   0.0000   0.0082
 -15.000  -0.8220   0.01091   0.00664  -0.1933  0.3518  0.0033  -16.5332   0.0000  -0.0082
 -14.500  -0.7643   0.01037   0.00606  -0.1944  0.3378  0.0035  -15.4751   0.0000  -0.0273
 -14.000  -0.7079   0.01000   0.00556  -0.1952  0.2784  0.0036  -14.4584   0.0000  -0.0487
 -13.000  -0.5914   0.00926   0.00469  -0.1970  0.2432  0.0037  -12.6215   0.0000  -0.1067
 -12.500  -0.5324   0.00893   0.00431  -0.1979  0.2347  0.0038  -11.7468   0.0000  -0.1460
 -12.000  -0.4741   0.00868   0.00397  -0.1986  0.1878  0.0038  -10.9047   0.0000  -0.1942
 -11.500  -0.4144   0.00839   0.00366  -0.1996  0.1938  0.0039  -10.0745   0.0000  -0.2585
 -11.000  -0.3551   0.00815   0.00338  -0.2004  0.1805  0.0039  -9.2813   0.0000  -0.3434
 -10.500  -0.2954   0.00792   0.00312  -0.2012  0.1729  0.0040  -8.5134   0.0000  -0.4638
 -10.000  -0.2356   0.00771   0.00288  -0.2021  0.1699  0.0040  -7.7742   0.0000  -0.6459
  -9.500  -0.1757   0.00752   0.00267  -0.2030  0.1692  0.0041  -7.0653   0.0000  -0.9526
  -9.000  -0.1164   0.00740   0.00248  -0.2037  0.1451  0.0041  -6.3922   0.0000  -1.5665
  -8.500  -0.0567   0.00727   0.00231  -0.2044  0.1394  0.0041  -5.7416   0.0000  -3.4825
  -8.000   0.0031   0.00715   0.00216  -0.2052  0.1342  0.0042  -5.1197   0.0000  68.5979
  -7.500   0.0629   0.00704   0.00203  -0.2059  0.1293  0.0042  -4.5269   0.0000   3.6205
  -7.000   0.1227   0.00694   0.00192  -0.2067  0.1256  0.0043  -4.0511   0.0000   1.9804
  -6.500   0.1825   0.00686   0.00182  -0.2074  0.1239  0.0043  -3.6611   0.0000   1.4153
  -6.000   0.2421   0.00680   0.00174  -0.2081  0.1236  0.0043  -3.2862   0.0000   1.1292
  -5.500   0.3017   0.00675   0.00168  -0.2087  0.1232  0.0044  -2.9264   0.0000   0.9563
  -5.000   0.3612   0.00671   0.00163  -0.2094  0.1227  0.0044  -2.5799   0.0000   0.8406
  -4.500   0.4206   0.00669   0.00159  -0.2100  0.1222  0.0045  -2.2518   0.0000   0.7577
  -4.000   0.4788   0.00677   0.00160  -0.2104  0.1005  0.0045  -1.9415   0.0000   0.6958
  -3.500   0.5374   0.00681   0.00161  -0.2109  0.0908  0.0046  -1.6446   0.0000   0.6471
  -3.000   0.5963   0.00683   0.00162  -0.2114  0.0877  0.0056  -1.3622   0.0000   0.6080
  -2.500   0.6550   0.00686   0.00164  -0.2119  0.0844  0.0052  -1.0943   0.0000   0.5759
  -2.000   0.7136   0.00690   0.00167  -0.2124  0.0841  0.0065  -0.9568   0.0000   0.5490
  -1.500   0.7719   0.00696   0.00171  -0.2128  0.0834  0.0080  -1.0069   0.0000   0.5262
  -0.500   0.8865   0.00725   0.00191  -0.2133  0.0571  0.0148  -1.1105   0.0000   0.4895
   0.000   0.9439   0.00736   0.00200  -0.2136  0.0510  0.0153  -1.1631   0.0000   0.4744
   0.500   1.0010   0.00749   0.00212  -0.2138  0.0483  0.0159  -1.2170   0.0000   0.4610
   1.000   1.0584   0.00759   0.00222  -0.2141  0.0505  0.0171  -1.2811   0.0000   0.4490
   1.500   1.1151   0.00773   0.00234  -0.2143  0.0496  0.0173  -1.3564   0.0000   0.4381
   2.000   1.1713   0.00791   0.00250  -0.2143  0.0466  0.0207  -1.4320   0.0000   0.4283
   2.500   1.2232   0.00844   0.00292  -0.2136  0.0031  0.0375  -1.5178   0.0000   0.4192
   3.000   1.2785   0.00866   0.00312  -0.2135  0.0023  0.0382  -1.6303   0.0000   0.4109
   3.500   1.3334   0.00890   0.00334  -0.2134  0.0018  0.0447  -1.7474   0.0000   0.4032
   4.000   1.3878   0.00915   0.00358  -0.2132  0.0022  0.0482  -1.8872   0.0000   0.3960
   6.000   1.6017   0.01029   0.00474  -0.2120  0.0012  0.1461  -2.6206   0.0000   0.3716
   6.500   1.6533   0.01064   0.00508  -0.2114  0.0012  0.1615  -2.8129   0.0000   0.3663
   7.000   1.7048   0.01099   0.00545  -0.2108  0.0012  0.1945  -3.0094   0.0000   0.3612
   7.500   1.7548   0.01139   0.00584  -0.2099  0.0012  0.2054  -3.2076   0.0000   0.3563
   8.000   1.8036   0.01181   0.00625  -0.2088  0.0012  0.2004  -3.4081   0.0000   0.3516
   9.000   1.9004   0.01269   0.00723  -0.2066  0.0012  0.3214  -3.8706   0.0000   0.3427
  10.000   1.9914   0.01371   0.00838  -0.2036  0.0011  0.4520  -4.7381   0.0000   0.3343
  10.500   2.0234   0.01433   0.00902  -0.1993  0.0011  0.4652  -5.2574   0.0000   0.3296
  11.000   2.0536   0.01506   0.00977  -0.1948  0.0011  0.4761  -5.7884   0.0000   0.3250
  11.500   2.0843   0.01590   0.01065  -0.1906  0.0011  0.4989  -6.3471   0.0000   0.3206
  12.000   2.1133   0.01688   0.01165  -0.1864  0.0010  0.5198  -6.9154   0.0000   0.3163
  12.500   2.1407   0.01802   0.01283  -0.1821  0.0010  0.5320  -7.4951   0.0000   0.3121
  13.000   2.1677   0.01932   0.01418  -0.1781  0.0010  0.5623  -8.0907   0.0000   0.3081
  13.500   2.1932   0.02082   0.01574  -0.1742  0.0009  0.5954  -8.6948   0.0000   0.3043
  14.000   2.2143   0.02262   0.01761  -0.1700  0.0009  0.6382  -9.2861   0.0000   0.3005
  14.500   2.2343   0.02474   0.01981  -0.1661  0.0009  0.6844  -9.8854   0.0000   0.2969
  15.000   2.2528   0.02713   0.02226  -0.1624  0.0009  0.7088  -10.4892   0.0000   0.2935
  15.500   2.2699   0.02987   0.02508  -0.1590  0.0008  0.7484  -11.0984   0.0000   0.2902
  16.000   2.2861   0.03293   0.02823  -0.1560  0.0008  0.8013  -11.7147   0.0000   0.2872
  16.500   2.3060   0.03642   0.03198  -0.1545  0.0008  1.0000  -12.3790   0.0000   0.2846
  17.000   2.3145   0.04024   0.03586  -0.1514  0.0007  1.0000  -12.9606   0.0000   0.2817
  18.000   2.2523   0.05798   0.05397  -0.1434  0.0015  1.0000  -13.3363   0.0000   0.2771
  18.500   2.2538   0.06371   0.05978  -0.1419  0.0018  1.0000  -13.8891   0.0000   0.2750
  19.000   2.2525   0.06999   0.06614  -0.1410  0.0021  1.0000  -14.4123   0.0000   0.2732
  19.500   2.2412   0.07771   0.07396  -0.1405  0.0023  1.0000  -14.8243   0.0000   0.2717


