XFLR5 v6.02 Beta

 Calculated polar for: WORTMANN FX 63-137

 1 1 Reynolds number fixed          Mach number fixed         

 xtrf =   1.000 (top)        1.000 (bottom)
 Mach =   0.000     Re =    27.750 e 6     Ncrit =   9.000

  alpha     CL        CD       CDp       CM    Top Xtr Bot Xtr   Cpmin    Chinge    XCp    
 ------- -------- --------- --------- -------- ------- ------- -------- --------- ---------
 -21.000  -1.1531   0.05097   0.04788  -0.1518  0.6136  0.0023  -25.3650   0.0000   0.0838
 -20.500  -1.1828   0.04107   0.03784  -0.1599  0.5994  0.0024  -25.5770   0.0000   0.0822
 -20.000  -1.1911   0.03442   0.03109  -0.1652  0.5951  0.0024  -25.3608   0.0000   0.0803
 -19.500  -1.1948   0.02874   0.02523  -0.1696  0.5540  0.0024  -25.0409   0.0000   0.0787
 -19.000  -1.1877   0.02421   0.02061  -0.1730  0.5435  0.0025  -24.5314   0.0000   0.0764
 -18.500  -1.1745   0.02083   0.01718  -0.1744  0.5356  0.0026  -23.9021   0.0000   0.0748
 -18.000  -1.1429   0.01783   0.01411  -0.1786  0.5315  0.0027  -23.0536   0.0000   0.0680
 -17.500  -1.0940   0.01542   0.01155  -0.1848  0.4911  0.0028  -22.0048   0.0000   0.0562
 -17.000  -1.0439   0.01421   0.01015  -0.1873  0.4169  0.0029  -20.9187   0.0000   0.0463
 -16.500  -0.9902   0.01324   0.00913  -0.1890  0.4029  0.0031  -19.8014   0.0000   0.0353
 -16.000  -0.9349   0.01241   0.00825  -0.1905  0.4008  0.0032  -18.6889   0.0000   0.0228
 -15.000  -0.8226   0.01113   0.00686  -0.1928  0.3717  0.0035  -16.5193   0.0000  -0.0074
 -14.500  -0.7655   0.01062   0.00628  -0.1938  0.3583  0.0036  -15.4672   0.0000  -0.0261
 -14.000  -0.7095   0.01027   0.00577  -0.1945  0.2914  0.0036  -14.4553   0.0000  -0.0470
 -13.500  -0.6511   0.00984   0.00529  -0.1955  0.2777  0.0037  -13.5016   0.0000  -0.0734
 -12.500  -0.5340   0.00914   0.00448  -0.1973  0.2469  0.0038  -11.7330   0.0000  -0.1437
 -12.000  -0.4753   0.00885   0.00412  -0.1981  0.2206  0.0039  -10.8877   0.0000  -0.1921
 -11.500  -0.4157   0.00855   0.00379  -0.1991  0.2215  0.0039  -10.0576   0.0000  -0.2556
 -11.000  -0.3571   0.00835   0.00350  -0.1998  0.1890  0.0040  -9.2690   0.0000  -0.3385
 -10.500  -0.2975   0.00811   0.00323  -0.2007  0.1815  0.0040  -8.5024   0.0000  -0.4568
 -10.000  -0.2377   0.00790   0.00298  -0.2015  0.1733  0.0040  -7.7639   0.0000  -0.6353
  -9.500  -0.1778   0.00769   0.00276  -0.2024  0.1699  0.0041  -7.0564   0.0000  -0.9349
  -9.000  -0.1179   0.00751   0.00255  -0.2032  0.1685  0.0041  -6.3824   0.0000  -1.5397
  -8.500  -0.0586   0.00741   0.00238  -0.2039  0.1449  0.0041  -5.7357   0.0000  -3.3537
  -8.000   0.0011   0.00729   0.00222  -0.2047  0.1395  0.0042  -5.1160   0.0000  191.7760
  -7.500   0.0609   0.00718   0.00209  -0.2054  0.1343  0.0042  -4.5253   0.0000   3.7264
  -7.000   0.1206   0.00709   0.00197  -0.2062  0.1307  0.0043  -4.0492   0.0000   2.0060
  -6.500   0.1804   0.00700   0.00187  -0.2069  0.1261  0.0043  -3.6605   0.0000   1.4259
  -6.000   0.2401   0.00694   0.00179  -0.2076  0.1239  0.0043  -3.2868   0.0000   1.1347
  -5.500   0.2997   0.00688   0.00172  -0.2083  0.1236  0.0044  -2.9273   0.0000   0.9596
  -5.000   0.3592   0.00685   0.00167  -0.2089  0.1232  0.0044  -2.5814   0.0000   0.8427
  -4.500   0.4185   0.00682   0.00163  -0.2095  0.1226  0.0045  -2.2542   0.0000   0.7590
  -3.500   0.5354   0.00694   0.00164  -0.2104  0.0933  0.0046  -1.6478   0.0000   0.6478
  -3.000   0.5942   0.00696   0.00165  -0.2109  0.0902  0.0059  -1.3657   0.0000   0.6085
  -2.500   0.6529   0.00700   0.00167  -0.2114  0.0869  0.0063  -1.0979   0.0000   0.5762
  -2.000   0.7114   0.00704   0.00170  -0.2119  0.0843  0.0070  -0.9554   0.0000   0.5492
  -1.500   0.7698   0.00709   0.00175  -0.2123  0.0838  0.0085  -1.0055   0.0000   0.5263
  -1.000   0.8279   0.00717   0.00182  -0.2127  0.0827  0.0099  -1.0577   0.0000   0.5066
  -0.500   0.8849   0.00733   0.00193  -0.2129  0.0658  0.0151  -1.1094   0.0000   0.4895
   0.000   0.9417   0.00749   0.00205  -0.2131  0.0548  0.0155  -1.1615   0.0000   0.4744
   0.500   0.9989   0.00762   0.00215  -0.2133  0.0507  0.0159  -1.2154   0.0000   0.4610
   1.000   1.0561   0.00773   0.00226  -0.2136  0.0516  0.0171  -1.2792   0.0000   0.4490
   1.500   1.1129   0.00786   0.00238  -0.2138  0.0515  0.0173  -1.3545   0.0000   0.4381
   2.000   1.1692   0.00803   0.00253  -0.2139  0.0495  0.0214  -1.4302   0.0000   0.4282
   2.500   1.2207   0.00860   0.00298  -0.2130  0.0035  0.0376  -1.5151   0.0000   0.4191
   3.000   1.2758   0.00883   0.00319  -0.2129  0.0026  0.0383  -1.6269   0.0000   0.4108
   3.500   1.3305   0.00907   0.00341  -0.2128  0.0021  0.0459  -1.7438   0.0000   0.4031
   4.000   1.3849   0.00933   0.00366  -0.2126  0.0025  0.0496  -1.8822   0.0000   0.3959
   4.500   1.4390   0.00959   0.00392  -0.2124  0.0019  0.0664  -2.0590   0.0000   0.3892
   5.000   1.4923   0.00989   0.00420  -0.2120  0.0014  0.0728  -2.2396   0.0000   0.3829
   5.500   1.5454   0.01019   0.00451  -0.2117  0.0013  0.1025  -2.4247   0.0000   0.3770
   6.000   1.5982   0.01050   0.00485  -0.2113  0.0012  0.1504  -2.6139   0.0000   0.3715
   7.000   1.7009   0.01121   0.00558  -0.2100  0.0012  0.1994  -3.0015   0.0000   0.3610
   7.500   1.7510   0.01161   0.00599  -0.2091  0.0012  0.2217  -3.1996   0.0000   0.3562
   8.000   1.7993   0.01205   0.00641  -0.2080  0.0012  0.2169  -3.3989   0.0000   0.3514
   8.500   1.8493   0.01245   0.00691  -0.2073  0.0012  0.3252  -3.6051   0.0000   0.3470
   9.500   1.9405   0.01347   0.00797  -0.2041  0.0011  0.3740  -4.1411   0.0000   0.3382
  10.000   1.9852   0.01401   0.00862  -0.2025  0.0011  0.4722  -4.7009   0.0000   0.3340
  10.500   2.0141   0.01466   0.00930  -0.1976  0.0011  0.4940  -5.2006   0.0000   0.3292
  11.000   2.0445   0.01543   0.01009  -0.1931  0.0011  0.4983  -5.7295   0.0000   0.3246
  11.500   2.0754   0.01631   0.01100  -0.1891  0.0011  0.5216  -6.2854   0.0000   0.3203
  12.000   2.1040   0.01734   0.01207  -0.1848  0.0010  0.5408  -6.8501   0.0000   0.3160
  12.500   2.1316   0.01853   0.01330  -0.1807  0.0010  0.5621  -7.4290   0.0000   0.3119
  13.000   2.1573   0.01993   0.01475  -0.1766  0.0010  0.5908  -8.0131   0.0000   0.3079
  13.500   2.1815   0.02155   0.01645  -0.1727  0.0009  0.6304  -8.6051   0.0000   0.3040
  14.000   2.2027   0.02343   0.01840  -0.1686  0.0009  0.6776  -9.1937   0.0000   0.3003
  14.500   2.2227   0.02560   0.02063  -0.1648  0.0009  0.7044  -9.7906   0.0000   0.2967
  15.000   2.2422   0.02806   0.02318  -0.1614  0.0009  0.7473  -10.3984   0.0000   0.2934
  15.500   2.2597   0.03088   0.02609  -0.1583  0.0008  0.7985  -11.0081   0.0000   0.2902
  16.000   2.2816   0.03402   0.02950  -0.1566  0.0008  1.0000  -11.6699   0.0000   0.2875
  16.500   2.2923   0.03764   0.03317  -0.1534  0.0008  1.0000  -12.2532   0.0000   0.2845
  17.000   2.2991   0.04169   0.03728  -0.1504  0.0007  1.0000  -12.8144   0.0000   0.2817
  17.500   2.3030   0.04642   0.04207  -0.1477  0.0007  1.0000  -13.3630   0.0000   0.2790
  19.000   2.2289   0.07287   0.06900  -0.1405  0.0015  1.0000  -14.1357   0.0000   0.2736
  19.500   2.2169   0.08053   0.07676  -0.1401  0.0017  1.0000  -14.5511   0.0000   0.2722


