XFLR5 v6.02 Beta

 Calculated polar for: WORTMANN FX 63-137

 1 1 Reynolds number fixed          Mach number fixed         

 xtrf =   1.000 (top)        1.000 (bottom)
 Mach =   0.000     Re =    76.750 e 6     Ncrit =   9.000

  alpha     CL        CD       CDp       CM    Top Xtr Bot Xtr   Cpmin    Chinge    XCp    
 ------- -------- --------- --------- -------- ------- ------- -------- --------- ---------
 -22.500  -0.5299   0.17465   0.17226  -0.0711  0.2788  0.0014  -11.4640   0.0000   0.0651
 -22.000  -0.5061   0.17136   0.16896  -0.0739  0.2781  0.0015  -10.9151   0.0000   0.0536
 -21.500  -0.4793   0.16891   0.16645  -0.0761  0.2236  0.0015  -10.2719   0.0000   0.0410
 -21.000  -0.4745   0.16108   0.15861  -0.0807  0.2220  0.0016  -10.3366   0.0000   0.0301
 -20.500  -0.4582   0.15602   0.15354  -0.0841  0.2216  0.0017  -10.0371   0.0000   0.0169
 -20.000  -0.4420   0.15098   0.14849  -0.0874  0.2213  0.0018  -9.7427   0.0000   0.0029
 -19.000  -1.2548   0.01638   0.01273  -0.1824  0.3728  0.0014  -25.7143   0.0000   0.0777
 -18.500  -1.2006   0.01434   0.01061  -0.1885  0.3664  0.0014  -24.5292   0.0000   0.0669
 -18.000  -1.1503   0.01345   0.00961  -0.1898  0.3005  0.0015  -23.3690   0.0000   0.0595
 -17.500  -1.0968   0.01265   0.00877  -0.1911  0.2925  0.0015  -22.1898   0.0000   0.0508
 -17.000  -1.0419   0.01195   0.00804  -0.1923  0.2852  0.0016  -21.0192   0.0000   0.0410
 -16.500  -0.9861   0.01132   0.00738  -0.1934  0.2788  0.0017  -19.8636   0.0000   0.0299
 -16.000  -0.9296   0.01075   0.00678  -0.1945  0.2782  0.0018  -18.7271   0.0000   0.0172
 -15.500  -0.8723   0.01022   0.00624  -0.1955  0.2780  0.0019  -17.6124   0.0000   0.0025
 -15.000  -0.8157   0.00981   0.00574  -0.1963  0.2294  0.0020  -16.5344   0.0000  -0.0138
 -14.500  -0.7576   0.00937   0.00527  -0.1972  0.2215  0.0021  -15.4701   0.0000  -0.0335
 -14.000  -0.6991   0.00897   0.00484  -0.1982  0.2210  0.0022  -14.4326   0.0000  -0.0567
 -13.500  -0.6409   0.00864   0.00445  -0.1990  0.1896  0.0023  -13.5118   0.0000  -0.0839
 -13.000  -0.5819   0.00830   0.00408  -0.1999  0.1796  0.0025  -12.6147   0.0000  -0.1175
 -12.000  -0.4636   0.00772   0.00342  -0.2016  0.1417  0.0028  -10.8979   0.0000  -0.2109
 -11.500  -0.4037   0.00742   0.00310  -0.2026  0.1430  0.0032  -10.0748   0.0000  -0.2795
 -11.000  -0.3439   0.00718   0.00283  -0.2035  0.1393  0.0035  -9.2792   0.0000  -0.3718
 -10.500  -0.2840   0.00696   0.00259  -0.2044  0.1346  0.0038  -8.5089   0.0000  -0.5034
 -10.000  -0.2241   0.00677   0.00239  -0.2052  0.1298  0.0040  -7.7658   0.0000  -0.7055
  -9.500  -0.1642   0.00662   0.00222  -0.2060  0.1248  0.0040  -7.0536   0.0000  -1.0547
  -9.000  -0.1044   0.00649   0.00206  -0.2067  0.1236  0.0041  -6.3715   0.0000  -1.8045
  -8.500  -0.0445   0.00637   0.00193  -0.2075  0.1234  0.0041  -5.7174   0.0000  -4.5729
  -8.000   0.0153   0.00627   0.00182  -0.2082  0.1230  0.0042  -5.0930   0.0000  14.2576
  -7.500   0.0752   0.00618   0.00171  -0.2089  0.1228  0.0042  -4.4983   0.0000   3.1116
  -7.000   0.1344   0.00615   0.00163  -0.2095  0.1025  0.0043  -4.0413   0.0000   1.8510
  -6.500   0.1940   0.00610   0.00156  -0.2101  0.0998  0.0043  -3.6496   0.0000   1.3606
  -6.000   0.2534   0.00606   0.00150  -0.2107  0.0971  0.0043  -3.2731   0.0000   1.1006
  -5.500   0.3129   0.00603   0.00146  -0.2114  0.0945  0.0044  -2.9119   0.0000   0.9396
  -5.000   0.3723   0.00602   0.00143  -0.2120  0.0910  0.0044  -2.5662   0.0000   0.8300
  -4.500   0.4316   0.00601   0.00140  -0.2125  0.0844  0.0044  -2.2360   0.0000   0.7506
  -4.000   0.4908   0.00601   0.00139  -0.2131  0.0842  0.0045  -1.9212   0.0000   0.6905
  -3.500   0.5499   0.00602   0.00139  -0.2137  0.0841  0.0045  -1.6225   0.0000   0.6433
  -3.000   0.6088   0.00604   0.00140  -0.2142  0.0840  0.0046  -1.3396   0.0000   0.6052
  -2.500   0.6676   0.00607   0.00142  -0.2147  0.0838  0.0046  -1.0723   0.0000   0.5739
  -2.000   0.7245   0.00625   0.00151  -0.2148  0.0460  0.0047  -0.9634   0.0000   0.5478
  -1.500   0.7828   0.00632   0.00157  -0.2152  0.0431  0.0053  -1.0140   0.0000   0.5254
  -1.000   0.8409   0.00640   0.00163  -0.2156  0.0409  0.0062  -1.0664   0.0000   0.5060
  -0.500   0.8989   0.00648   0.00170  -0.2159  0.0387  0.0068  -1.1191   0.0000   0.4891
   0.000   0.9566   0.00657   0.00178  -0.2163  0.0382  0.0073  -1.1721   0.0000   0.4742
   0.500   1.0142   0.00667   0.00187  -0.2166  0.0381  0.0092  -1.2272   0.0000   0.4610
   1.000   1.0718   0.00677   0.00196  -0.2169  0.0383  0.0169  -1.2927   0.0000   0.4491
   1.500   1.1289   0.00689   0.00207  -0.2172  0.0382  0.0171  -1.3685   0.0000   0.4384
   2.000   1.1837   0.00718   0.00229  -0.2170  0.0195  0.0198  -1.4429   0.0000   0.4286
   2.500   1.2387   0.00747   0.00254  -0.2168  0.0014  0.0370  -1.5341   0.0000   0.4196
   3.000   1.2945   0.00766   0.00271  -0.2168  0.0013  0.0379  -1.6505   0.0000   0.4113
   3.500   1.3499   0.00786   0.00290  -0.2168  0.0013  0.0384  -1.7687   0.0000   0.4037
   4.000   1.4049   0.00808   0.00310  -0.2167  0.0013  0.0407  -1.9165   0.0000   0.3966
   4.500   1.4596   0.00832   0.00332  -0.2166  0.0013  0.0462  -2.0957   0.0000   0.3900
   5.500   1.5678   0.00882   0.00381  -0.2161  0.0013  0.0710  -2.4671   0.0000   0.3779
   6.000   1.6214   0.00909   0.00409  -0.2159  0.0012  0.1035  -2.6592   0.0000   0.3724
   6.500   1.6741   0.00939   0.00437  -0.2154  0.0012  0.1137  -2.8546   0.0000   0.3671
   7.000   1.7264   0.00970   0.00468  -0.2150  0.0012  0.1258  -3.0539   0.0000   0.3620
   7.500   1.7781   0.01003   0.00501  -0.2144  0.0012  0.1459  -3.2566   0.0000   0.3572
   8.000   1.8288   0.01039   0.00535  -0.2137  0.0012  0.1457  -3.4620   0.0000   0.3526
   8.500   1.8786   0.01077   0.00572  -0.2128  0.0012  0.1496  -3.6702   0.0000   0.3481
   9.000   1.9282   0.01116   0.00613  -0.2119  0.0012  0.2037  -3.9515   0.0000   0.3438
  10.000   2.0235   0.01203   0.00703  -0.2095  0.0012  0.2667  -4.9334   0.0000   0.3355
  10.500   2.0694   0.01251   0.00754  -0.2080  0.0011  0.3177  -5.5442   0.0000   0.3315
  11.000   2.1122   0.01305   0.00808  -0.2059  0.0011  0.3276  -6.1667   0.0000   0.3274
  11.500   2.1439   0.01364   0.00868  -0.2016  0.0011  0.3348  -6.7455   0.0000   0.3230
  12.000   2.1725   0.01434   0.00938  -0.1967  0.0010  0.3357  -7.3278   0.0000   0.3185
  13.000   2.2292   0.01612   0.01122  -0.1877  0.0009  0.3742  -8.5504   0.0000   0.3101
  13.500   2.2268   0.01882   0.01411  -0.1787  0.0014  0.4338  -8.9115   0.0000   0.3051
  14.000   2.2484   0.02044   0.01578  -0.1741  0.0019  0.4485  -9.5268   0.0000   0.3011
  14.500   2.2669   0.02227   0.01764  -0.1694  0.0021  0.4593  -10.1335   0.0000   0.2973
  15.000   2.2838   0.02450   0.01993  -0.1651  0.0025  0.4904  -10.7350   0.0000   0.2937
  15.500   2.2984   0.02712   0.02261  -0.1609  0.0030  0.5164  -11.3272   0.0000   0.2902
  16.000   2.3109   0.03013   0.02569  -0.1570  0.0034  0.5338  -11.9141   0.0000   0.2869
  16.500   2.3218   0.03350   0.02913  -0.1535  0.0038  0.5633  -12.4995   0.0000   0.2838
  17.000   2.3296   0.03732   0.03303  -0.1502  0.0041  0.5895  -13.0708   0.0000   0.2808
  17.500   2.3343   0.04152   0.03732  -0.1471  0.0045  0.6230  -13.6229   0.0000   0.2780
  18.000   2.3362   0.04642   0.04229  -0.1443  0.0046  0.6342  -14.1605   0.0000   0.2754
  18.500   2.3376   0.05171   0.04766  -0.1421  0.0046  0.6585  -14.7042   0.0000   0.2730
  19.000   2.3449   0.05649   0.05252  -0.1405  0.0047  0.6905  -15.3135   0.0000   0.2707
  19.500   2.3398   0.06299   0.05912  -0.1390  0.0047  0.7191  -15.8095   0.0000   0.2687
  20.000   2.3308   0.07021   0.06646  -0.1382  0.0047  0.7507  -16.2704   0.0000   0.2670
  20.500   2.3182   0.07806   0.07442  -0.1378  0.0047  0.7830  -16.6957   0.0000   0.2656
  21.000   2.3002   0.08644   0.08292  -0.1379  0.0047  0.8093  -17.0662   0.0000   0.2645
  21.500   2.2803   0.09576   0.09236  -0.1389  0.0047  0.8290  -17.4086   0.0000   0.2638
  22.000   2.2795   0.10216   0.09884  -0.1396  0.0047  0.8484  -17.9610   0.0000   0.2625


