XFLR5 v6.02 Beta

 Calculated polar for: WORTMANN FX 63-137

 1 1 Reynolds number fixed          Mach number fixed         

 xtrf =   1.000 (top)        1.000 (bottom)
 Mach =   0.000     Re =    38.000 e 6     Ncrit =   9.000

  alpha     CL        CD       CDp       CM    Top Xtr Bot Xtr   Cpmin    Chinge    XCp    
 ------- -------- --------- --------- -------- ------- ------- -------- --------- ---------
 -21.000  -1.2045   0.04426   0.04100  -0.1582  0.5310  0.0019  -26.3529   0.0000   0.0848
 -20.500  -1.2243   0.03615   0.03273  -0.1648  0.4979  0.0019  -26.3443   0.0000   0.0835
 -20.000  -1.2320   0.02997   0.02644  -0.1696  0.4878  0.0020  -26.0859   0.0000   0.0821
 -19.500  -1.2228   0.02577   0.02217  -0.1725  0.4821  0.0020  -25.5303   0.0000   0.0800
 -19.000  -1.2103   0.02189   0.01824  -0.1751  0.4757  0.0021  -24.9182   0.0000   0.0777
 -18.500  -1.1912   0.01889   0.01519  -0.1770  0.4689  0.0021  -24.2003   0.0000   0.0750
 -18.000  -1.1475   0.01636   0.01259  -0.1821  0.4660  0.0022  -23.1861   0.0000   0.0657
 -17.000  -1.0438   0.01359   0.00954  -0.1887  0.3614  0.0024  -20.9588   0.0000   0.0449
 -16.500  -0.9896   0.01273   0.00863  -0.1902  0.3520  0.0025  -19.8329   0.0000   0.0339
 -16.000  -0.9341   0.01196   0.00782  -0.1916  0.3425  0.0027  -18.7162   0.0000   0.0214
 -15.500  -0.8775   0.01126   0.00709  -0.1928  0.3389  0.0029  -17.6148   0.0000   0.0070
 -15.000  -0.8202   0.01065   0.00644  -0.1941  0.3381  0.0030  -16.5330   0.0000  -0.0096
 -14.500  -0.7640   0.01020   0.00587  -0.1949  0.2855  0.0032  -15.4913   0.0000  -0.0280
 -13.500  -0.6481   0.00937   0.00490  -0.1967  0.2367  0.0035  -13.5353   0.0000  -0.0768
 -13.000  -0.5892   0.00899   0.00449  -0.1977  0.2278  0.0036  -12.6322   0.0000  -0.1093
 -12.500  -0.5300   0.00865   0.00412  -0.1987  0.2215  0.0037  -11.7541   0.0000  -0.1493
 -12.000  -0.4716   0.00842   0.00380  -0.1994  0.1752  0.0038  -10.9112   0.0000  -0.1982
 -11.500  -0.4121   0.00815   0.00350  -0.2003  0.1758  0.0039  -10.0830   0.0000  -0.2630
 -11.000  -0.3524   0.00790   0.00323  -0.2011  0.1703  0.0039  -9.2863   0.0000  -0.3501
 -10.500  -0.2927   0.00768   0.00298  -0.2020  0.1697  0.0040  -8.5178   0.0000  -0.4730
 -10.000  -0.2328   0.00748   0.00276  -0.2028  0.1691  0.0040  -7.7779   0.0000  -0.6595
  -9.000  -0.1139   0.00721   0.00238  -0.2043  0.1379  0.0041  -6.3942   0.0000  -1.6114
  -8.500  -0.0541   0.00707   0.00222  -0.2051  0.1326  0.0041  -5.7416   0.0000  -3.6740
  -8.000   0.0058   0.00695   0.00208  -0.2058  0.1276  0.0042  -5.1182   0.0000  37.1236
  -7.500   0.0656   0.00685   0.00196  -0.2066  0.1241  0.0042  -4.5243   0.0000   3.4932
  -7.000   0.1254   0.00676   0.00185  -0.2073  0.1238  0.0043  -4.0507   0.0000   1.9487
  -6.500   0.1851   0.00668   0.00176  -0.2080  0.1235  0.0043  -3.6597   0.0000   1.4019
  -6.000   0.2448   0.00662   0.00169  -0.2087  0.1232  0.0043  -3.2840   0.0000   1.1222
  -5.500   0.3044   0.00658   0.00163  -0.2094  0.1227  0.0044  -2.9236   0.0000   0.9522
  -4.500   0.4223   0.00660   0.00157  -0.2104  0.1007  0.0045  -2.2510   0.0000   0.7566
  -4.000   0.4812   0.00662   0.00156  -0.2109  0.0946  0.0045  -1.9382   0.0000   0.6947
  -3.500   0.5401   0.00664   0.00156  -0.2115  0.0877  0.0046  -1.6401   0.0000   0.6463
  -3.000   0.5990   0.00666   0.00157  -0.2120  0.0851  0.0052  -1.3576   0.0000   0.6074
  -2.500   0.6577   0.00669   0.00159  -0.2125  0.0842  0.0049  -1.0896   0.0000   0.5754
  -2.000   0.7163   0.00673   0.00162  -0.2130  0.0840  0.0060  -0.9585   0.0000   0.5487
  -1.000   0.8312   0.00699   0.00179  -0.2135  0.0561  0.0085  -1.0598   0.0000   0.5065
  -0.500   0.8890   0.00709   0.00187  -0.2138  0.0508  0.0094  -1.1123   0.0000   0.4894
   0.000   0.9466   0.00720   0.00196  -0.2141  0.0478  0.0150  -1.1649   0.0000   0.4743
   0.500   1.0037   0.00733   0.00207  -0.2144  0.0451  0.0158  -1.2191   0.0000   0.4610
   1.000   1.0611   0.00743   0.00217  -0.2147  0.0476  0.0170  -1.2835   0.0000   0.4490
   1.500   1.1178   0.00757   0.00230  -0.2148  0.0461  0.0172  -1.3587   0.0000   0.4382
   2.000   1.1743   0.00773   0.00244  -0.2150  0.0441  0.0199  -1.4347   0.0000   0.4284
   2.500   1.2266   0.00823   0.00284  -0.2143  0.0026  0.0374  -1.5214   0.0000   0.4193
   3.000   1.2820   0.00844   0.00303  -0.2142  0.0019  0.0381  -1.6347   0.0000   0.4110
   3.500   1.3370   0.00867   0.00324  -0.2141  0.0015  0.0431  -1.7521   0.0000   0.4033
   4.000   1.3915   0.00892   0.00347  -0.2140  0.0018  0.0465  -1.8935   0.0000   0.3961
   5.000   1.4996   0.00945   0.00399  -0.2135  0.0013  0.0672  -2.2529   0.0000   0.3832
   5.500   1.5528   0.00974   0.00427  -0.2131  0.0013  0.0830  -2.4386   0.0000   0.3773
   6.500   1.6580   0.01036   0.00492  -0.2123  0.0012  0.1479  -2.8222   0.0000   0.3664
   7.000   1.7093   0.01072   0.00528  -0.2116  0.0012  0.1673  -3.0187   0.0000   0.3614
   7.500   1.7601   0.01109   0.00566  -0.2109  0.0012  0.1948  -3.2187   0.0000   0.3565
   8.000   1.8094   0.01150   0.00606  -0.2099  0.0012  0.1945  -3.4203   0.0000   0.3518
   8.500   1.8587   0.01190   0.00650  -0.2090  0.0012  0.2502  -3.6262   0.0000   0.3473
   9.000   1.9070   0.01234   0.00699  -0.2079  0.0012  0.3072  -3.8897   0.0000   0.3430
   9.500   1.9525   0.01285   0.00749  -0.2063  0.0012  0.3128  -4.2100   0.0000   0.3386
  10.000   1.9994   0.01333   0.00808  -0.2051  0.0011  0.4304  -4.7861   0.0000   0.3346
  10.500   2.0379   0.01392   0.00868  -0.2021  0.0011  0.4346  -5.3457   0.0000   0.3302
  11.000   2.0659   0.01459   0.00937  -0.1970  0.0011  0.4465  -5.8677   0.0000   0.3255
  11.500   2.0964   0.01538   0.01018  -0.1927  0.0010  0.4628  -6.4286   0.0000   0.3210
  12.500   2.1541   0.01734   0.01221  -0.1842  0.0010  0.4999  -7.5911   0.0000   0.3126
  13.000   2.1808   0.01858   0.01349  -0.1801  0.0010  0.5298  -8.1883   0.0000   0.3085
  13.500   2.2056   0.02002   0.01497  -0.1759  0.0009  0.5512  -8.7914   0.0000   0.3046
  14.000   2.2290   0.02166   0.01667  -0.1719  0.0009  0.5896  -9.4034   0.0000   0.3008
  14.500   2.2502   0.02357   0.01865  -0.1679  0.0009  0.6323  -10.0157   0.0000   0.2972
  15.000   2.2701   0.02577   0.02092  -0.1642  0.0009  0.6670  -10.6351   0.0000   0.2937
  15.500   2.2879   0.02830   0.02351  -0.1606  0.0008  0.6971  -11.2544   0.0000   0.2904
  16.000   2.3036   0.03120   0.02649  -0.1573  0.0007  0.7357  -11.8731   0.0000   0.2872
  17.000   2.2651   0.04425   0.03992  -0.1469  0.0013  0.8101  -12.4615   0.0000   0.2811
  17.500   2.2787   0.04929   0.04526  -0.1464  0.0017  1.0000  -13.0761   0.0000   0.2791
  18.000   2.2809   0.05468   0.05071  -0.1444  0.0023  1.0000  -13.6501   0.0000   0.2768
  18.500   2.2766   0.06107   0.05719  -0.1427  0.0025  1.0000  -14.1269   0.0000   0.2747
  19.000   2.2698   0.06795   0.06415  -0.1415  0.0028  1.0000  -14.5835   0.0000   0.2729
  19.500   2.2590   0.07555   0.07184  -0.1408  0.0030  1.0000  -15.0030   0.0000   0.2714


