XFLR5 v6.02 Beta

 Calculated polar for: WORTMANN FX 63-137

 1 1 Reynolds number fixed          Mach number fixed         

 xtrf =   1.000 (top)        1.000 (bottom)
 Mach =   0.000     Re =    52.500 e 6     Ncrit =   9.000

  alpha     CL        CD       CDp       CM    Top Xtr Bot Xtr   Cpmin    Chinge    XCp    
 ------- -------- --------- --------- -------- ------- ------- -------- --------- ---------
 -21.500  -1.2473   0.04475   0.04147  -0.1590  0.4659  0.0015  -27.5317   0.0000   0.0879
 -20.500  -1.2767   0.03028   0.02679  -0.1704  0.4356  0.0015  -27.2827   0.0000   0.0854
 -20.000  -1.2681   0.02609   0.02253  -0.1732  0.4312  0.0016  -26.7208   0.0000   0.0837
 -19.500  -1.2536   0.02251   0.01889  -0.1755  0.4266  0.0016  -26.0604   0.0000   0.0816
 -19.000  -1.2404   0.01940   0.01572  -0.1766  0.4218  0.0017  -25.4008   0.0000   0.0804
 -18.500  -1.2009   0.01676   0.01302  -0.1813  0.4153  0.0017  -24.4186   0.0000   0.0728
 -18.000  -1.1478   0.01468   0.01083  -0.1873  0.3700  0.0018  -23.2775   0.0000   0.0613
 -17.500  -1.0964   0.01369   0.00976  -0.1890  0.3382  0.0019  -22.1346   0.0000   0.0527
 -16.500  -0.9873   0.01208   0.00808  -0.1918  0.3376  0.0021  -19.8391   0.0000   0.0318
 -16.000  -0.9323   0.01146   0.00738  -0.1928  0.3050  0.0022  -18.7239   0.0000   0.0197
 -15.500  -0.8756   0.01086   0.00674  -0.1939  0.3004  0.0024  -17.6189   0.0000   0.0053
 -15.000  -0.8184   0.01031   0.00616  -0.1950  0.2906  0.0025  -16.5363   0.0000  -0.0114
 -14.500  -0.7616   0.00988   0.00562  -0.1958  0.2383  0.0026  -15.4886   0.0000  -0.0301
 -14.000  -0.7032   0.00942   0.00513  -0.1968  0.2290  0.0028  -14.4544   0.0000  -0.0530
 -13.500  -0.6445   0.00902   0.00470  -0.1978  0.2213  0.0029  -13.5301   0.0000  -0.0803
 -12.500  -0.5269   0.00834   0.00391  -0.1996  0.1714  0.0033  -11.7641   0.0000  -0.1534
 -11.500  -0.4076   0.00773   0.00325  -0.2015  0.1694  0.0038  -10.0816   0.0000  -0.2718
 -11.000  -0.3479   0.00750   0.00300  -0.2024  0.1690  0.0039  -9.2832   0.0000  -0.3616
 -10.000  -0.2289   0.00715   0.00257  -0.2039  0.1421  0.0040  -7.7774   0.0000  -0.6800
  -9.500  -0.1692   0.00700   0.00239  -0.2047  0.1365  0.0041  -7.0672   0.0000  -1.0090
  -9.000  -0.1094   0.00686   0.00223  -0.2055  0.1265  0.0041  -6.3865   0.0000  -1.6990
  -8.500  -0.0495   0.00674   0.00208  -0.2062  0.1240  0.0041  -5.7327   0.0000  -4.0599
  -8.000   0.0103   0.00662   0.00195  -0.2070  0.1237  0.0042  -5.1085   0.0000  20.9055
  -7.500   0.0702   0.00653   0.00184  -0.2077  0.1234  0.0042  -4.5139   0.0000   3.2979
  -7.000   0.1300   0.00645   0.00174  -0.2084  0.1232  0.0043  -4.0465   0.0000   1.8976
  -6.500   0.1897   0.00638   0.00166  -0.2091  0.1228  0.0043  -3.6547   0.0000   1.3801
  -5.500   0.3081   0.00634   0.00155  -0.2102  0.1007  0.0044  -2.9198   0.0000   0.9466
  -5.000   0.3674   0.00633   0.00152  -0.2108  0.0979  0.0044  -2.5745   0.0000   0.8346
  -4.500   0.4266   0.00632   0.00149  -0.2114  0.0948  0.0045  -2.2445   0.0000   0.7538
  -4.000   0.4857   0.00633   0.00148  -0.2120  0.0855  0.0045  -1.9305   0.0000   0.6927
  -3.500   0.5448   0.00634   0.00148  -0.2125  0.0843  0.0046  -1.6320   0.0000   0.6448
  -3.000   0.6037   0.00636   0.00149  -0.2130  0.0842  0.0047  -1.3491   0.0000   0.6063
  -2.500   0.6625   0.00639   0.00151  -0.2135  0.0840  0.0046  -1.0815   0.0000   0.5747
  -2.000   0.7210   0.00644   0.00155  -0.2140  0.0831  0.0053  -0.9614   0.0000   0.5482
  -1.500   0.7778   0.00663   0.00165  -0.2141  0.0502  0.0063  -1.0107   0.0000   0.5257
  -1.000   0.8357   0.00672   0.00172  -0.2145  0.0473  0.0073  -1.0629   0.0000   0.5063
  -0.500   0.8935   0.00682   0.00179  -0.2148  0.0447  0.0081  -1.1154   0.0000   0.4893
   0.000   0.9511   0.00692   0.00188  -0.2151  0.0423  0.0087  -1.1681   0.0000   0.4743
   0.500   1.0087   0.00702   0.00198  -0.2154  0.0400  0.0155  -1.2230   0.0000   0.4610
   1.000   1.0660   0.00712   0.00208  -0.2157  0.0429  0.0170  -1.2877   0.0000   0.4490
   1.500   1.1230   0.00725   0.00220  -0.2159  0.0418  0.0171  -1.3633   0.0000   0.4383
   2.000   1.1797   0.00739   0.00232  -0.2161  0.0401  0.0192  -1.4396   0.0000   0.4285
   2.500   1.2324   0.00787   0.00269  -0.2155  0.0019  0.0372  -1.5274   0.0000   0.4194
   3.500   1.3432   0.00829   0.00308  -0.2154  0.0013  0.0404  -1.7600   0.0000   0.4035
   4.000   1.3980   0.00852   0.00329  -0.2153  0.0014  0.0437  -1.9045   0.0000   0.3964
   4.500   1.4524   0.00877   0.00353  -0.2151  0.0013  0.0498  -2.0828   0.0000   0.3897
   5.000   1.5065   0.00902   0.00378  -0.2149  0.0013  0.0667  -2.2656   0.0000   0.3835
   5.500   1.5599   0.00930   0.00405  -0.2145  0.0013  0.0769  -2.4522   0.0000   0.3776
   6.000   1.6132   0.00959   0.00435  -0.2142  0.0012  0.1143  -2.6432   0.0000   0.3720
   7.000   1.7175   0.01023   0.00499  -0.2132  0.0012  0.1467  -3.0356   0.0000   0.3617
   7.500   1.7684   0.01059   0.00534  -0.2125  0.0012  0.1588  -3.2364   0.0000   0.3568
   8.000   1.8184   0.01098   0.00571  -0.2116  0.0012  0.1554  -3.4399   0.0000   0.3522
   8.500   1.8681   0.01137   0.00612  -0.2108  0.0012  0.1951  -3.6470   0.0000   0.3477
   9.000   1.9171   0.01178   0.00657  -0.2098  0.0012  0.2492  -3.9190   0.0000   0.3434
   9.500   1.9638   0.01225   0.00703  -0.2084  0.0012  0.2638  -4.2752   0.0000   0.3391
  10.000   2.0116   0.01269   0.00758  -0.2073  0.0011  0.3691  -4.8601   0.0000   0.3351
  10.500   2.0547   0.01324   0.00812  -0.2053  0.0011  0.3745  -5.4502   0.0000   0.3309
  11.000   2.0881   0.01385   0.00873  -0.2013  0.0011  0.3860  -6.0122   0.0000   0.3264
  11.500   2.1178   0.01453   0.00942  -0.1966  0.0011  0.3958  -6.5717   0.0000   0.3219
  12.000   2.1469   0.01534   0.01025  -0.1921  0.0010  0.3977  -7.1503   0.0000   0.3175
  13.000   2.2044   0.01735   0.01236  -0.1837  0.0010  0.4862  -8.3637   0.0000   0.3093
  13.500   2.2304   0.01862   0.01367  -0.1795  0.0009  0.4989  -8.9826   0.0000   0.3053
  14.000   2.2542   0.02009   0.01516  -0.1752  0.0009  0.5052  -9.6046   0.0000   0.3014
  14.500   2.2770   0.02176   0.01691  -0.1712  0.0008  0.5593  -10.2359   0.0000   0.2977
  15.500   2.2651   0.02991   0.02535  -0.1578  0.0015  0.6043  -11.0088   0.0000   0.2899
  16.000   2.2748   0.03341   0.02893  -0.1541  0.0019  0.6325  -11.5898   0.0000   0.2867
  16.500   2.2894   0.03667   0.03226  -0.1513  0.0023  0.6614  -12.2192   0.0000   0.2838
  17.000   2.2950   0.04080   0.03647  -0.1482  0.0026  0.6910  -12.7661   0.0000   0.2809
  17.500   2.2970   0.04571   0.04148  -0.1454  0.0031  0.7186  -13.2877   0.0000   0.2783
  18.000   2.3068   0.05012   0.04598  -0.1435  0.0036  0.7658  -13.8891   0.0000   0.2758
  18.500   2.3058   0.05610   0.05208  -0.1418  0.0039  0.8133  -14.4011   0.0000   0.2736
  19.000   2.3107   0.06296   0.05922  -0.1423  0.0041  1.0000  -14.9782   0.0000   0.2722
  19.500   2.3021   0.07010   0.06645  -0.1412  0.0042  1.0000  -15.4288   0.0000   0.2704


