XFLR5 v6.02 Beta

 Calculated polar for: WORTMANN FX 63-137

 1 1 Reynolds number fixed          Mach number fixed         

 xtrf =   1.000 (top)        1.000 (bottom)
 Mach =   0.000     Re =    35.250 e 6     Ncrit =   9.000

  alpha     CL        CD       CDp       CM    Top Xtr Bot Xtr   Cpmin    Chinge    XCp    
 ------- -------- --------- --------- -------- ------- ------- -------- --------- ---------
 -21.500  -1.1537   0.05690   0.05378  -0.1480  0.5395  0.0020  -25.7278   0.0000   0.0856
 -21.000  -1.1948   0.04551   0.04226  -0.1570  0.5352  0.0020  -26.1680   0.0000   0.0846
 -20.500  -1.2157   0.03703   0.03367  -0.1639  0.5311  0.0020  -26.1888   0.0000   0.0831
 -20.000  -1.2184   0.03147   0.02799  -0.1681  0.5058  0.0021  -25.8493   0.0000   0.0815
 -19.500  -1.2167   0.02636   0.02279  -0.1720  0.4972  0.0021  -25.4252   0.0000   0.0796
 -19.000  -1.2027   0.02270   0.01905  -0.1743  0.4910  0.0022  -24.7900   0.0000   0.0773
 -18.500  -1.1880   0.01948   0.01577  -0.1759  0.4845  0.0022  -24.1355   0.0000   0.0754
 -18.000  -1.1473   0.01674   0.01296  -0.1811  0.4736  0.0023  -23.1654   0.0000   0.0666
 -17.500  -1.0953   0.01477   0.01082  -0.1866  0.4028  0.0024  -22.0641   0.0000   0.0547
 -17.000  -1.0437   0.01374   0.00970  -0.1884  0.3733  0.0025  -20.9494   0.0000   0.0452
 -16.500  -0.9899   0.01285   0.00874  -0.1899  0.3624  0.0027  -19.8280   0.0000   0.0343
 -16.000  -0.9347   0.01207   0.00791  -0.1913  0.3530  0.0028  -18.7155   0.0000   0.0219
 -15.500  -0.8782   0.01137   0.00717  -0.1925  0.3465  0.0030  -17.6158   0.0000   0.0076
 -15.000  -0.8210   0.01075   0.00652  -0.1938  0.3390  0.0032  -16.5345   0.0000  -0.0090
 -14.500  -0.7644   0.01027   0.00594  -0.1947  0.3023  0.0033  -15.4884   0.0000  -0.0276
 -13.500  -0.6489   0.00947   0.00498  -0.1964  0.2431  0.0036  -13.5300   0.0000  -0.0760
 -13.000  -0.5902   0.00910   0.00457  -0.1974  0.2341  0.0037  -12.6289   0.0000  -0.1081
 -12.500  -0.5310   0.00876   0.00420  -0.1983  0.2237  0.0038  -11.7520   0.0000  -0.1479
 -12.000  -0.4727   0.00853   0.00387  -0.1990  0.1798  0.0038  -10.9096   0.0000  -0.1965
 -11.500  -0.4131   0.00825   0.00356  -0.2000  0.1823  0.0039  -10.0813   0.0000  -0.2610
 -11.000  -0.3535   0.00801   0.00329  -0.2008  0.1742  0.0039  -9.2852   0.0000  -0.3473
 -10.500  -0.2938   0.00778   0.00304  -0.2017  0.1701  0.0040  -8.5169   0.0000  -0.4692
 -10.000  -0.2339   0.00758   0.00281  -0.2025  0.1695  0.0040  -7.7772   0.0000  -0.6539
  -9.500  -0.1741   0.00739   0.00260  -0.2034  0.1687  0.0041  -7.0676   0.0000  -0.9660
  -9.000  -0.1149   0.00729   0.00242  -0.2040  0.1408  0.0041  -6.3942   0.0000  -1.5922
  -8.500  -0.0552   0.00715   0.00226  -0.2048  0.1353  0.0041  -5.7423   0.0000  -3.5912
  -8.000   0.0047   0.00703   0.00211  -0.2056  0.1304  0.0042  -5.1194   0.0000  45.8076
  -7.500   0.0645   0.00693   0.00199  -0.2063  0.1253  0.0042  -4.5258   0.0000   3.5447
  -7.000   0.1243   0.00683   0.00188  -0.2070  0.1240  0.0043  -4.0511   0.0000   1.9616
  -6.500   0.1840   0.00676   0.00178  -0.2077  0.1237  0.0043  -3.6605   0.0000   1.4074
  -6.000   0.2437   0.00670   0.00171  -0.2084  0.1234  0.0043  -3.2850   0.0000   1.1251
  -5.500   0.3033   0.00665   0.00165  -0.2091  0.1230  0.0044  -2.9249   0.0000   0.9539
  -5.000   0.3628   0.00661   0.00160  -0.2097  0.1223  0.0044  -2.5785   0.0000   0.8391
  -4.500   0.4213   0.00666   0.00159  -0.2102  0.1022  0.0045  -2.2523   0.0000   0.7572
  -4.000   0.4801   0.00668   0.00158  -0.2107  0.0971  0.0045  -1.9398   0.0000   0.6952
  -3.500   0.5390   0.00671   0.00158  -0.2112  0.0890  0.0046  -1.6420   0.0000   0.6466
  -3.000   0.5979   0.00673   0.00159  -0.2117  0.0860  0.0054  -1.3595   0.0000   0.6076
  -2.500   0.6566   0.00676   0.00161  -0.2122  0.0842  0.0050  -1.0916   0.0000   0.5756
  -2.000   0.7152   0.00680   0.00164  -0.2127  0.0841  0.0062  -0.9578   0.0000   0.5488
  -1.500   0.7735   0.00686   0.00169  -0.2131  0.0829  0.0076  -1.0080   0.0000   0.5260
  -1.000   0.8302   0.00705   0.00180  -0.2133  0.0614  0.0088  -1.0592   0.0000   0.5065
  -0.500   0.8879   0.00716   0.00189  -0.2136  0.0515  0.0098  -1.1115   0.0000   0.4894
   0.000   0.9455   0.00726   0.00198  -0.2139  0.0493  0.0151  -1.1641   0.0000   0.4744
   0.500   1.0026   0.00740   0.00209  -0.2141  0.0464  0.0158  -1.2182   0.0000   0.4610
   1.000   1.0600   0.00749   0.00219  -0.2144  0.0488  0.0170  -1.2825   0.0000   0.4490
   1.500   1.1167   0.00764   0.00232  -0.2146  0.0473  0.0172  -1.3577   0.0000   0.4382
   2.000   1.1730   0.00780   0.00247  -0.2147  0.0451  0.0202  -1.4336   0.0000   0.4283
   2.500   1.2252   0.00832   0.00287  -0.2140  0.0028  0.0374  -1.5199   0.0000   0.4192
   3.000   1.2805   0.00854   0.00307  -0.2139  0.0020  0.0382  -1.6329   0.0000   0.4109
   3.500   1.3355   0.00877   0.00328  -0.2138  0.0016  0.0437  -1.7501   0.0000   0.4032
   4.000   1.3900   0.00901   0.00351  -0.2136  0.0020  0.0472  -1.8909   0.0000   0.3961
   4.500   1.4443   0.00927   0.00377  -0.2135  0.0015  0.0658  -2.0684   0.0000   0.3894
   5.000   1.4979   0.00955   0.00404  -0.2131  0.0013  0.0677  -2.2498   0.0000   0.3832
   5.500   1.5510   0.00984   0.00433  -0.2128  0.0013  0.0846  -2.4353   0.0000   0.3772
   6.500   1.6560   0.01048   0.00499  -0.2119  0.0012  0.1536  -2.8183   0.0000   0.3664
   8.000   1.8070   0.01163   0.00614  -0.2094  0.0012  0.1951  -3.4153   0.0000   0.3517
   8.500   1.8564   0.01204   0.00660  -0.2085  0.0012  0.2673  -3.6210   0.0000   0.3472
   9.000   1.9042   0.01249   0.00708  -0.2074  0.0012  0.3079  -3.8817   0.0000   0.3429
   9.500   1.9496   0.01299   0.00759  -0.2057  0.0011  0.3273  -4.1936   0.0000   0.3385
  10.000   1.9961   0.01349   0.00820  -0.2045  0.0011  0.4340  -4.7662   0.0000   0.3345
  10.500   2.0309   0.01409   0.00882  -0.2007  0.0011  0.4478  -5.3033   0.0000   0.3299
  11.000   2.0614   0.01478   0.00953  -0.1962  0.0011  0.4626  -5.8380   0.0000   0.3253
  11.500   2.0913   0.01560   0.01037  -0.1918  0.0010  0.4758  -6.3942   0.0000   0.3208
  12.000   2.1206   0.01654   0.01132  -0.1876  0.0010  0.4808  -6.9666   0.0000   0.3165
  12.500   2.1480   0.01763   0.01247  -0.1833  0.0010  0.5160  -7.5478   0.0000   0.3124
  13.000   2.1747   0.01890   0.01378  -0.1791  0.0010  0.5343  -8.1434   0.0000   0.3083
  13.500   2.2002   0.02035   0.01529  -0.1751  0.0009  0.5648  -8.7499   0.0000   0.3045
  14.000   2.2238   0.02203   0.01704  -0.1712  0.0009  0.6204  -9.3610   0.0000   0.3007
  14.500   2.2447   0.02398   0.01905  -0.1673  0.0009  0.6529  -9.9701   0.0000   0.2971
  15.000   2.2644   0.02625   0.02139  -0.1636  0.0009  0.6895  -10.5867   0.0000   0.2936
  15.500   2.2804   0.02894   0.02415  -0.1599  0.0008  0.7172  -11.1891   0.0000   0.2903
  16.000   2.2972   0.03181   0.02709  -0.1568  0.0008  0.7570  -11.8146   0.0000   0.2872
  16.500   2.3115   0.03518   0.03058  -0.1540  0.0007  0.8202  -12.4343   0.0000   0.2842
  17.500   2.2720   0.04998   0.04590  -0.1460  0.0014  1.0000  -13.0101   0.0000   0.2791
  18.000   2.2723   0.05564   0.05165  -0.1440  0.0019  1.0000  -13.5626   0.0000   0.2768
  18.500   2.2695   0.06187   0.05797  -0.1425  0.0022  1.0000  -14.0578   0.0000   0.2748
  19.000   2.2623   0.06885   0.06503  -0.1413  0.0025  1.0000  -14.5102   0.0000   0.2730
  19.500   2.2511   0.07652   0.07279  -0.1407  0.0027  1.0000  -14.9244   0.0000   0.2715


