XFLR5 v6.02 Beta

 Calculated polar for: WORTMANN FX 63-137

 1 1 Reynolds number fixed          Mach number fixed         

 xtrf =   1.000 (top)        1.000 (bottom)
 Mach =   0.000     Re =    18.750 e 6     Ncrit =   9.000

  alpha     CL        CD       CDp       CM    Top Xtr Bot Xtr   Cpmin    Chinge    XCp    
 ------- -------- --------- --------- -------- ------- ------- -------- --------- ---------
 -20.000  -1.1470   0.04001   0.03697  -0.1590  0.7190  0.0030  -24.5130   0.0000   0.0797
 -19.500  -1.1563   0.03291   0.02969  -0.1653  0.6873  0.0031  -24.3349   0.0000   0.0770
 -19.000  -1.1498   0.02811   0.02475  -0.1692  0.6603  0.0031  -23.8604   0.0000   0.0742
 -18.500  -1.1395   0.02383   0.02034  -0.1726  0.6366  0.0032  -23.3150   0.0000   0.0713
 -18.000  -1.1250   0.02060   0.01702  -0.1740  0.6216  0.0032  -22.6790   0.0000   0.0693
 -17.500  -1.0880   0.01782   0.01414  -0.1785  0.6100  0.0033  -21.7789   0.0000   0.0609
 -16.500  -0.9877   0.01450   0.01045  -0.1865  0.4959  0.0034  -19.6678   0.0000   0.0373
 -16.000  -0.9345   0.01362   0.00947  -0.1881  0.4764  0.0035  -18.5819   0.0000   0.0253
 -15.500  -0.8792   0.01282   0.00862  -0.1895  0.4670  0.0036  -17.4957   0.0000   0.0113
 -15.000  -0.8228   0.01212   0.00788  -0.1909  0.4650  0.0036  -16.4255   0.0000  -0.0049
 -14.500  -0.7671   0.01157   0.00723  -0.1919  0.4363  0.0037  -15.3892   0.0000  -0.0230
 -14.000  -0.7108   0.01108   0.00662  -0.1928  0.4010  0.0037  -14.3766   0.0000  -0.0441
 -13.500  -0.6551   0.01070   0.00608  -0.1935  0.3372  0.0037  -13.4026   0.0000  -0.0683
 -13.000  -0.5976   0.01031   0.00560  -0.1944  0.3093  0.0038  -12.4828   0.0000  -0.0986
 -12.500  -0.5393   0.00993   0.00514  -0.1953  0.2969  0.0038  -11.6054   0.0000  -0.1361
 -12.000  -0.4804   0.00957   0.00473  -0.1963  0.2833  0.0039  -10.7465   0.0000  -0.1835
 -11.500  -0.4212   0.00926   0.00438  -0.1972  0.2786  0.0040  -9.8778   0.0000  -0.2446
 -11.000  -0.3627   0.00902   0.00405  -0.1980  0.2499  0.0040  -9.0681   0.0000  -0.3243
 -10.500  -0.3039   0.00879   0.00373  -0.1988  0.2212  0.0041  -8.2837   0.0000  -0.4356
 -10.000  -0.2441   0.00852   0.00343  -0.1997  0.2201  0.0041  -7.5249   0.0000  -0.6047
  -9.500  -0.1851   0.00834   0.00316  -0.2005  0.1915  0.0042  -6.8210   0.0000  -0.8780
  -9.000  -0.1253   0.00814   0.00289  -0.2014  0.1765  0.0042  -6.1923   0.0000  -1.4185
  -8.500  -0.0653   0.00794   0.00266  -0.2022  0.1701  0.0042  -5.5411   0.0000  -2.9577
  -8.000  -0.0052   0.00777   0.00246  -0.2031  0.1693  0.0043  -4.9304   0.0000  -40.1280
  -7.500   0.0549   0.00761   0.00228  -0.2040  0.1682  0.0043  -4.3622   0.0000   4.0779
  -7.000   0.1141   0.00754   0.00215  -0.2046  0.1504  0.0044  -3.9286   0.0000   2.0934
  -6.500   0.1739   0.00745   0.00202  -0.2054  0.1422  0.0044  -3.5950   0.0000   1.4608
  -6.000   0.2337   0.00737   0.00192  -0.2061  0.1368  0.0044  -3.2657   0.0000   1.1523
  -5.500   0.2933   0.00731   0.00184  -0.2068  0.1315  0.0044  -2.9081   0.0000   0.9700
  -5.000   0.3528   0.00726   0.00178  -0.2075  0.1259  0.0044  -2.5742   0.0000   0.8491
  -4.500   0.4123   0.00722   0.00174  -0.2081  0.1239  0.0045  -2.2569   0.0000   0.7633
  -3.000   0.5880   0.00735   0.00175  -0.2095  0.0980  0.0072  -1.3743   0.0000   0.6099
  -2.500   0.6465   0.00740   0.00178  -0.2100  0.0945  0.0082  -1.1073   0.0000   0.5772
  -2.000   0.7049   0.00745   0.00181  -0.2105  0.0887  0.0085  -0.9513   0.0000   0.5500
  -1.500   0.7635   0.00749   0.00185  -0.2110  0.0855  0.0143  -1.0011   0.0000   0.5268
  -1.000   0.8215   0.00757   0.00192  -0.2114  0.0840  0.0152  -1.0532   0.0000   0.5070
  -0.500   0.8792   0.00766   0.00200  -0.2117  0.0832  0.0155  -1.1056   0.0000   0.4897
   0.000   0.9368   0.00776   0.00209  -0.2120  0.0825  0.0158  -1.1582   0.0000   0.4745
   0.500   0.9926   0.00799   0.00226  -0.2120  0.0653  0.0161  -1.2106   0.0000   0.4610
   1.000   1.0514   0.00796   0.00229  -0.2126  0.0827  0.0172  -1.2751   0.0000   0.4489
   1.500   1.1082   0.00809   0.00242  -0.2128  0.0816  0.0180  -1.3502   0.0000   0.4380
   2.000   1.1621   0.00846   0.00267  -0.2124  0.0590  0.0234  -1.4238   0.0000   0.4281
   2.500   1.2163   0.00878   0.00295  -0.2122  0.0368  0.0379  -1.5114   0.0000   0.4190
   3.000   1.2675   0.00935   0.00339  -0.2113  0.0036  0.0403  -1.6165   0.0000   0.4105
   3.500   1.3219   0.00961   0.00364  -0.2111  0.0030  0.0500  -1.7327   0.0000   0.4028
   4.000   1.3763   0.00986   0.00390  -0.2109  0.0035  0.0655  -1.8669   0.0000   0.3956
   4.500   1.4296   0.01017   0.00419  -0.2105  0.0028  0.0678  -2.0424   0.0000   0.3889
   5.000   1.4826   0.01048   0.00450  -0.2101  0.0021  0.0824  -2.2219   0.0000   0.3826
   5.500   1.5351   0.01080   0.00483  -0.2096  0.0015  0.1109  -2.4053   0.0000   0.3766
   6.000   1.5884   0.01110   0.00521  -0.2094  0.0013  0.1952  -2.5944   0.0000   0.3711
   6.500   1.6395   0.01147   0.00560  -0.2087  0.0013  0.2220  -2.7849   0.0000   0.3658
   7.000   1.6900   0.01186   0.00601  -0.2080  0.0012  0.2609  -2.9788   0.0000   0.3607
   7.500   1.7409   0.01225   0.00647  -0.2074  0.0012  0.3352  -3.1775   0.0000   0.3558
   8.000   1.7874   0.01275   0.00693  -0.2058  0.0012  0.3069  -3.3728   0.0000   0.3510
   8.500   1.8364   0.01319   0.00749  -0.2049  0.0012  0.4086  -3.5764   0.0000   0.3465
   9.000   1.8813   0.01373   0.00805  -0.2032  0.0012  0.4341  -3.8152   0.0000   0.3420
   9.500   1.9234   0.01431   0.00866  -0.2010  0.0012  0.4631  -4.0801   0.0000   0.3376
  10.000   1.9547   0.01496   0.00939  -0.1966  0.0011  0.5186  -4.5240   0.0000   0.3327
  10.500   1.9860   0.01574   0.01019  -0.1924  0.0011  0.5291  -5.0283   0.0000   0.3281
  11.000   2.0174   0.01663   0.01112  -0.1884  0.0011  0.5536  -5.5546   0.0000   0.3236
  11.500   2.0468   0.01766   0.01219  -0.1843  0.0011  0.5791  -6.0899   0.0000   0.3192
  12.500   2.1017   0.02026   0.01493  -0.1764  0.0010  0.6494  -7.2122   0.0000   0.3110
  13.000   2.1265   0.02189   0.01663  -0.1725  0.0010  0.6898  -7.7814   0.0000   0.3071
  13.500   2.1475   0.02378   0.01859  -0.1684  0.0009  0.7156  -8.3428   0.0000   0.3033
  14.000   2.1689   0.02596   0.02085  -0.1648  0.0009  0.7631  -8.9231   0.0000   0.2998
  15.500   2.2257   0.03437   0.02968  -0.1560  0.0008  1.0000  -10.7070   0.0000   0.2902
  16.000   2.2370   0.03797   0.03334  -0.1530  0.0008  1.0000  -11.2710   0.0000   0.2872
  16.500   2.2444   0.04201   0.03743  -0.1500  0.0008  1.0000  -11.8150   0.0000   0.2844
  17.000   2.2498   0.04662   0.04211  -0.1474  0.0008  1.0000  -12.3513   0.0000   0.2817
  17.500   2.2551   0.05150   0.04706  -0.1452  0.0008  1.0000  -12.8974   0.0000   0.2792
  18.000   2.2628   0.05623   0.05185  -0.1434  0.0007  1.0000  -13.4776   0.0000   0.2768
  18.500   2.2614   0.06227   0.05798  -0.1418  0.0007  1.0000  -13.9805   0.0000   0.2748
  19.000   2.2567   0.06891   0.06471  -0.1407  0.0007  1.0000  -14.4573   0.0000   0.2729
  19.500   2.2486   0.07611   0.07201  -0.1401  0.0006  1.0000  -14.9052   0.0000   0.2714
  20.000   2.2391   0.08327   0.07927  -0.1397  0.0006  1.0000  -15.3421   0.0000   0.2699


