XFLR5 v6.02 Beta

 Calculated polar for: WORTMANN FX 63-137

 1 1 Reynolds number fixed          Mach number fixed         

 xtrf =   1.000 (top)        1.000 (bottom)
 Mach =   0.000     Re =    67.500 e 6     Ncrit =   9.000

  alpha     CL        CD       CDp       CM    Top Xtr Bot Xtr   Cpmin    Chinge    XCp    
 ------- -------- --------- --------- -------- ------- ------- -------- --------- ---------
 -22.000  -0.3930   0.20377   0.20134  -0.0617  0.2212  0.0014  -6.5985   0.0000   0.0421
 -21.000  -0.3585   0.19331   0.19084  -0.0689  0.2210  0.0014  -6.1749   0.0000   0.0062
 -20.500  -0.3415   0.18804   0.18553  -0.0722  0.1939  0.0014  -5.9716   0.0000  -0.0139
 -20.000  -0.3245   0.18270   0.18015  -0.0756  0.1700  0.0014  -5.7740   0.0000  -0.0360
 -19.500  -0.3075   0.17729   0.17472  -0.0789  0.1692  0.0015  -5.5822   0.0000  -0.0608
 -19.000  -0.2905   0.17183   0.16924  -0.0822  0.1692  0.0017  -5.3953   0.0000  -0.0882
 -18.500  -0.2738   0.16633   0.16373  -0.0854  0.1692  0.0018  -5.2144   0.0000  -0.1187
 -18.000  -0.2572   0.16080   0.15819  -0.0885  0.1692  0.0020  -5.0399   0.0000  -0.1526
 -17.500  -0.2410   0.15528   0.15266  -0.0915  0.1691  0.0021  -4.8733   0.0000  -0.1902
 -16.500  -0.9870   0.01160   0.00762  -0.1928  0.2891  0.0018  -19.8608   0.0000   0.0307
 -16.000  -0.9306   0.01100   0.00699  -0.1939  0.2821  0.0019  -18.7277   0.0000   0.0181
 -15.500  -0.8735   0.01045   0.00641  -0.1949  0.2788  0.0020  -17.6154   0.0000   0.0035
 -15.000  -0.8166   0.00999   0.00589  -0.1958  0.2481  0.0021  -16.5350   0.0000  -0.0129
 -14.500  -0.7590   0.00955   0.00540  -0.1967  0.2221  0.0023  -15.4765   0.0000  -0.0323
 -14.000  -0.7005   0.00913   0.00495  -0.1977  0.2214  0.0024  -14.4399   0.0000  -0.0554
 -13.500  -0.6422   0.00878   0.00455  -0.1986  0.1958  0.0025  -13.5187   0.0000  -0.0827
 -13.000  -0.5832   0.00843   0.00416  -0.1995  0.1894  0.0027  -12.6223   0.0000  -0.1160
 -12.000  -0.4649   0.00782   0.00347  -0.2013  0.1464  0.0031  -10.9050   0.0000  -0.2088
 -11.000  -0.3452   0.00727   0.00287  -0.2031  0.1436  0.0037  -9.2824   0.0000  -0.3685
 -10.500  -0.2855   0.00707   0.00264  -0.2040  0.1387  0.0039  -8.5116   0.0000  -0.4982
 -10.000  -0.2257   0.00690   0.00244  -0.2048  0.1337  0.0040  -7.7702   0.0000  -0.6969
  -9.500  -0.1659   0.00674   0.00227  -0.2055  0.1287  0.0041  -7.0586   0.0000  -1.0394
  -9.000  -0.1060   0.00661   0.00212  -0.2063  0.1238  0.0041  -6.3768   0.0000  -1.7688
  -8.500  -0.0461   0.00649   0.00198  -0.2071  0.1236  0.0041  -5.7228   0.0000  -4.3920
  -8.000   0.0137   0.00639   0.00186  -0.2078  0.1233  0.0042  -5.0984   0.0000  15.9066
  -7.500   0.0735   0.00630   0.00176  -0.2085  0.1228  0.0042  -4.5038   0.0000   3.1706
  -7.000   0.1333   0.00622   0.00166  -0.2092  0.1227  0.0043  -4.0418   0.0000   1.8624
  -6.500   0.1924   0.00620   0.00160  -0.2098  0.1021  0.0043  -3.6519   0.0000   1.3675
  -6.000   0.2519   0.00617   0.00154  -0.2104  0.0992  0.0043  -3.2758   0.0000   1.1044
  -5.500   0.3113   0.00614   0.00149  -0.2110  0.0965  0.0044  -2.9148   0.0000   0.9419
  -5.000   0.3707   0.00612   0.00146  -0.2116  0.0939  0.0044  -2.5692   0.0000   0.8315
  -4.500   0.4299   0.00611   0.00143  -0.2122  0.0878  0.0044  -2.2389   0.0000   0.7517
  -4.000   0.4891   0.00611   0.00142  -0.2127  0.0843  0.0045  -1.9243   0.0000   0.6912
  -3.500   0.5482   0.00612   0.00142  -0.2133  0.0842  0.0045  -1.6256   0.0000   0.6438
  -3.000   0.6071   0.00614   0.00143  -0.2138  0.0841  0.0046  -1.3428   0.0000   0.6056
  -2.500   0.6659   0.00617   0.00145  -0.2143  0.0838  0.0046  -1.0753   0.0000   0.5741
  -2.000   0.7229   0.00635   0.00154  -0.2144  0.0485  0.0048  -0.9624   0.0000   0.5480
  -1.500   0.7811   0.00643   0.00159  -0.2148  0.0453  0.0056  -1.0129   0.0000   0.5255
  -1.000   0.8392   0.00651   0.00166  -0.2152  0.0429  0.0065  -1.0652   0.0000   0.5061
  -0.500   0.8971   0.00659   0.00173  -0.2156  0.0407  0.0072  -1.1179   0.0000   0.4892
   0.000   0.9548   0.00669   0.00181  -0.2159  0.0385  0.0078  -1.1708   0.0000   0.4742
   0.500   1.0123   0.00679   0.00190  -0.2162  0.0381  0.0097  -1.2258   0.0000   0.4610
   1.000   1.0699   0.00689   0.00200  -0.2165  0.0397  0.0169  -1.2910   0.0000   0.4491
   1.500   1.1269   0.00701   0.00211  -0.2167  0.0388  0.0171  -1.3668   0.0000   0.4383
   2.500   1.2366   0.00760   0.00259  -0.2163  0.0014  0.0371  -1.5319   0.0000   0.4195
   3.500   1.3477   0.00800   0.00296  -0.2163  0.0013  0.0389  -1.7659   0.0000   0.4036
   4.000   1.4026   0.00823   0.00317  -0.2162  0.0013  0.0416  -1.9126   0.0000   0.3965
   4.500   1.4572   0.00847   0.00339  -0.2161  0.0013  0.0473  -2.0915   0.0000   0.3899
   5.500   1.5652   0.00898   0.00389  -0.2156  0.0013  0.0729  -2.4622   0.0000   0.3778
   6.000   1.6187   0.00925   0.00417  -0.2153  0.0012  0.1058  -2.6539   0.0000   0.3723
   6.500   1.6713   0.00956   0.00446  -0.2149  0.0012  0.1178  -2.8490   0.0000   0.3670
   7.500   1.7749   0.01022   0.00511  -0.2138  0.0012  0.1464  -3.2500   0.0000   0.3571
   8.000   1.8254   0.01058   0.00547  -0.2130  0.0012  0.1462  -3.4548   0.0000   0.3524
   8.500   1.8750   0.01097   0.00585  -0.2121  0.0012  0.1586  -3.6623   0.0000   0.3480
   9.000   1.9244   0.01137   0.00627  -0.2112  0.0012  0.2142  -3.9405   0.0000   0.3436
  10.500   2.0647   0.01275   0.00773  -0.2071  0.0011  0.3360  -5.5139   0.0000   0.3313
  11.000   2.1075   0.01330   0.00830  -0.2051  0.0011  0.3691  -6.1350   0.0000   0.3273
  11.500   2.1353   0.01392   0.00893  -0.1999  0.0011  0.3693  -6.6881   0.0000   0.3226
  12.000   2.1638   0.01466   0.00967  -0.1951  0.0010  0.3694  -7.2667   0.0000   0.3181
  12.500   2.1930   0.01552   0.01054  -0.1907  0.0010  0.3698  -7.8717   0.0000   0.3139
  13.000   2.2221   0.01649   0.01158  -0.1866  0.0009  0.4332  -8.4958   0.0000   0.3098
  13.500   2.2491   0.01765   0.01278  -0.1824  0.0009  0.4659  -9.1274   0.0000   0.3059
  14.500   2.2549   0.02304   0.01839  -0.1679  0.0016  0.4856  -10.0042   0.0000   0.2970
  15.000   2.2720   0.02536   0.02076  -0.1637  0.0020  0.5107  -10.6326   0.0000   0.2935
  15.500   2.2897   0.02784   0.02332  -0.1601  0.0025  0.5447  -11.2547   0.0000   0.2901
  16.000   2.3027   0.03088   0.02641  -0.1563  0.0029  0.5650  -11.8450   0.0000   0.2868
  16.500   2.3132   0.03433   0.02995  -0.1529  0.0033  0.5965  -12.4260   0.0000   0.2838
  17.000   2.3204   0.03825   0.03394  -0.1496  0.0036  0.6287  -12.9894   0.0000   0.2808
  17.500   2.3230   0.04270   0.03847  -0.1464  0.0041  0.6484  -13.5209   0.0000   0.2780
  18.000   2.3253   0.04771   0.04357  -0.1439  0.0044  0.6754  -14.0586   0.0000   0.2755
  18.500   2.3253   0.05326   0.04921  -0.1418  0.0046  0.6997  -14.5843   0.0000   0.2732
  19.000   2.3219   0.05955   0.05562  -0.1402  0.0046  0.7369  -15.0847   0.0000   0.2711
  19.500   2.3296   0.06455   0.06070  -0.1392  0.0046  0.7768  -15.7040   0.0000   0.2690
  20.000   2.3207   0.07188   0.06815  -0.1385  0.0047  0.8152  -16.1636   0.0000   0.2674


