XFLR5 v6.02 Beta

 Calculated polar for: WORTMANN FX 63-137

 1 1 Reynolds number fixed          Mach number fixed         

 xtrf =   1.000 (top)        1.000 (bottom)
 Mach =   0.000     Re =    39.500 e 6     Ncrit =   9.000

  alpha     CL        CD       CDp       CM    Top Xtr Bot Xtr   Cpmin    Chinge    XCp    
 ------- -------- --------- --------- -------- ------- ------- -------- --------- ---------
 -21.500  -1.1880   0.05222   0.04907  -0.1521  0.5311  0.0018  -26.3950   0.0000   0.0864
 -21.000  -1.2109   0.04348   0.04018  -0.1590  0.5013  0.0018  -26.4750   0.0000   0.0850
 -20.500  -1.2289   0.03566   0.03222  -0.1652  0.4880  0.0019  -26.4269   0.0000   0.0837
 -19.500  -1.2259   0.02543   0.02183  -0.1728  0.4741  0.0020  -25.5852   0.0000   0.0802
 -19.000  -1.2130   0.02162   0.01797  -0.1753  0.4683  0.0020  -24.9626   0.0000   0.0779
 -18.500  -1.1924   0.01864   0.01494  -0.1774  0.4665  0.0021  -24.2258   0.0000   0.0748
 -18.000  -1.1473   0.01612   0.01236  -0.1828  0.4656  0.0022  -23.1952   0.0000   0.0651
 -17.500  -1.0961   0.01450   0.01054  -0.1872  0.3706  0.0023  -22.0904   0.0000   0.0543
 -17.000  -1.0438   0.01352   0.00947  -0.1889  0.3562  0.0024  -20.9631   0.0000   0.0447
 -16.500  -0.9894   0.01266   0.00857  -0.1904  0.3467  0.0025  -19.8341   0.0000   0.0337
 -16.000  -0.9337   0.01190   0.00777  -0.1917  0.3391  0.0026  -18.7159   0.0000   0.0212
 -15.500  -0.8771   0.01121   0.00705  -0.1930  0.3384  0.0028  -17.6139   0.0000   0.0067
 -15.000  -0.8198   0.01060   0.00641  -0.1942  0.3376  0.0030  -16.5319   0.0000  -0.0099
 -14.500  -0.7636   0.01015   0.00584  -0.1950  0.2787  0.0031  -15.4905   0.0000  -0.0283
 -14.000  -0.7059   0.00971   0.00533  -0.1960  0.2556  0.0033  -14.4629   0.0000  -0.0506
 -13.500  -0.6477   0.00932   0.00487  -0.1969  0.2334  0.0034  -13.5369   0.0000  -0.0772
 -13.000  -0.5887   0.00893   0.00446  -0.1979  0.2242  0.0036  -12.6336   0.0000  -0.1098
 -12.500  -0.5295   0.00859   0.00409  -0.1988  0.2209  0.0037  -11.7550   0.0000  -0.1500
 -12.000  -0.4711   0.00836   0.00376  -0.1995  0.1726  0.0038  -10.9116   0.0000  -0.1991
 -11.500  -0.4115   0.00809   0.00346  -0.2004  0.1728  0.0039  -10.0834   0.0000  -0.2641
 -11.000  -0.3518   0.00785   0.00320  -0.2013  0.1701  0.0039  -9.2865   0.0000  -0.3515
 -10.500  -0.2921   0.00763   0.00295  -0.2022  0.1696  0.0040  -8.5178   0.0000  -0.4750
 -10.000  -0.2323   0.00744   0.00273  -0.2030  0.1688  0.0040  -7.7779   0.0000  -0.6624
  -9.500  -0.1729   0.00730   0.00255  -0.2037  0.1488  0.0041  -7.0712   0.0000  -0.9762
  -9.000  -0.1134   0.00717   0.00236  -0.2044  0.1365  0.0041  -6.3938   0.0000  -1.6215
  -8.500  -0.0535   0.00703   0.00220  -0.2052  0.1312  0.0041  -5.7410   0.0000  -3.7178
  -8.000   0.0063   0.00691   0.00207  -0.2060  0.1262  0.0042  -5.1174   0.0000  33.8612
  -7.500   0.0662   0.00681   0.00194  -0.2067  0.1240  0.0042  -4.5233   0.0000   3.4676
  -7.000   0.1260   0.00672   0.00184  -0.2074  0.1237  0.0043  -4.0504   0.0000   1.9422
  -6.500   0.1857   0.00665   0.00175  -0.2081  0.1235  0.0043  -3.6593   0.0000   1.3992
  -6.000   0.2454   0.00659   0.00167  -0.2088  0.1231  0.0043  -3.2834   0.0000   1.1207
  -5.500   0.3049   0.00654   0.00162  -0.2095  0.1225  0.0044  -2.9229   0.0000   0.9514
  -5.000   0.3637   0.00656   0.00159  -0.2100  0.1031  0.0044  -2.5790   0.0000   0.8382
  -4.500   0.4228   0.00657   0.00156  -0.2105  0.1000  0.0045  -2.2503   0.0000   0.7562
  -4.000   0.4817   0.00659   0.00155  -0.2111  0.0933  0.0045  -1.9373   0.0000   0.6945
  -3.500   0.5407   0.00660   0.00155  -0.2116  0.0870  0.0046  -1.6392   0.0000   0.6461
  -3.000   0.5996   0.00662   0.00156  -0.2121  0.0846  0.0051  -1.3565   0.0000   0.6073
  -2.500   0.6583   0.00665   0.00158  -0.2126  0.0842  0.0049  -1.0886   0.0000   0.5753
  -2.000   0.7169   0.00669   0.00161  -0.2131  0.0839  0.0059  -0.9589   0.0000   0.5486
  -1.500   0.7744   0.00683   0.00171  -0.2133  0.0672  0.0072  -1.0085   0.0000   0.5260
  -1.000   0.8318   0.00696   0.00178  -0.2136  0.0533  0.0083  -1.0602   0.0000   0.5065
  -0.500   0.8895   0.00706   0.00186  -0.2139  0.0500  0.0092  -1.1126   0.0000   0.4894
   0.000   0.9469   0.00717   0.00196  -0.2142  0.0471  0.0102  -1.1652   0.0000   0.4743
   0.500   1.0043   0.00729   0.00206  -0.2145  0.0444  0.0157  -1.2195   0.0000   0.4610
   1.000   1.0617   0.00739   0.00216  -0.2148  0.0470  0.0170  -1.2839   0.0000   0.4490
   1.500   1.1184   0.00753   0.00229  -0.2150  0.0455  0.0172  -1.3593   0.0000   0.4382
   2.000   1.1749   0.00768   0.00243  -0.2151  0.0436  0.0198  -1.4353   0.0000   0.4284
   2.500   1.2273   0.00819   0.00282  -0.2144  0.0025  0.0374  -1.5221   0.0000   0.4193
   3.500   1.3377   0.00863   0.00322  -0.2143  0.0014  0.0427  -1.7531   0.0000   0.4033
   4.000   1.3923   0.00887   0.00345  -0.2141  0.0017  0.0461  -1.8949   0.0000   0.3962
   5.000   1.5004   0.00939   0.00396  -0.2137  0.0013  0.0672  -2.2544   0.0000   0.3832
   5.500   1.5536   0.00969   0.00425  -0.2133  0.0013  0.0822  -2.4403   0.0000   0.3773
   6.000   1.6068   0.00998   0.00457  -0.2130  0.0012  0.1294  -2.6306   0.0000   0.3718
   6.500   1.6590   0.01031   0.00489  -0.2125  0.0012  0.1467  -2.8241   0.0000   0.3665
   7.000   1.7103   0.01066   0.00524  -0.2118  0.0012  0.1645  -3.0207   0.0000   0.3614
   7.500   1.7612   0.01102   0.00562  -0.2111  0.0012  0.1945  -3.2210   0.0000   0.3566
   8.000   1.8106   0.01143   0.00601  -0.2101  0.0012  0.1945  -3.4229   0.0000   0.3519
   8.500   1.8600   0.01184   0.00646  -0.2092  0.0012  0.2490  -3.6290   0.0000   0.3474
   9.000   1.9078   0.01228   0.00693  -0.2080  0.0012  0.2848  -3.8922   0.0000   0.3430
   9.500   1.9540   0.01277   0.00743  -0.2065  0.0012  0.3086  -4.2187   0.0000   0.3387
  10.000   2.0005   0.01326   0.00801  -0.2053  0.0011  0.4125  -4.7932   0.0000   0.3346
  10.500   2.0420   0.01383   0.00861  -0.2029  0.0011  0.4334  -5.3704   0.0000   0.3304
  11.000   2.0685   0.01450   0.00929  -0.1975  0.0011  0.4377  -5.8845   0.0000   0.3256
  11.500   2.0985   0.01528   0.01008  -0.1931  0.0010  0.4525  -6.4428   0.0000   0.3211
  12.000   2.1286   0.01617   0.01099  -0.1889  0.0010  0.4564  -7.0223   0.0000   0.3168
  12.500   2.1574   0.01720   0.01208  -0.1848  0.0010  0.4986  -7.6142   0.0000   0.3127
  13.000   2.1840   0.01841   0.01334  -0.1806  0.0010  0.5259  -8.2124   0.0000   0.3086
  13.500   2.2085   0.01984   0.01480  -0.1763  0.0009  0.5366  -8.8137   0.0000   0.3047
  14.000   2.2319   0.02147   0.01649  -0.1722  0.0009  0.5751  -9.4260   0.0000   0.3009
  14.500   2.2533   0.02335   0.01846  -0.1683  0.0009  0.6286  -10.0411   0.0000   0.2972
  15.000   2.2730   0.02554   0.02070  -0.1645  0.0009  0.6574  -10.6598   0.0000   0.2937
  15.500   2.2909   0.02805   0.02328  -0.1609  0.0008  0.6906  -11.2813   0.0000   0.2904
  16.000   2.3062   0.03095   0.02624  -0.1575  0.0007  0.7198  -11.8972   0.0000   0.2872
  18.500   2.2802   0.06067   0.05680  -0.1429  0.0027  1.0000  -14.1608   0.0000   0.2747
  19.000   2.2740   0.06745   0.06366  -0.1416  0.0029  1.0000  -14.6243   0.0000   0.2728
  19.500   2.2742   0.07340   0.06967  -0.1406  0.0032  1.0000  -15.1531   0.0000   0.2709


