XFLR5 v6.02 Beta

 Calculated polar for: WORTMANN FX 63-137

 1 1 Reynolds number fixed          Mach number fixed         

 xtrf =   1.000 (top)        1.000 (bottom)
 Mach =   0.000     Re =    66.500 e 6     Ncrit =   9.000

  alpha     CL        CD       CDp       CM    Top Xtr Bot Xtr   Cpmin    Chinge    XCp    
 ------- -------- --------- --------- -------- ------- ------- -------- --------- ---------
 -22.000  -0.3932   0.20379   0.20135  -0.0617  0.2213  0.0014  -6.5977   0.0000   0.0423
 -21.500  -0.3759   0.19859   0.19613  -0.0653  0.2210  0.0014  -6.3835   0.0000   0.0252
 -21.000  -0.3587   0.19333   0.19086  -0.0688  0.2210  0.0014  -6.1743   0.0000   0.0064
 -20.500  -0.3417   0.18806   0.18554  -0.0722  0.1952  0.0014  -5.9711   0.0000  -0.0136
 -20.000  -0.3247   0.18273   0.18017  -0.0755  0.1701  0.0014  -5.7738   0.0000  -0.0357
 -19.500  -0.3076   0.17731   0.17473  -0.0788  0.1693  0.0015  -5.5821   0.0000  -0.0604
 -18.500  -1.2011   0.01515   0.01145  -0.1858  0.4010  0.0015  -24.4948   0.0000   0.0691
 -17.500  -1.0968   0.01304   0.00913  -0.1903  0.3049  0.0017  -22.1718   0.0000   0.0516
 -17.000  -1.0426   0.01229   0.00834  -0.1916  0.2975  0.0017  -21.0103   0.0000   0.0419
 -16.500  -0.9871   0.01163   0.00765  -0.1927  0.2904  0.0018  -19.8604   0.0000   0.0308
 -16.000  -0.9307   0.01103   0.00702  -0.1938  0.2835  0.0019  -18.7277   0.0000   0.0182
 -15.500  -0.8737   0.01047   0.00644  -0.1949  0.2792  0.0020  -17.6158   0.0000   0.0036
 -15.000  -0.8167   0.01001   0.00591  -0.1958  0.2507  0.0022  -16.5348   0.0000  -0.0128
 -14.500  -0.7591   0.00957   0.00541  -0.1967  0.2221  0.0023  -15.4772   0.0000  -0.0322
 -14.000  -0.7006   0.00915   0.00496  -0.1977  0.2215  0.0024  -14.4407   0.0000  -0.0553
 -13.500  -0.6423   0.00879   0.00456  -0.1985  0.1992  0.0025  -13.5196   0.0000  -0.0825
 -13.000  -0.5834   0.00844   0.00417  -0.1995  0.1903  0.0027  -12.6231   0.0000  -0.1158
 -12.000  -0.4650   0.00783   0.00348  -0.2012  0.1481  0.0031  -10.9059   0.0000  -0.2086
 -11.500  -0.4048   0.00750   0.00315  -0.2023  0.1690  0.0035  -10.0777   0.0000  -0.2773
 -11.000  -0.3454   0.00728   0.00287  -0.2031  0.1441  0.0038  -9.2826   0.0000  -0.3681
 -10.500  -0.2857   0.00708   0.00264  -0.2039  0.1392  0.0039  -8.5119   0.0000  -0.4976
 -10.000  -0.2259   0.00691   0.00245  -0.2047  0.1341  0.0040  -7.7707   0.0000  -0.6959
  -9.500  -0.1660   0.00676   0.00228  -0.2055  0.1291  0.0041  -7.0592   0.0000  -1.0376
  -9.000  -0.1062   0.00663   0.00212  -0.2063  0.1238  0.0041  -6.3774   0.0000  -1.7646
  -8.500  -0.0463   0.00650   0.00199  -0.2070  0.1236  0.0041  -5.7234   0.0000  -4.3715
  -8.000   0.0135   0.00640   0.00186  -0.2077  0.1233  0.0042  -5.0990   0.0000  16.1282
  -7.500   0.0733   0.00631   0.00176  -0.2084  0.1228  0.0042  -4.5044   0.0000   3.1777
  -7.000   0.1331   0.00623   0.00167  -0.2092  0.1227  0.0043  -4.0421   0.0000   1.8644
  -6.500   0.1922   0.00621   0.00160  -0.2097  0.1024  0.0043  -3.6522   0.0000   1.3683
  -6.000   0.2517   0.00618   0.00154  -0.2103  0.0994  0.0043  -3.2761   0.0000   1.1049
  -5.500   0.3111   0.00615   0.00149  -0.2109  0.0967  0.0044  -2.9151   0.0000   0.9422
  -5.000   0.3705   0.00613   0.00146  -0.2115  0.0942  0.0044  -2.5695   0.0000   0.8317
  -4.500   0.4297   0.00613   0.00144  -0.2121  0.0883  0.0044  -2.2393   0.0000   0.7518
  -4.000   0.4889   0.00613   0.00143  -0.2127  0.0843  0.0045  -1.9247   0.0000   0.6913
  -3.500   0.5480   0.00614   0.00143  -0.2132  0.0842  0.0045  -1.6260   0.0000   0.6438
  -3.000   0.6069   0.00616   0.00144  -0.2138  0.0841  0.0046  -1.3432   0.0000   0.6056
  -2.500   0.6657   0.00619   0.00145  -0.2143  0.0838  0.0046  -1.0757   0.0000   0.5742
  -2.000   0.7227   0.00636   0.00154  -0.2144  0.0488  0.0049  -0.9623   0.0000   0.5480
  -1.500   0.7809   0.00644   0.00160  -0.2148  0.0456  0.0056  -1.0127   0.0000   0.5255
  -1.000   0.8389   0.00652   0.00166  -0.2151  0.0431  0.0066  -1.0651   0.0000   0.5061
  -0.500   0.8969   0.00661   0.00174  -0.2155  0.0409  0.0073  -1.1177   0.0000   0.4892
   0.000   0.9546   0.00670   0.00182  -0.2158  0.0387  0.0078  -1.1706   0.0000   0.4742
   0.500   1.0121   0.00680   0.00191  -0.2161  0.0382  0.0097  -1.2256   0.0000   0.4610
   1.000   1.0696   0.00690   0.00200  -0.2165  0.0399  0.0169  -1.2908   0.0000   0.4491
   1.500   1.1267   0.00702   0.00212  -0.2167  0.0390  0.0171  -1.3666   0.0000   0.4383
   2.500   1.2364   0.00761   0.00260  -0.2163  0.0015  0.0371  -1.5316   0.0000   0.4195
   3.500   1.3474   0.00802   0.00296  -0.2163  0.0013  0.0390  -1.7655   0.0000   0.4036
   4.000   1.4024   0.00824   0.00317  -0.2162  0.0013  0.0417  -1.9121   0.0000   0.3965
   4.500   1.4569   0.00848   0.00340  -0.2160  0.0013  0.0475  -2.0910   0.0000   0.3899
   5.500   1.5649   0.00900   0.00390  -0.2156  0.0013  0.0731  -2.4616   0.0000   0.3778
   6.000   1.6184   0.00927   0.00418  -0.2153  0.0012  0.1063  -2.6533   0.0000   0.3722
   6.500   1.6710   0.00958   0.00448  -0.2148  0.0012  0.1183  -2.8484   0.0000   0.3670
   7.500   1.7745   0.01024   0.00513  -0.2137  0.0012  0.1465  -3.2492   0.0000   0.3571
   8.000   1.8250   0.01061   0.00548  -0.2129  0.0012  0.1462  -3.4539   0.0000   0.3524
   8.500   1.8746   0.01100   0.00586  -0.2120  0.0012  0.1598  -3.6614   0.0000   0.3479
   9.000   1.9240   0.01139   0.00629  -0.2111  0.0012  0.2155  -3.9392   0.0000   0.3436
   9.500   1.9721   0.01182   0.00674  -0.2100  0.0012  0.2491  -4.3221   0.0000   0.3394
  10.000   2.0193   0.01227   0.00723  -0.2087  0.0012  0.3077  -4.9073   0.0000   0.3353
  10.500   2.0642   0.01278   0.00775  -0.2070  0.0011  0.3381  -5.5104   0.0000   0.3313
  11.500   2.1342   0.01396   0.00895  -0.1997  0.0011  0.3693  -6.6805   0.0000   0.3226
  12.000   2.1627   0.01470   0.00971  -0.1949  0.0010  0.3694  -7.2592   0.0000   0.3181
  12.500   2.1920   0.01556   0.01057  -0.1906  0.0010  0.3701  -7.8646   0.0000   0.3139
  14.000   2.2373   0.02110   0.01637  -0.1726  0.0014  0.4667  -9.4259   0.0000   0.3009
  14.500   2.2540   0.02311   0.01845  -0.1678  0.0015  0.4916  -9.9982   0.0000   0.2970
  15.000   2.2696   0.02554   0.02094  -0.1635  0.0020  0.5149  -10.6088   0.0000   0.2934
  15.500   2.2887   0.02793   0.02340  -0.1600  0.0024  0.5502  -11.2465   0.0000   0.2901
  16.000   2.3016   0.03097   0.02650  -0.1563  0.0028  0.5669  -11.8361   0.0000   0.2868
  16.500   2.3123   0.03442   0.03003  -0.1528  0.0032  0.6003  -12.4184   0.0000   0.2838
  17.000   2.3191   0.03835   0.03404  -0.1495  0.0036  0.6293  -12.9788   0.0000   0.2808
  17.500   2.3219   0.04283   0.03860  -0.1464  0.0041  0.6528  -13.5111   0.0000   0.2781
  18.000   2.3243   0.04786   0.04373  -0.1439  0.0043  0.6847  -14.0498   0.0000   0.2755
  18.500   2.3240   0.05343   0.04939  -0.1418  0.0045  0.7066  -14.5718   0.0000   0.2732


