XFLR5 v6.02 Beta

 Calculated polar for: WORTMANN FX 63-137

 1 1 Reynolds number fixed          Mach number fixed         

 xtrf =   1.000 (top)        1.000 (bottom)
 Mach =   0.000     Re =    56.250 e 6     Ncrit =   9.000

  alpha     CL        CD       CDp       CM    Top Xtr Bot Xtr   Cpmin    Chinge    XCp    
 ------- -------- --------- --------- -------- ------- ------- -------- --------- ---------
 -22.000  -1.2374   0.05174   0.04856  -0.1538  0.4659  0.0014  -27.7131   0.0000   0.0894
 -21.000  -1.2774   0.03552   0.03209  -0.1664  0.4285  0.0015  -27.7036   0.0000   0.0870
 -20.500  -1.2845   0.02949   0.02598  -0.1710  0.4255  0.0015  -27.4206   0.0000   0.0858
 -20.000  -1.2748   0.02543   0.02185  -0.1738  0.4213  0.0015  -26.8365   0.0000   0.0840
 -19.500  -1.2618   0.02166   0.01803  -0.1763  0.4167  0.0016  -26.1985   0.0000   0.0820
 -19.000  -1.2445   0.01872   0.01505  -0.1777  0.4117  0.0016  -25.4809   0.0000   0.0801
 -18.500  -1.2017   0.01631   0.01259  -0.1824  0.4048  0.0017  -24.4487   0.0000   0.0720
 -18.000  -1.1487   0.01446   0.01060  -0.1877  0.3540  0.0017  -23.2997   0.0000   0.0611
 -17.000  -1.0421   0.01265   0.00871  -0.1909  0.3377  0.0019  -20.9858   0.0000   0.0425
 -16.500  -0.9878   0.01198   0.00796  -0.1920  0.3056  0.0020  -19.8518   0.0000   0.0318
 -16.000  -0.9320   0.01134   0.00728  -0.1931  0.2985  0.0021  -18.7265   0.0000   0.0193
 -15.500  -0.8751   0.01075   0.00665  -0.1942  0.2940  0.0023  -17.6190   0.0000   0.0048
 -15.000  -0.8177   0.01022   0.00609  -0.1952  0.2794  0.0024  -16.5341   0.0000  -0.0119
 -14.500  -0.7609   0.00979   0.00557  -0.1961  0.2332  0.0025  -15.4856   0.0000  -0.0307
 -14.000  -0.7025   0.00934   0.00509  -0.1971  0.2236  0.0027  -14.4505   0.0000  -0.0537
 -13.500  -0.6437   0.00894   0.00466  -0.1981  0.2209  0.0028  -13.5261   0.0000  -0.0811
 -13.000  -0.5845   0.00856   0.00425  -0.1991  0.2208  0.0030  -12.6273   0.0000  -0.1144
 -12.500  -0.5261   0.00827   0.00388  -0.1998  0.1699  0.0032  -11.7612   0.0000  -0.1545
 -11.500  -0.4067   0.00765   0.00321  -0.2018  0.1691  0.0038  -10.0809   0.0000  -0.2735
 -10.500  -0.2876   0.00725   0.00273  -0.2034  0.1451  0.0040  -8.5154   0.0000  -0.4905
 -10.000  -0.2280   0.00708   0.00253  -0.2042  0.1396  0.0040  -7.7759   0.0000  -0.6846
  -9.500  -0.1682   0.00693   0.00235  -0.2049  0.1343  0.0041  -7.0651   0.0000  -1.0174
  -9.000  -0.1084   0.00679   0.00219  -0.2057  0.1245  0.0041  -6.3840   0.0000  -1.7182
  -8.500  -0.0486   0.00667   0.00205  -0.2064  0.1238  0.0041  -5.7301   0.0000  -4.1482
  -8.000   0.0113   0.00656   0.00193  -0.2072  0.1236  0.0042  -5.1058   0.0000  19.2072
  -7.500   0.0711   0.00646   0.00182  -0.2079  0.1233  0.0042  -4.5112   0.0000   3.2610
  -6.500   0.1906   0.00632   0.00164  -0.2093  0.1227  0.0043  -3.6534   0.0000   1.3758
  -6.000   0.2496   0.00631   0.00159  -0.2098  0.1025  0.0043  -3.2791   0.0000   1.1100
  -5.500   0.3090   0.00629   0.00154  -0.2104  0.0995  0.0044  -2.9186   0.0000   0.9453
  -5.000   0.3683   0.00627   0.00150  -0.2110  0.0968  0.0044  -2.5732   0.0000   0.8338
  -4.500   0.4275   0.00627   0.00147  -0.2116  0.0931  0.0045  -2.2430   0.0000   0.7532
  -4.000   0.4867   0.00627   0.00147  -0.2122  0.0847  0.0045  -1.9288   0.0000   0.6923
  -3.500   0.5457   0.00628   0.00146  -0.2127  0.0843  0.0046  -1.6302   0.0000   0.6445
  -3.000   0.6047   0.00630   0.00147  -0.2133  0.0842  0.0046  -1.3474   0.0000   0.6061
  -2.500   0.6634   0.00633   0.00149  -0.2137  0.0839  0.0046  -1.0798   0.0000   0.5745
  -1.500   0.7787   0.00657   0.00163  -0.2143  0.0488  0.0061  -1.0113   0.0000   0.5257
  -1.000   0.8367   0.00666   0.00170  -0.2147  0.0460  0.0071  -1.0635   0.0000   0.5062
  -0.500   0.8945   0.00675   0.00178  -0.2150  0.0435  0.0078  -1.1161   0.0000   0.4892
   0.000   0.9521   0.00685   0.00186  -0.2153  0.0412  0.0084  -1.1689   0.0000   0.4743
   0.500   1.0098   0.00695   0.00196  -0.2156  0.0390  0.0154  -1.2238   0.0000   0.4610
   1.000   1.0671   0.00706   0.00206  -0.2159  0.0420  0.0170  -1.2886   0.0000   0.4491
   1.500   1.1241   0.00718   0.00217  -0.2161  0.0409  0.0171  -1.3642   0.0000   0.4383
   2.500   1.2336   0.00779   0.00267  -0.2157  0.0017  0.0372  -1.5287   0.0000   0.4194
   3.500   1.3444   0.00821   0.00304  -0.2156  0.0013  0.0399  -1.7617   0.0000   0.4035
   4.000   1.3993   0.00844   0.00326  -0.2155  0.0013  0.0431  -1.9068   0.0000   0.3964
   4.500   1.4537   0.00868   0.00349  -0.2154  0.0013  0.0491  -2.0852   0.0000   0.3898
   6.000   1.6147   0.00950   0.00430  -0.2145  0.0012  0.1119  -2.6462   0.0000   0.3721
   6.500   1.6673   0.00980   0.00460  -0.2141  0.0012  0.1242  -2.8409   0.0000   0.3668
   7.000   1.7193   0.01013   0.00493  -0.2136  0.0012  0.1463  -3.0392   0.0000   0.3618
   7.500   1.7702   0.01049   0.00527  -0.2128  0.0012  0.1543  -3.2402   0.0000   0.3569
   8.000   1.8203   0.01087   0.00564  -0.2120  0.0012  0.1509  -3.4440   0.0000   0.3522
   8.500   1.8702   0.01125   0.00605  -0.2112  0.0012  0.1946  -3.6516   0.0000   0.3478
   9.500   1.9662   0.01212   0.00694  -0.2088  0.0012  0.2547  -4.2891   0.0000   0.3392
  10.000   2.0136   0.01258   0.00747  -0.2077  0.0011  0.3403  -4.8726   0.0000   0.3351
  10.500   2.0578   0.01310   0.00801  -0.2059  0.0011  0.3699  -5.4695   0.0000   0.3310
  11.000   2.0947   0.01369   0.00861  -0.2026  0.0011  0.3738  -6.0537   0.0000   0.3267
  11.500   2.1222   0.01436   0.00928  -0.1974  0.0011  0.3834  -6.6008   0.0000   0.3220
  12.000   2.1515   0.01515   0.01008  -0.1929  0.0010  0.3851  -7.1822   0.0000   0.3177
  12.500   2.1815   0.01604   0.01100  -0.1888  0.0010  0.3994  -7.7885   0.0000   0.3135
  14.000   2.2590   0.01981   0.01491  -0.1759  0.0008  0.4987  -9.6437   0.0000   0.3015
  14.500   2.2815   0.02146   0.01661  -0.1717  0.0008  0.5329  -10.2737   0.0000   0.2978
  16.000   2.2877   0.03229   0.02781  -0.1552  0.0022  0.6271  -11.7159   0.0000   0.2868
  16.500   2.2957   0.03603   0.03163  -0.1517  0.0026  0.6478  -12.2752   0.0000   0.2837
  17.000   2.3031   0.03994   0.03562  -0.1486  0.0029  0.6777  -12.8382   0.0000   0.2809
  17.500   2.3047   0.04477   0.04054  -0.1456  0.0034  0.6963  -13.3568   0.0000   0.2782
  18.000   2.3113   0.04947   0.04533  -0.1435  0.0038  0.7370  -13.9308   0.0000   0.2757
  18.500   2.3106   0.05535   0.05132  -0.1417  0.0041  0.7762  -14.4453   0.0000   0.2735
  19.000   2.3077   0.06183   0.05793  -0.1405  0.0043  0.8272  -14.9465   0.0000   0.2716
  19.500   2.3097   0.06920   0.06556  -0.1414  0.0044  1.0000  -15.5039   0.0000   0.2703


