XFLR5 v6.02 Beta

 Calculated polar for: WORTMANN FX 63-137

 1 1 Reynolds number fixed          Mach number fixed         

 xtrf =   1.000 (top)        1.000 (bottom)
 Mach =   0.000     Re =    45.500 e 6     Ncrit =   9.000

  alpha     CL        CD       CDp       CM    Top Xtr Bot Xtr   Cpmin    Chinge    XCp    
 ------- -------- --------- --------- -------- ------- ------- -------- --------- ---------
 -22.000  -0.3964   0.20442   0.20186  -0.0602  0.2401  0.0014  -6.5712   0.0000   0.0479
 -21.500  -0.3793   0.19921   0.19664  -0.0638  0.2345  0.0014  -6.3605   0.0000   0.0313
 -21.000  -0.3621   0.19393   0.19133  -0.0673  0.2295  0.0014  -6.1577   0.0000   0.0131
 -20.500  -0.3451   0.18858   0.18597  -0.0708  0.2242  0.0016  -5.9611   0.0000  -0.0068
 -20.000  -0.3280   0.18320   0.18057  -0.0742  0.2217  0.0018  -5.7660   0.0000  -0.0286
 -19.500  -0.3114   0.17786   0.17516  -0.0774  0.1855  0.0019  -5.5769   0.0000  -0.0518
 -19.000  -0.2946   0.17239   0.16968  -0.0806  0.1726  0.0021  -5.3926   0.0000  -0.0781
 -18.500  -0.2778   0.16685   0.16413  -0.0838  0.1855  0.0023  -5.2156   0.0000  -0.1075
 -18.000  -0.2615   0.16130   0.15856  -0.0870  0.1751  0.0025  -5.0457   0.0000  -0.1399
 -17.500  -0.2454   0.15573   0.15298  -0.0900  0.1704  0.0026  -4.8836   0.0000  -0.1758
 -17.000  -0.2301   0.15025   0.14749  -0.0929  0.1700  0.0028  -4.7313   0.0000  -0.2150
 -16.500  -0.2152   0.14483   0.14206  -0.0958  0.1698  0.0030  -4.5873   0.0000  -0.2584
 -16.000  -0.1997   0.13908   0.13630  -0.0988  0.1695  0.0032  -4.4465   0.0000  -0.3106
 -15.500  -0.1844   0.13327   0.13048  -0.1017  0.1691  0.0033  -4.3132   0.0000  -0.3706
 -14.000  -0.7047   0.00957   0.00522  -0.1964  0.2399  0.0030  -14.4610   0.0000  -0.0517
 -13.500  -0.6461   0.00916   0.00478  -0.1974  0.2222  0.0032  -13.5364   0.0000  -0.0788
 -13.000  -0.5870   0.00877   0.00436  -0.1984  0.2215  0.0034  -12.6356   0.0000  -0.1117
 -12.500  -0.5284   0.00847   0.00398  -0.1992  0.1888  0.0036  -11.7645   0.0000  -0.1515
 -12.000  -0.4691   0.00817   0.00365  -0.2001  0.1699  0.0037  -10.9123   0.0000  -0.2021
 -11.500  -0.4095   0.00790   0.00335  -0.2010  0.1699  0.0039  -10.0831   0.0000  -0.2680
 -11.000  -0.3498   0.00767   0.00309  -0.2019  0.1696  0.0039  -9.2857   0.0000  -0.3566
 -10.500  -0.2901   0.00746   0.00286  -0.2027  0.1689  0.0040  -8.5166   0.0000  -0.4819
  -9.500  -0.1710   0.00715   0.00246  -0.2042  0.1416  0.0041  -7.0703   0.0000  -0.9923
  -9.000  -0.1114   0.00701   0.00229  -0.2049  0.1314  0.0041  -6.3909   0.0000  -1.6597
  -8.500  -0.0515   0.00688   0.00214  -0.2057  0.1262  0.0041  -5.7374   0.0000  -3.8834
  -8.000   0.0084   0.00677   0.00201  -0.2065  0.1240  0.0042  -5.1134   0.0000  25.7693
  -7.500   0.0682   0.00667   0.00189  -0.2072  0.1237  0.0042  -4.5190   0.0000   3.3795
  -7.000   0.1280   0.00658   0.00179  -0.2079  0.1235  0.0043  -4.0487   0.0000   1.9193
  -6.500   0.1877   0.00651   0.00170  -0.2086  0.1232  0.0043  -3.6572   0.0000   1.3895
  -6.000   0.2474   0.00645   0.00163  -0.2093  0.1226  0.0043  -3.2810   0.0000   1.1156
  -5.500   0.3063   0.00646   0.00160  -0.2098  0.1036  0.0044  -2.9224   0.0000   0.9494
  -5.000   0.3655   0.00645   0.00155  -0.2104  0.1004  0.0044  -2.5769   0.0000   0.8364
  -4.500   0.4247   0.00645   0.00152  -0.2110  0.0976  0.0045  -2.2476   0.0000   0.7550
  -4.000   0.4837   0.00646   0.00152  -0.2115  0.0888  0.0045  -1.9340   0.0000   0.6936
  -3.500   0.5427   0.00647   0.00152  -0.2121  0.0851  0.0046  -1.6356   0.0000   0.6455
  -3.000   0.6017   0.00649   0.00153  -0.2126  0.0843  0.0049  -1.3528   0.0000   0.6068
  -2.500   0.6604   0.00652   0.00155  -0.2131  0.0840  0.0047  -1.0850   0.0000   0.5750
  -2.000   0.7190   0.00656   0.00158  -0.2136  0.0836  0.0055  -0.9602   0.0000   0.5484
  -1.500   0.7758   0.00675   0.00168  -0.2137  0.0542  0.0067  -1.0094   0.0000   0.5259
  -1.000   0.8338   0.00683   0.00174  -0.2140  0.0501  0.0078  -1.0616   0.0000   0.5064
  -0.500   0.8915   0.00694   0.00183  -0.2143  0.0473  0.0086  -1.1140   0.0000   0.4893
   0.000   0.9489   0.00705   0.00192  -0.2146  0.0446  0.0093  -1.1666   0.0000   0.4743
   0.500   1.0065   0.00715   0.00202  -0.2150  0.0422  0.0157  -1.2212   0.0000   0.4610
   1.000   1.0638   0.00726   0.00212  -0.2152  0.0448  0.0170  -1.2858   0.0000   0.4490
   1.500   1.1207   0.00739   0.00224  -0.2154  0.0436  0.0172  -1.3613   0.0000   0.4382
   2.000   1.1773   0.00754   0.00237  -0.2156  0.0418  0.0193  -1.4374   0.0000   0.4284
   2.500   1.2299   0.00802   0.00276  -0.2149  0.0022  0.0373  -1.5248   0.0000   0.4193
   3.500   1.3405   0.00845   0.00315  -0.2148  0.0013  0.0415  -1.7566   0.0000   0.4034
   4.000   1.3952   0.00869   0.00337  -0.2147  0.0015  0.0448  -1.8997   0.0000   0.3963
   4.500   1.4495   0.00894   0.00361  -0.2145  0.0013  0.0514  -2.0777   0.0000   0.3896
   5.000   1.5035   0.00921   0.00387  -0.2143  0.0013  0.0669  -2.2601   0.0000   0.3834
   5.500   1.5568   0.00949   0.00414  -0.2139  0.0013  0.0795  -2.4463   0.0000   0.3775
   6.000   1.6100   0.00978   0.00445  -0.2136  0.0012  0.1195  -2.6369   0.0000   0.3719
   6.500   1.6625   0.01010   0.00478  -0.2132  0.0012  0.1458  -2.8312   0.0000   0.3666
   7.000   1.7139   0.01045   0.00511  -0.2125  0.0012  0.1547  -3.0282   0.0000   0.3615
   7.500   1.7647   0.01081   0.00547  -0.2118  0.0012  0.1687  -3.2286   0.0000   0.3567
   8.000   1.8143   0.01121   0.00586  -0.2108  0.0012  0.1652  -3.4311   0.0000   0.3520
   8.500   1.8637   0.01161   0.00628  -0.2099  0.0012  0.2114  -3.6374   0.0000   0.3475
   9.000   1.9123   0.01204   0.00674  -0.2089  0.0012  0.2606  -3.9052   0.0000   0.3432
  10.000   2.0059   0.01298   0.00779  -0.2063  0.0011  0.3867  -4.8261   0.0000   0.3348
  10.500   2.0486   0.01353   0.00835  -0.2042  0.0011  0.4001  -5.4119   0.0000   0.3307
  11.000   2.0790   0.01415   0.00901  -0.1995  0.0011  0.4325  -5.9526   0.0000   0.3260
  11.500   2.1081   0.01489   0.00976  -0.1949  0.0011  0.4330  -6.5069   0.0000   0.3215
  12.000   2.1377   0.01575   0.01063  -0.1905  0.0010  0.4334  -7.0856   0.0000   0.3171
  12.500   2.1664   0.01673   0.01165  -0.1862  0.0010  0.4642  -7.6799   0.0000   0.3130
  13.000   2.1944   0.01786   0.01283  -0.1822  0.0010  0.5012  -8.2898   0.0000   0.3089
  13.500   2.2201   0.01918   0.01417  -0.1779  0.0009  0.5134  -8.9034   0.0000   0.3050
  14.000   2.2441   0.02072   0.01576  -0.1738  0.0009  0.5377  -9.5234   0.0000   0.3012
  14.500   2.2643   0.02257   0.01769  -0.1696  0.0009  0.5911  -10.1314   0.0000   0.2974
  15.000   2.2836   0.02472   0.01991  -0.1656  0.0008  0.6282  -10.7506   0.0000   0.2939
  15.500   2.3011   0.02718   0.02242  -0.1619  0.0008  0.6560  -11.3719   0.0000   0.2905
  16.000   2.2647   0.03441   0.02989  -0.1534  0.0013  0.6769  -11.4881   0.0000   0.2867
  16.500   2.2756   0.03805   0.03364  -0.1504  0.0017  0.7009  -12.0561   0.0000   0.2837
  17.000   2.2820   0.04222   0.03788  -0.1475  0.0021  0.7366  -12.6452   0.0000   0.2810
  17.500   2.2870   0.04705   0.04283  -0.1452  0.0023  0.7777  -13.1977   0.0000   0.2785
  18.000   2.2888   0.05264   0.04855  -0.1434  0.0029  0.8349  -13.7244   0.0000   0.2762
  18.500   2.2936   0.05913   0.05529  -0.1433  0.0033  1.0000  -14.2874   0.0000   0.2745
  19.000   2.2976   0.06446   0.06068  -0.1419  0.0036  1.0000  -14.8517   0.0000   0.2723
  19.500   2.2878   0.07179   0.06810  -0.1409  0.0038  1.0000  -15.2874   0.0000   0.2707


