XFLR5 v6.02 Beta

 Calculated polar for: WORTMANN FX 63-137

 1 1 Reynolds number fixed          Mach number fixed         

 xtrf =   1.000 (top)        1.000 (bottom)
 Mach =   0.000     Re =    47.500 e 6     Ncrit =   9.000

  alpha     CL        CD       CDp       CM    Top Xtr Bot Xtr   Cpmin    Chinge    XCp    
 ------- -------- --------- --------- -------- ------- ------- -------- --------- ---------
 -22.000  -1.1883   0.05826   0.05512  -0.1480  0.4748  0.0016  -26.7509   0.0000   0.0884
 -21.500  -1.2324   0.04661   0.04334  -0.1572  0.4726  0.0016  -27.2458   0.0000   0.0875
 -21.000  -1.2467   0.03901   0.03564  -0.1632  0.4660  0.0016  -27.1423   0.0000   0.0859
 -20.500  -1.2578   0.03231   0.02886  -0.1685  0.4659  0.0017  -26.9479   0.0000   0.0846
 -20.000  -1.2543   0.02748   0.02396  -0.1720  0.4658  0.0017  -26.4828   0.0000   0.0829
 -19.500  -1.2437   0.02338   0.01980  -0.1749  0.4656  0.0017  -25.8960   0.0000   0.0808
 -19.000  -1.2341   0.02010   0.01644  -0.1758  0.4389  0.0018  -25.2910   0.0000   0.0803
 -18.500  -1.1987   0.01743   0.01370  -0.1798  0.4304  0.0019  -24.3591   0.0000   0.0738
 -18.000  -1.1476   0.01512   0.01129  -0.1860  0.4019  0.0019  -23.2516   0.0000   0.0624
 -17.500  -1.0966   0.01399   0.01004  -0.1883  0.3410  0.0020  -22.1224   0.0000   0.0534
 -17.000  -1.0430   0.01308   0.00908  -0.1899  0.3385  0.0021  -20.9757   0.0000   0.0436
 -16.500  -0.9881   0.01229   0.00826  -0.1913  0.3378  0.0022  -19.8374   0.0000   0.0325
 -16.000  -0.9321   0.01159   0.00752  -0.1925  0.3376  0.0024  -18.7134   0.0000   0.0199
 -15.500  -0.8762   0.01099   0.00687  -0.1936  0.3133  0.0025  -17.6174   0.0000   0.0058
 -15.000  -0.8190   0.01043   0.00625  -0.1947  0.3030  0.0026  -16.5367   0.0000  -0.0108
 -14.500  -0.7624   0.00998   0.00570  -0.1955  0.2467  0.0028  -15.4910   0.0000  -0.0294
 -14.000  -0.7043   0.00952   0.00520  -0.1965  0.2365  0.0030  -14.4594   0.0000  -0.0521
 -13.500  -0.6456   0.00912   0.00476  -0.1975  0.2219  0.0031  -13.5349   0.0000  -0.0792
 -13.000  -0.5865   0.00872   0.00434  -0.1985  0.2212  0.0033  -12.6348   0.0000  -0.1123
 -12.500  -0.5280   0.00843   0.00396  -0.1993  0.1835  0.0035  -11.7656   0.0000  -0.1520
 -12.000  -0.4686   0.00812   0.00362  -0.2003  0.1697  0.0037  -10.9124   0.0000  -0.2030
 -11.500  -0.4089   0.00785   0.00332  -0.2012  0.1698  0.0039  -10.0827   0.0000  -0.2692
 -11.000  -0.3492   0.00762   0.00306  -0.2020  0.1694  0.0039  -9.2851   0.0000  -0.3581
 -10.500  -0.2895   0.00741   0.00283  -0.2029  0.1689  0.0040  -8.5157   0.0000  -0.4840
 -10.000  -0.2301   0.00726   0.00263  -0.2036  0.1457  0.0040  -7.7790   0.0000  -0.6734
  -9.500  -0.1705   0.00710   0.00244  -0.2043  0.1400  0.0041  -7.0696   0.0000  -0.9973
  -9.000  -0.1108   0.00697   0.00227  -0.2051  0.1300  0.0041  -6.3897   0.0000  -1.6715
  -8.500  -0.0509   0.00684   0.00212  -0.2059  0.1249  0.0041  -5.7361   0.0000  -3.9355
  -8.000   0.0090   0.00672   0.00199  -0.2066  0.1239  0.0042  -5.1120   0.0000  24.0635
  -7.500   0.0688   0.00662   0.00188  -0.2074  0.1236  0.0042  -4.5175   0.0000   3.3542
  -7.000   0.1286   0.00654   0.00177  -0.2081  0.1234  0.0043  -4.0481   0.0000   1.9127
  -6.500   0.1883   0.00647   0.00169  -0.2088  0.1231  0.0043  -3.6565   0.0000   1.3866
  -6.000   0.2480   0.00641   0.00162  -0.2094  0.1226  0.0043  -3.2802   0.0000   1.1141
  -5.500   0.3069   0.00642   0.00158  -0.2099  0.1026  0.0044  -2.9216   0.0000   0.9485
  -5.000   0.3661   0.00641   0.00154  -0.2105  0.0996  0.0044  -2.5763   0.0000   0.8359
  -4.500   0.4253   0.00641   0.00151  -0.2111  0.0969  0.0045  -2.2467   0.0000   0.7547
  -4.000   0.4843   0.00642   0.00151  -0.2116  0.0876  0.0045  -1.9330   0.0000   0.6933
  -3.500   0.5434   0.00643   0.00151  -0.2122  0.0846  0.0046  -1.6345   0.0000   0.6453
  -3.000   0.6023   0.00645   0.00152  -0.2127  0.0843  0.0049  -1.3517   0.0000   0.6067
  -2.500   0.6610   0.00648   0.00153  -0.2132  0.0840  0.0046  -1.0840   0.0000   0.5749
  -2.000   0.7196   0.00652   0.00157  -0.2137  0.0835  0.0054  -0.9606   0.0000   0.5483
  -1.500   0.7764   0.00671   0.00167  -0.2138  0.0517  0.0066  -1.0098   0.0000   0.5258
  -1.000   0.8344   0.00680   0.00174  -0.2142  0.0492  0.0076  -1.0620   0.0000   0.5063
  -0.500   0.8921   0.00690   0.00182  -0.2145  0.0465  0.0085  -1.1144   0.0000   0.4893
   0.000   0.9496   0.00701   0.00191  -0.2148  0.0439  0.0091  -1.1670   0.0000   0.4743
   0.500   1.0072   0.00711   0.00201  -0.2151  0.0415  0.0156  -1.2218   0.0000   0.4610
   1.000   1.0645   0.00722   0.00211  -0.2154  0.0442  0.0170  -1.2864   0.0000   0.4490
   1.500   1.1214   0.00735   0.00223  -0.2156  0.0430  0.0172  -1.3619   0.0000   0.4382
   2.000   1.1780   0.00749   0.00236  -0.2158  0.0413  0.0192  -1.4381   0.0000   0.4284
   2.500   1.2306   0.00798   0.00274  -0.2151  0.0021  0.0373  -1.5256   0.0000   0.4194
   3.500   1.3413   0.00840   0.00313  -0.2150  0.0013  0.0412  -1.7576   0.0000   0.4034
   4.000   1.3960   0.00864   0.00335  -0.2149  0.0014  0.0445  -1.9012   0.0000   0.3963
   4.500   1.4504   0.00889   0.00359  -0.2147  0.0013  0.0509  -2.0793   0.0000   0.3896
   5.000   1.5044   0.00915   0.00384  -0.2145  0.0013  0.0669  -2.2618   0.0000   0.3834
   5.500   1.5578   0.00944   0.00411  -0.2141  0.0013  0.0787  -2.4481   0.0000   0.3775
   6.000   1.6110   0.00972   0.00442  -0.2138  0.0012  0.1179  -2.6388   0.0000   0.3719
   6.500   1.6635   0.01003   0.00474  -0.2134  0.0012  0.1455  -2.8333   0.0000   0.3667
   7.000   1.7150   0.01038   0.00507  -0.2127  0.0012  0.1519  -3.0304   0.0000   0.3616
   7.500   1.7658   0.01074   0.00543  -0.2120  0.0012  0.1657  -3.2309   0.0000   0.3567
   8.000   1.8155   0.01114   0.00581  -0.2111  0.0012  0.1621  -3.4338   0.0000   0.3520
   8.500   1.8650   0.01154   0.00623  -0.2102  0.0012  0.2041  -3.6403   0.0000   0.3476
   9.000   1.9137   0.01196   0.00669  -0.2091  0.0012  0.2542  -3.9094   0.0000   0.3432
   9.500   1.9605   0.01243   0.00717  -0.2077  0.0012  0.2770  -4.2559   0.0000   0.3390
  10.000   2.0076   0.01289   0.00772  -0.2066  0.0011  0.3775  -4.8361   0.0000   0.3349
  10.500   2.0504   0.01345   0.00828  -0.2045  0.0011  0.3926  -5.4230   0.0000   0.3307
  11.000   2.0811   0.01406   0.00892  -0.1999  0.0011  0.4031  -5.9667   0.0000   0.3261
  11.500   2.1115   0.01477   0.00966  -0.1955  0.0011  0.4328  -6.5290   0.0000   0.3216
  12.500   2.1689   0.01660   0.01151  -0.1866  0.0010  0.4488  -7.6980   0.0000   0.3130
  13.000   2.1975   0.01771   0.01269  -0.1827  0.0010  0.4994  -8.3126   0.0000   0.3090
  13.500   2.2231   0.01901   0.01402  -0.1784  0.0009  0.5046  -8.9263   0.0000   0.3051
  14.000   2.2478   0.02051   0.01556  -0.1744  0.0009  0.5312  -9.5529   0.0000   0.3013
  15.000   2.2870   0.02448   0.01967  -0.1660  0.0008  0.6228  -10.7798   0.0000   0.2940
  16.000   2.2700   0.03391   0.02941  -0.1538  0.0015  0.6597  -11.5218   0.0000   0.2867
  16.500   2.2760   0.03800   0.03359  -0.1504  0.0019  0.6906  -12.0821   0.0000   0.2837
  17.000   2.2864   0.04172   0.03739  -0.1478  0.0022  0.7184  -12.6883   0.0000   0.2810
  17.500   2.2896   0.04666   0.04243  -0.1452  0.0026  0.7591  -13.2218   0.0000   0.2784
  18.000   2.2919   0.05213   0.04802  -0.1433  0.0031  0.8107  -13.7525   0.0000   0.2761
  18.500   2.3067   0.05745   0.05361  -0.1435  0.0035  1.0000  -14.4118   0.0000   0.2743
  19.000   2.3015   0.06402   0.06025  -0.1420  0.0038  1.0000  -14.8890   0.0000   0.2723
  19.500   2.2919   0.07130   0.06762  -0.1410  0.0039  1.0000  -15.3283   0.0000   0.2706


