XFLR5 v6.02 Beta

 Calculated polar for: WORTMANN FX 63-137

 1 1 Reynolds number fixed          Mach number fixed         

 xtrf =   1.000 (top)        1.000 (bottom)
 Mach =   0.000     Re =    10.250 e 6     Ncrit =   9.000

  alpha     CL        CD       CDp       CM    Top Xtr Bot Xtr   Cpmin    Chinge    XCp    
 ------- -------- --------- --------- -------- ------- ------- -------- --------- ---------
 -18.500  -0.9270   0.05042   0.04764  -0.1470  0.7740  0.0035  -19.4341   0.0000   0.0600
 -18.000  -0.9646   0.03844   0.03542  -0.1578  0.7520  0.0035  -19.8345   0.0000   0.0574
 -17.500  -0.9706   0.03145   0.02825  -0.1640  0.7362  0.0036  -19.6399   0.0000   0.0536
 -17.000  -0.9633   0.02632   0.02299  -0.1686  0.7210  0.0036  -19.2101   0.0000   0.0490
 -16.500  -0.9490   0.02250   0.01909  -0.1711  0.7173  0.0036  -18.6511   0.0000   0.0449
 -16.000  -0.9181   0.01945   0.01585  -0.1754  0.6815  0.0037  -17.8999   0.0000   0.0352
 -15.500  -0.8696   0.01688   0.01313  -0.1815  0.6562  0.0037  -16.9647   0.0000   0.0180
 -15.000  -0.8173   0.01533   0.01140  -0.1854  0.6172  0.0038  -15.9788   0.0000   0.0002
 -14.500  -0.7638   0.01424   0.01021  -0.1874  0.5991  0.0039  -14.9869   0.0000  -0.0181
 -14.000  -0.7082   0.01327   0.00917  -0.1892  0.5946  0.0039  -13.9995   0.0000  -0.0400
 -13.500  -0.6593   0.01283   0.00833  -0.1894  0.4687  0.0040  -13.1059   0.0000  -0.0600
 -12.500  -0.5461   0.01155   0.00682  -0.1918  0.4199  0.0041  -11.2479   0.0000  -0.1250
 -12.000  -0.4877   0.01096   0.00616  -0.1931  0.4020  0.0042  -10.3500   0.0000  -0.1705
 -11.500  -0.4286   0.01041   0.00557  -0.1944  0.3996  0.0042  -9.4684   0.0000  -0.2296
 -11.000  -0.3703   0.00999   0.00504  -0.1955  0.3699  0.0043  -8.6353   0.0000  -0.3057
 -10.500  -0.3117   0.00963   0.00459  -0.1965  0.3490  0.0044  -7.8192   0.0000  -0.4112
  -4.000   0.4613   0.00785   0.00188  -0.2064  0.1425  0.0045  -1.9207   0.0000   0.7040
  -3.500   0.5200   0.00788   0.00188  -0.2069  0.1368  0.0060  -1.6660   0.0000   0.6528
  -3.000   0.5788   0.00790   0.00190  -0.2075  0.1261  0.0099  -1.3975   0.0000   0.6120
  -2.500   0.6378   0.00791   0.00190  -0.2081  0.1227  0.0145  -1.1250   0.0000   0.5787
  -2.000   0.6949   0.00807   0.00198  -0.2083  0.1031  0.0145  -0.9450   0.0000   0.5511
  -1.500   0.7527   0.00817   0.00204  -0.2086  0.0995  0.0153  -0.9937   0.0000   0.5277
  -1.000   0.8101   0.00828   0.00212  -0.2089  0.0937  0.0157  -1.0453   0.0000   0.5076
  -0.500   0.8677   0.00838   0.00220  -0.2092  0.0890  0.0160  -1.0974   0.0000   0.4900
   0.000   0.9250   0.00849   0.00230  -0.2095  0.0843  0.0162  -1.1497   0.0000   0.4746
   0.500   0.9821   0.00861   0.00242  -0.2098  0.0836  0.0165  -1.2024   0.0000   0.4610
   1.500   1.0956   0.00887   0.00267  -0.2102  0.0835  0.0204  -1.3386   0.0000   0.4378
   2.000   1.1521   0.00902   0.00284  -0.2103  0.0828  0.0351  -1.4142   0.0000   0.4279
   2.500   1.2029   0.00961   0.00327  -0.2094  0.0409  0.0386  -1.4971   0.0000   0.4187
   3.000   1.2579   0.00984   0.00349  -0.2093  0.0376  0.0512  -1.6034   0.0000   0.4103
   4.000   1.3642   0.01052   0.00410  -0.2085  0.0235  0.0719  -1.8446   0.0000   0.3952
   4.500   1.4171   0.01086   0.00443  -0.2081  0.0168  0.1011  -2.0115   0.0000   0.3885
   5.000   1.4662   0.01145   0.00499  -0.2069  0.0038  0.1158  -2.1919   0.0000   0.3820
   5.500   1.5182   0.01181   0.00539  -0.2064  0.0029  0.1641  -2.3736   0.0000   0.3760
   6.000   1.5728   0.01208   0.00585  -0.2066  0.0016  0.3148  -2.5632   0.0000   0.3706
   6.500   1.6239   0.01247   0.00631  -0.2060  0.0013  0.3701  -2.7525   0.0000   0.3653
   7.000   1.6732   0.01292   0.00679  -0.2050  0.0013  0.4092  -2.9430   0.0000   0.3602
   7.500   1.7228   0.01336   0.00734  -0.2042  0.0013  0.4932  -3.1386   0.0000   0.3553
   8.000   1.7675   0.01393   0.00789  -0.2023  0.0013  0.4839  -3.3290   0.0000   0.3504
   8.500   1.8112   0.01451   0.00850  -0.2004  0.0012  0.5092  -3.5215   0.0000   0.3456
   9.000   1.8458   0.01515   0.00917  -0.1966  0.0012  0.5262  -3.7152   0.0000   0.3406
   9.500   1.8793   0.01589   0.00995  -0.1927  0.0012  0.5547  -3.9540   0.0000   0.3357
  10.000   1.9116   0.01674   0.01085  -0.1888  0.0012  0.5849  -4.2706   0.0000   0.3310
  10.500   1.9437   0.01772   0.01191  -0.1852  0.0011  0.6290  -4.7621   0.0000   0.3265
  11.000   1.9726   0.01887   0.01313  -0.1811  0.0011  0.6638  -5.2574   0.0000   0.3221
  11.500   2.0006   0.02020   0.01454  -0.1772  0.0011  0.6955  -5.7655   0.0000   0.3179
  12.000   2.0267   0.02175   0.01615  -0.1734  0.0011  0.7213  -6.2793   0.0000   0.3138
  12.500   2.0499   0.02358   0.01809  -0.1695  0.0011  0.7683  -6.7903   0.0000   0.3098
  13.000   2.0738   0.02560   0.02023  -0.1662  0.0010  0.8378  -7.3776   0.0000   0.3062
  13.500   2.0965   0.02787   0.02275  -0.1632  0.0009  1.0000  -7.9338   0.0000   0.3027
  14.000   2.1134   0.03063   0.02556  -0.1596  0.0009  1.0000  -8.4666   0.0000   0.2993
  14.500   2.1287   0.03371   0.02869  -0.1563  0.0009  1.0000  -9.0022   0.0000   0.2960
  15.000   2.1414   0.03719   0.03224  -0.1532  0.0009  1.0000  -9.5315   0.0000   0.2929
  15.500   2.1513   0.04103   0.03615  -0.1503  0.0009  1.0000  -10.0488   0.0000   0.2900
  16.000   2.1584   0.04538   0.04058  -0.1476  0.0008  1.0000  -10.5584   0.0000   0.2872
  16.500   2.1690   0.04960   0.04487  -0.1454  0.0008  1.0000  -11.1089   0.0000   0.2846
  17.000   2.1720   0.05494   0.05029  -0.1434  0.0008  1.0000  -11.6048   0.0000   0.2822
  17.500   2.1725   0.06081   0.05625  -0.1418  0.0008  1.0000  -12.0864   0.0000   0.2801
  18.000   2.1706   0.06712   0.06267  -0.1406  0.0008  1.0000  -12.5535   0.0000   0.2782
  18.500   2.1659   0.07393   0.06958  -0.1398  0.0007  1.0000  -13.0017   0.0000   0.2765
  19.000   2.1674   0.07975   0.07549  -0.1392  0.0007  1.0000  -13.5159   0.0000   0.2747
  19.500   2.1551   0.08760   0.08345  -0.1392  0.0007  1.0000  -13.8986   0.0000   0.2736
  20.000   2.1421   0.09595   0.09193  -0.1399  0.0007  1.0000  -14.2698   0.0000   0.2728


