XFLR5 v6.02 Beta

 Calculated polar for: WORTMANN FX 63-137

 1 1 Reynolds number fixed          Mach number fixed         

 xtrf =   1.000 (top)        1.000 (bottom)
 Mach =   0.000     Re =    31.500 e 6     Ncrit =   9.000

  alpha     CL        CD       CDp       CM    Top Xtr Bot Xtr   Cpmin    Chinge    XCp    
 ------- -------- --------- --------- -------- ------- ------- -------- --------- ---------
 -21.500  -1.1165   0.06211   0.05908  -0.1434  0.5646  0.0021  -24.9919   0.0000   0.0848
 -21.000  -1.1691   0.04885   0.04569  -0.1539  0.5702  0.0021  -25.6795   0.0000   0.0840
 -20.500  -1.1949   0.03960   0.03627  -0.1614  0.5531  0.0022  -25.8072   0.0000   0.0825
 -20.000  -1.2078   0.03259   0.02914  -0.1670  0.5334  0.0022  -25.6592   0.0000   0.0810
 -19.000  -1.1942   0.02341   0.01983  -0.1738  0.5308  0.0023  -24.6500   0.0000   0.0766
 -18.500  -1.1819   0.02001   0.01638  -0.1754  0.5305  0.0024  -24.0314   0.0000   0.0751
 -18.000  -1.1456   0.01730   0.01355  -0.1797  0.4974  0.0025  -23.1167   0.0000   0.0675
 -17.000  -1.0434   0.01393   0.00989  -0.1880  0.4009  0.0027  -20.9314   0.0000   0.0455
 -16.500  -0.9892   0.01298   0.00890  -0.1896  0.4006  0.0029  -19.8083   0.0000   0.0344
 -16.000  -0.9350   0.01222   0.00806  -0.1909  0.3689  0.0030  -18.7072   0.0000   0.0224
 -15.500  -0.8789   0.01153   0.00730  -0.1921  0.3623  0.0032  -17.6110   0.0000   0.0082
 -15.000  -0.8220   0.01092   0.00665  -0.1933  0.3529  0.0033  -16.5328   0.0000  -0.0081
 -14.500  -0.7644   0.01038   0.00607  -0.1944  0.3381  0.0035  -15.4749   0.0000  -0.0272
 -14.000  -0.7080   0.01002   0.00557  -0.1951  0.2785  0.0036  -14.4584   0.0000  -0.0486
 -13.500  -0.6494   0.00959   0.00511  -0.1961  0.2770  0.0037  -13.5134   0.0000  -0.0752
 -13.000  -0.5915   0.00927   0.00470  -0.1969  0.2439  0.0037  -12.6207   0.0000  -0.1066
 -12.500  -0.5325   0.00894   0.00432  -0.1978  0.2354  0.0038  -11.7462   0.0000  -0.1458
 -12.000  -0.4742   0.00870   0.00398  -0.1986  0.1886  0.0038  -10.9041   0.0000  -0.1941
 -11.500  -0.4145   0.00840   0.00367  -0.1995  0.1948  0.0039  -10.0738   0.0000  -0.2583
 -11.000  -0.3552   0.00817   0.00338  -0.2003  0.1810  0.0039  -9.2808   0.0000  -0.3431
 -10.500  -0.2955   0.00793   0.00312  -0.2012  0.1734  0.0040  -8.5130   0.0000  -0.4634
 -10.000  -0.2357   0.00772   0.00289  -0.2021  0.1700  0.0040  -7.7738   0.0000  -0.6453
  -9.500  -0.1758   0.00753   0.00267  -0.2029  0.1693  0.0041  -7.0650   0.0000  -0.9516
  -9.000  -0.1165   0.00741   0.00248  -0.2036  0.1454  0.0041  -6.3920   0.0000  -1.5645
  -8.500  -0.0568   0.00727   0.00231  -0.2044  0.1397  0.0041  -5.7414   0.0000  -3.4746
  -8.000   0.0030   0.00715   0.00216  -0.2051  0.1345  0.0042  -5.1196   0.0000  71.3002
  -7.500   0.0628   0.00705   0.00203  -0.2059  0.1296  0.0042  -4.5269   0.0000   3.6265
  -7.000   0.1226   0.00695   0.00192  -0.2066  0.1259  0.0043  -4.0510   0.0000   1.9819
  -6.500   0.1823   0.00687   0.00182  -0.2073  0.1240  0.0043  -3.6611   0.0000   1.4159
  -6.000   0.2420   0.00681   0.00174  -0.2080  0.1236  0.0043  -3.2862   0.0000   1.1295
  -5.500   0.3016   0.00676   0.00168  -0.2087  0.1233  0.0044  -2.9265   0.0000   0.9565
  -5.000   0.3611   0.00672   0.00163  -0.2094  0.1228  0.0044  -2.5800   0.0000   0.8407
  -4.500   0.4205   0.00670   0.00160  -0.2100  0.1222  0.0045  -2.2519   0.0000   0.7578
  -4.000   0.4787   0.00677   0.00161  -0.2104  0.1007  0.0045  -1.9416   0.0000   0.6958
  -3.500   0.5373   0.00681   0.00161  -0.2108  0.0910  0.0046  -1.6448   0.0000   0.6472
  -3.000   0.5962   0.00684   0.00162  -0.2114  0.0878  0.0056  -1.3624   0.0000   0.6080
  -2.500   0.6549   0.00687   0.00164  -0.2119  0.0844  0.0052  -1.0945   0.0000   0.5759
  -2.000   0.7134   0.00691   0.00167  -0.2123  0.0841  0.0065  -0.9567   0.0000   0.5490
  -1.500   0.7718   0.00697   0.00172  -0.2128  0.0834  0.0080  -1.0068   0.0000   0.5262
  -1.000   0.8299   0.00704   0.00178  -0.2132  0.0822  0.0093  -1.0591   0.0000   0.5065
  -0.500   0.8863   0.00725   0.00191  -0.2132  0.0576  0.0148  -1.1104   0.0000   0.4895
   0.000   0.9438   0.00737   0.00201  -0.2135  0.0511  0.0153  -1.1630   0.0000   0.4744
   0.500   1.0009   0.00750   0.00212  -0.2138  0.0485  0.0159  -1.2169   0.0000   0.4610
   1.000   1.0582   0.00760   0.00222  -0.2141  0.0505  0.0171  -1.2810   0.0000   0.4490
   1.500   1.1150   0.00774   0.00235  -0.2142  0.0499  0.0173  -1.3563   0.0000   0.4381
   2.000   1.1712   0.00791   0.00250  -0.2143  0.0468  0.0207  -1.4319   0.0000   0.4283
   2.500   1.2231   0.00845   0.00292  -0.2135  0.0031  0.0375  -1.5177   0.0000   0.4192
   3.000   1.2783   0.00867   0.00312  -0.2135  0.0023  0.0382  -1.6301   0.0000   0.4108
   3.500   1.3332   0.00891   0.00334  -0.2133  0.0018  0.0448  -1.7472   0.0000   0.4032
   4.000   1.3876   0.00916   0.00358  -0.2132  0.0022  0.0483  -1.8869   0.0000   0.3960
   6.000   1.6015   0.01030   0.00475  -0.2119  0.0012  0.1461  -2.6202   0.0000   0.3716
   6.500   1.6531   0.01065   0.00509  -0.2113  0.0012  0.1621  -2.8125   0.0000   0.3663
   7.000   1.7046   0.01100   0.00546  -0.2107  0.0012  0.1947  -3.0089   0.0000   0.3612
   7.500   1.7545   0.01140   0.00585  -0.2098  0.0012  0.2063  -3.2071   0.0000   0.3563
   8.000   1.8033   0.01183   0.00626  -0.2087  0.0012  0.2013  -3.4075   0.0000   0.3516
   9.000   1.9001   0.01270   0.00724  -0.2066  0.0012  0.3230  -3.8698   0.0000   0.3427
   9.500   1.9461   0.01320   0.00778  -0.2051  0.0011  0.3686  -4.1728   0.0000   0.3384
  10.000   1.9911   0.01373   0.00839  -0.2035  0.0011  0.4539  -4.7362   0.0000   0.3343
  10.500   2.0228   0.01435   0.00904  -0.1992  0.0011  0.4658  -5.2539   0.0000   0.3296
  11.000   2.0531   0.01508   0.00978  -0.1947  0.0011  0.4784  -5.7848   0.0000   0.3250
  11.500   2.0838   0.01593   0.01067  -0.1905  0.0011  0.4991  -6.3432   0.0000   0.3206
  12.000   2.1128   0.01691   0.01168  -0.1863  0.0010  0.5222  -6.9119   0.0000   0.3163
  12.500   2.1401   0.01805   0.01286  -0.1820  0.0010  0.5323  -7.4909   0.0000   0.3121
  13.000   2.1672   0.01936   0.01421  -0.1780  0.0010  0.5631  -8.0865   0.0000   0.3081
  13.500   2.1925   0.02086   0.01577  -0.1741  0.0009  0.5966  -8.6901   0.0000   0.3043
  14.000   2.2134   0.02267   0.01766  -0.1699  0.0009  0.6407  -9.2795   0.0000   0.3005
  15.500   2.2692   0.02993   0.02514  -0.1590  0.0008  0.7492  -11.0921   0.0000   0.2902
  16.000   2.2854   0.03300   0.02830  -0.1560  0.0008  0.8034  -11.7084   0.0000   0.2872
  16.500   2.3051   0.03649   0.03206  -0.1545  0.0008  1.0000  -12.3711   0.0000   0.2846
  17.000   2.3134   0.04035   0.03596  -0.1514  0.0007  1.0000  -12.9502   0.0000   0.2817
  18.000   2.2539   0.05776   0.05375  -0.1434  0.0015  1.0000  -13.3493   0.0000   0.2771
  18.500   2.2513   0.06401   0.06008  -0.1418  0.0018  1.0000  -13.8593   0.0000   0.2750
  19.000   2.2517   0.07009   0.06624  -0.1410  0.0020  1.0000  -14.4035   0.0000   0.2732
  19.500   2.2405   0.07778   0.07403  -0.1405  0.0022  1.0000  -14.8179   0.0000   0.2717


