XFLR5 v6.02 Beta

 Calculated polar for: WORTMANN FX 63-137

 1 1 Reynolds number fixed          Mach number fixed         

 xtrf =   1.000 (top)        1.000 (bottom)
 Mach =   0.000     Re =    75.250 e 6     Ncrit =   9.000

  alpha     CL        CD       CDp       CM    Top Xtr Bot Xtr   Cpmin    Chinge    XCp    
 ------- -------- --------- --------- -------- ------- ------- -------- --------- ---------
 -21.500  -1.3198   0.03600   0.03263  -0.1671  0.4013  0.0014  -28.8911   0.0000   0.0898
 -21.000  -1.3287   0.02979   0.02635  -0.1719  0.4013  0.0014  -28.6308   0.0000   0.0887
 -20.500  -1.3194   0.02571   0.02222  -0.1746  0.4012  0.0014  -28.0418   0.0000   0.0871
 -20.000  -1.3070   0.02187   0.01833  -0.1773  0.4011  0.0014  -27.3996   0.0000   0.0852
 -19.500  -1.2922   0.01909   0.01550  -0.1778  0.4011  0.0014  -26.6909   0.0000   0.0845
 -18.500  -1.2004   0.01441   0.01069  -0.1883  0.3683  0.0014  -24.5230   0.0000   0.0670
 -18.000  -1.1502   0.01351   0.00967  -0.1897  0.3023  0.0015  -23.3651   0.0000   0.0596
 -17.500  -1.0968   0.01270   0.00882  -0.1910  0.2941  0.0015  -22.1877   0.0000   0.0510
 -17.000  -1.0420   0.01200   0.00808  -0.1922  0.2869  0.0016  -21.0182   0.0000   0.0412
 -16.500  -0.9863   0.01136   0.00742  -0.1933  0.2796  0.0017  -19.8633   0.0000   0.0300
 -16.000  -0.9297   0.01078   0.00682  -0.1944  0.2784  0.0018  -18.7272   0.0000   0.0173
 -15.500  -0.8725   0.01026   0.00626  -0.1954  0.2781  0.0019  -17.6128   0.0000   0.0027
 -15.000  -0.8159   0.00984   0.00576  -0.1962  0.2321  0.0020  -16.5350   0.0000  -0.0136
 -14.500  -0.7578   0.00940   0.00529  -0.1972  0.2216  0.0021  -15.4711   0.0000  -0.0333
 -14.000  -0.6993   0.00899   0.00486  -0.1981  0.2210  0.0023  -14.4337   0.0000  -0.0565
 -13.500  -0.6411   0.00866   0.00447  -0.1989  0.1905  0.0023  -13.5128   0.0000  -0.0837
 -13.000  -0.5822   0.00832   0.00410  -0.1998  0.1813  0.0025  -12.6160   0.0000  -0.1172
 -12.000  -0.4638   0.00773   0.00343  -0.2016  0.1424  0.0029  -10.8990   0.0000  -0.2105
 -11.500  -0.4039   0.00743   0.00311  -0.2025  0.1436  0.0032  -10.0757   0.0000  -0.2791
 -11.000  -0.3441   0.00719   0.00284  -0.2034  0.1399  0.0035  -9.2799   0.0000  -0.3713
 -10.500  -0.2842   0.00697   0.00259  -0.2043  0.1352  0.0038  -8.5094   0.0000  -0.5027
 -10.000  -0.2243   0.00679   0.00239  -0.2051  0.1304  0.0040  -7.7665   0.0000  -0.7042
  -9.500  -0.1645   0.00664   0.00222  -0.2059  0.1253  0.0040  -7.0544   0.0000  -1.0524
  -9.000  -0.1046   0.00651   0.00207  -0.2067  0.1237  0.0041  -6.3724   0.0000  -1.7990
  -8.500  -0.0448   0.00639   0.00194  -0.2074  0.1234  0.0041  -5.7182   0.0000  -4.5446
  -8.000   0.0151   0.00629   0.00182  -0.2081  0.1230  0.0042  -5.0938   0.0000  14.4839
  -7.500   0.0749   0.00620   0.00172  -0.2088  0.1228  0.0042  -4.4992   0.0000   3.1204
  -7.000   0.1342   0.00616   0.00164  -0.2094  0.1029  0.0043  -4.0416   0.0000   1.8534
  -6.500   0.1937   0.00612   0.00157  -0.2101  0.1002  0.0043  -3.6500   0.0000   1.3616
  -6.000   0.2532   0.00608   0.00151  -0.2107  0.0974  0.0043  -3.2736   0.0000   1.1012
  -5.500   0.3127   0.00605   0.00146  -0.2113  0.0948  0.0044  -2.9124   0.0000   0.9399
  -5.000   0.3720   0.00603   0.00143  -0.2119  0.0915  0.0044  -2.5666   0.0000   0.8302
  -4.500   0.4313   0.00602   0.00141  -0.2125  0.0848  0.0044  -2.2364   0.0000   0.7508
  -4.000   0.4905   0.00602   0.00140  -0.2131  0.0842  0.0045  -1.9216   0.0000   0.6906
  -3.500   0.5496   0.00603   0.00140  -0.2136  0.0841  0.0045  -1.6230   0.0000   0.6434
  -3.000   0.6086   0.00605   0.00141  -0.2141  0.0840  0.0046  -1.3401   0.0000   0.6053
  -2.500   0.6674   0.00608   0.00143  -0.2146  0.0838  0.0046  -1.0727   0.0000   0.5739
  -2.000   0.7243   0.00627   0.00152  -0.2147  0.0463  0.0047  -0.9632   0.0000   0.5478
  -1.500   0.7825   0.00634   0.00157  -0.2151  0.0435  0.0054  -1.0138   0.0000   0.5254
  -1.000   0.8406   0.00641   0.00163  -0.2155  0.0412  0.0062  -1.0662   0.0000   0.5060
  -0.500   0.8986   0.00650   0.00170  -0.2159  0.0390  0.0069  -1.1189   0.0000   0.4891
   0.000   0.9564   0.00659   0.00178  -0.2162  0.0382  0.0074  -1.1719   0.0000   0.4742
   0.500   1.0139   0.00669   0.00187  -0.2165  0.0381  0.0092  -1.2270   0.0000   0.4610
   1.000   1.0715   0.00678   0.00197  -0.2169  0.0385  0.0169  -1.2924   0.0000   0.4491
   1.500   1.1286   0.00690   0.00207  -0.2171  0.0382  0.0171  -1.3682   0.0000   0.4384
   2.000   1.1835   0.00720   0.00229  -0.2169  0.0208  0.0199  -1.4426   0.0000   0.4286
   2.500   1.2384   0.00749   0.00255  -0.2167  0.0014  0.0370  -1.5337   0.0000   0.4196
   3.000   1.2942   0.00768   0.00272  -0.2167  0.0013  0.0379  -1.6501   0.0000   0.4113
   3.500   1.3496   0.00789   0.00291  -0.2167  0.0013  0.0384  -1.7683   0.0000   0.4037
   4.000   1.4046   0.00810   0.00311  -0.2166  0.0013  0.0408  -1.9159   0.0000   0.3966
   4.500   1.4592   0.00834   0.00333  -0.2165  0.0013  0.0463  -2.0951   0.0000   0.3900
   5.500   1.5674   0.00885   0.00382  -0.2161  0.0013  0.0713  -2.4664   0.0000   0.3779
   6.000   1.6210   0.00912   0.00410  -0.2158  0.0012  0.1036  -2.6584   0.0000   0.3723
   6.500   1.6737   0.00942   0.00439  -0.2154  0.0012  0.1143  -2.8538   0.0000   0.3671
   8.000   1.8283   0.01042   0.00537  -0.2135  0.0012  0.1457  -3.4609   0.0000   0.3526
   8.500   1.8781   0.01080   0.00574  -0.2127  0.0012  0.1508  -3.6690   0.0000   0.3481
   9.000   1.9277   0.01119   0.00615  -0.2118  0.0012  0.2053  -3.9498   0.0000   0.3438
   9.500   1.9762   0.01161   0.00659  -0.2108  0.0012  0.2491  -4.3455   0.0000   0.3396
  10.000   2.0229   0.01207   0.00705  -0.2094  0.0012  0.2707  -4.9297   0.0000   0.3355
  10.500   2.0686   0.01255   0.00757  -0.2079  0.0011  0.3205  -5.5394   0.0000   0.3314
  11.000   2.1114   0.01309   0.00811  -0.2058  0.0011  0.3304  -6.1614   0.0000   0.3274
  11.500   2.1424   0.01369   0.00872  -0.2013  0.0011  0.3376  -6.7360   0.0000   0.3229
  12.000   2.1711   0.01439   0.00943  -0.1965  0.0010  0.3385  -7.3180   0.0000   0.3184
  12.500   2.2007   0.01520   0.01028  -0.1921  0.0010  0.3693  -7.9264   0.0000   0.3142
  13.000   2.2277   0.01618   0.01127  -0.1875  0.0009  0.3797  -8.5394   0.0000   0.3100
  14.000   2.2477   0.02048   0.01582  -0.1740  0.0019  0.4523  -9.5125   0.0000   0.3011
  14.500   2.2626   0.02254   0.01791  -0.1689  0.0020  0.4632  -10.0935   0.0000   0.2972
  15.000   2.2824   0.02461   0.02005  -0.1650  0.0025  0.4978  -10.7238   0.0000   0.2937
  15.500   2.2971   0.02723   0.02272  -0.1608  0.0029  0.5226  -11.3166   0.0000   0.2902
  16.000   2.3095   0.03024   0.02580  -0.1569  0.0033  0.5401  -11.9025   0.0000   0.2869
  16.500   2.3203   0.03363   0.02926  -0.1534  0.0037  0.5646  -12.4869   0.0000   0.2838
  17.000   2.3283   0.03747   0.03318  -0.1501  0.0040  0.5953  -13.0589   0.0000   0.2808
  17.500   2.3326   0.04171   0.03750  -0.1470  0.0044  0.6268  -13.6072   0.0000   0.2780
  18.000   2.3344   0.04661   0.04247  -0.1442  0.0046  0.6410  -14.1440   0.0000   0.2754
  18.500   2.3353   0.05198   0.04793  -0.1420  0.0046  0.6616  -14.6821   0.0000   0.2730
  19.000   2.3430   0.05671   0.05274  -0.1404  0.0047  0.6938  -15.2948   0.0000   0.2707
  19.500   2.3381   0.06322   0.05935  -0.1390  0.0047  0.7258  -15.7918   0.0000   0.2687
  20.000   2.3292   0.07046   0.06670  -0.1382  0.0047  0.7626  -16.2533   0.0000   0.2671
  20.500   2.3169   0.07832   0.07469  -0.1380  0.0047  0.7977  -16.6817   0.0000   0.2657
  21.000   2.2988   0.08675   0.08324  -0.1381  0.0047  0.8219  -17.0503   0.0000   0.2646
  21.500   2.2786   0.09604   0.09264  -0.1390  0.0047  0.8366  -17.3890   0.0000   0.2639
  22.000   2.2778   0.10251   0.09919  -0.1398  0.0047  0.8587  -17.9415   0.0000   0.2626


