XFLR5 v6.02 Beta

 Calculated polar for: WORTMANN FX 63-137

 1 1 Reynolds number fixed          Mach number fixed         

 xtrf =   1.000 (top)        1.000 (bottom)
 Mach =   0.000     Re =    42.250 e 6     Ncrit =   9.000

  alpha     CL        CD       CDp       CM    Top Xtr Bot Xtr   Cpmin    Chinge    XCp    
 ------- -------- --------- --------- -------- ------- ------- -------- --------- ---------
 -22.000  -1.1182   0.06781   0.06474  -0.1401  0.4802  0.0018  -25.3592   0.0000   0.0865
 -21.500  -1.1991   0.05080   0.04759  -0.1535  0.4965  0.0017  -26.6127   0.0000   0.0866
 -21.000  -1.2296   0.04109   0.03773  -0.1613  0.4873  0.0018  -26.8239   0.0000   0.0855
 -20.500  -1.2385   0.03456   0.03111  -0.1663  0.4720  0.0018  -26.6004   0.0000   0.0840
 -20.000  -1.2417   0.02890   0.02538  -0.1706  0.4675  0.0018  -26.2605   0.0000   0.0825
 -19.500  -1.2326   0.02466   0.02107  -0.1736  0.4665  0.0019  -25.7016   0.0000   0.0804
 -18.500  -1.1942   0.01822   0.01453  -0.1782  0.4656  0.0020  -24.2671   0.0000   0.0744
 -18.000  -1.1485   0.01581   0.01200  -0.1837  0.4318  0.0021  -23.2272   0.0000   0.0645
 -17.500  -1.0966   0.01433   0.01035  -0.1875  0.3578  0.0022  -22.1056   0.0000   0.0541
 -17.000  -1.0435   0.01337   0.00934  -0.1892  0.3471  0.0023  -20.9684   0.0000   0.0443
 -16.500  -0.9889   0.01253   0.00846  -0.1907  0.3391  0.0024  -19.8354   0.0000   0.0333
 -16.000  -0.9331   0.01179   0.00768  -0.1920  0.3382  0.0025  -18.7151   0.0000   0.0207
 -14.500  -0.7629   0.01007   0.00578  -0.1952  0.2774  0.0030  -15.4881   0.0000  -0.0289
 -14.000  -0.7053   0.00964   0.00527  -0.1962  0.2458  0.0032  -14.4624   0.0000  -0.0512
 -13.500  -0.6469   0.00924   0.00483  -0.1971  0.2280  0.0033  -13.5378   0.0000  -0.0779
 -13.000  -0.5879   0.00885   0.00440  -0.1981  0.2219  0.0035  -12.6354   0.0000  -0.1108
 -12.000  -0.4701   0.00827   0.00370  -0.1998  0.1702  0.0038  -10.9120   0.0000  -0.2005
 -11.500  -0.4105   0.00800   0.00341  -0.2007  0.1703  0.0039  -10.0836   0.0000  -0.2660
 -11.000  -0.3509   0.00776   0.00315  -0.2016  0.1698  0.0039  -9.2864   0.0000  -0.3539
 -10.500  -0.2911   0.00755   0.00291  -0.2024  0.1693  0.0040  -8.5175   0.0000  -0.4783
 -10.000  -0.2313   0.00735   0.00269  -0.2033  0.1688  0.0040  -7.7773   0.0000  -0.6674
  -9.500  -0.1720   0.00722   0.00250  -0.2039  0.1443  0.0041  -7.0710   0.0000  -0.9840
  -9.000  -0.1124   0.00709   0.00233  -0.2047  0.1340  0.0041  -6.3927   0.0000  -1.6396
  -8.500  -0.0526   0.00696   0.00217  -0.2055  0.1289  0.0041  -5.7395   0.0000  -3.7956
  -8.000   0.0073   0.00684   0.00204  -0.2062  0.1242  0.0042  -5.1157   0.0000  29.4202
  -7.500   0.0671   0.00674   0.00192  -0.2069  0.1238  0.0042  -4.5214   0.0000   3.4247
  -7.000   0.1269   0.00665   0.00181  -0.2077  0.1236  0.0043  -4.0497   0.0000   1.9311
  -6.500   0.1867   0.00658   0.00173  -0.2084  0.1233  0.0043  -3.6583   0.0000   1.3945
  -6.000   0.2463   0.00652   0.00165  -0.2091  0.1229  0.0043  -3.2823   0.0000   1.1183
  -5.500   0.3059   0.00648   0.00160  -0.2097  0.1224  0.0044  -2.9216   0.0000   0.9499
  -5.000   0.3646   0.00651   0.00157  -0.2102  0.1018  0.0044  -2.5780   0.0000   0.8373
  -4.500   0.4237   0.00651   0.00154  -0.2107  0.0988  0.0045  -2.2491   0.0000   0.7557
  -4.000   0.4827   0.00652   0.00153  -0.2113  0.0911  0.0045  -1.9358   0.0000   0.6941
  -3.500   0.5417   0.00654   0.00154  -0.2118  0.0860  0.0046  -1.6375   0.0000   0.6458
  -3.000   0.6006   0.00656   0.00154  -0.2123  0.0843  0.0050  -1.3548   0.0000   0.6070
  -2.500   0.6593   0.00659   0.00156  -0.2128  0.0841  0.0048  -1.0869   0.0000   0.5752
  -2.000   0.7179   0.00663   0.00160  -0.2133  0.0838  0.0057  -0.9595   0.0000   0.5485
  -1.500   0.7748   0.00681   0.00169  -0.2134  0.0601  0.0070  -1.0087   0.0000   0.5260
  -1.000   0.8328   0.00690   0.00176  -0.2138  0.0512  0.0081  -1.0609   0.0000   0.5064
  -0.500   0.8904   0.00700   0.00185  -0.2141  0.0487  0.0089  -1.1133   0.0000   0.4893
   0.000   0.9479   0.00712   0.00194  -0.2144  0.0459  0.0097  -1.1659   0.0000   0.4743
   1.000   1.0627   0.00733   0.00214  -0.2150  0.0459  0.0170  -1.2848   0.0000   0.4490
   1.500   1.1195   0.00747   0.00227  -0.2152  0.0446  0.0172  -1.3602   0.0000   0.4382
   2.000   1.1761   0.00761   0.00240  -0.2153  0.0427  0.0195  -1.4363   0.0000   0.4284
   2.500   1.2286   0.00811   0.00279  -0.2147  0.0024  0.0373  -1.5234   0.0000   0.4193
   3.500   1.3391   0.00854   0.00318  -0.2145  0.0014  0.0421  -1.7548   0.0000   0.4033
   4.000   1.3937   0.00878   0.00341  -0.2144  0.0016  0.0455  -1.8972   0.0000   0.3962
   5.000   1.5019   0.00930   0.00392  -0.2139  0.0013  0.0670  -2.2571   0.0000   0.3833
   5.500   1.5552   0.00959   0.00420  -0.2136  0.0013  0.0809  -2.4432   0.0000   0.3774
   6.000   1.6083   0.00989   0.00451  -0.2133  0.0012  0.1224  -2.6336   0.0000   0.3718
   6.500   1.6607   0.01020   0.00484  -0.2128  0.0012  0.1462  -2.8275   0.0000   0.3665
   7.000   1.7120   0.01056   0.00518  -0.2121  0.0012  0.1598  -3.0243   0.0000   0.3615
   7.500   1.7631   0.01091   0.00555  -0.2115  0.0012  0.1944  -3.2251   0.0000   0.3566
   8.000   1.8122   0.01133   0.00594  -0.2104  0.0012  0.1705  -3.4266   0.0000   0.3519
   8.500   1.8617   0.01173   0.00638  -0.2095  0.0012  0.2287  -3.6329   0.0000   0.3474
   9.000   1.9099   0.01217   0.00684  -0.2084  0.0012  0.2714  -3.8983   0.0000   0.3431
   9.500   1.9567   0.01264   0.00734  -0.2071  0.0012  0.3075  -4.2338   0.0000   0.3388
  10.000   2.0033   0.01312   0.00790  -0.2058  0.0011  0.4004  -4.8099   0.0000   0.3347
  10.500   2.0458   0.01368   0.00849  -0.2037  0.0011  0.4296  -5.3937   0.0000   0.3306
  11.000   2.0734   0.01433   0.00915  -0.1985  0.0011  0.4336  -5.9162   0.0000   0.3258
  11.500   2.1028   0.01510   0.00993  -0.1939  0.0011  0.4365  -6.4716   0.0000   0.3213
  12.000   2.1327   0.01597   0.01082  -0.1896  0.0010  0.4401  -7.0509   0.0000   0.3170
  12.500   2.1616   0.01697   0.01187  -0.1855  0.0010  0.4838  -7.6450   0.0000   0.3128
  13.000   2.1894   0.01814   0.01308  -0.1814  0.0010  0.5151  -8.2518   0.0000   0.3088
  13.500   2.2146   0.01951   0.01449  -0.1772  0.0009  0.5295  -8.8604   0.0000   0.3048
  14.000   2.2377   0.02113   0.01616  -0.1730  0.0009  0.5631  -9.4722   0.0000   0.3010
  14.500   2.2584   0.02299   0.01810  -0.1689  0.0009  0.6172  -10.0831   0.0000   0.2973
  15.000   2.2777   0.02516   0.02032  -0.1650  0.0008  0.6409  -10.7003   0.0000   0.2938
  15.500   2.2957   0.02765   0.02288  -0.1614  0.0008  0.6792  -11.3242   0.0000   0.2904
  16.500   2.2692   0.03867   0.03423  -0.1500  0.0014  0.7199  -11.9979   0.0000   0.2838
  17.000   2.2747   0.04305   0.03873  -0.1472  0.0018  0.7621  -12.5458   0.0000   0.2810
  17.500   2.2812   0.04789   0.04368  -0.1452  0.0021  0.8195  -13.1409   0.0000   0.2786
  18.000   2.2908   0.05360   0.04967  -0.1449  0.0027  1.0000  -13.7432   0.0000   0.2767
  18.500   2.2864   0.05997   0.05611  -0.1431  0.0029  1.0000  -14.2198   0.0000   0.2746
  19.000   2.2908   0.06523   0.06143  -0.1417  0.0033  1.0000  -14.7870   0.0000   0.2724
  19.500   2.2808   0.07261   0.06890  -0.1407  0.0035  1.0000  -15.2184   0.0000   0.2708


