XFLR5 v6.02 Beta

 Calculated polar for: WORTMANN FX 63-137

 1 1 Reynolds number fixed          Mach number fixed         

 xtrf =   1.000 (top)        1.000 (bottom)
 Mach =   0.000     Re =    72.000 e 6     Ncrit =   9.000

  alpha     CL        CD       CDp       CM    Top Xtr Bot Xtr   Cpmin    Chinge    XCp    
 ------- -------- --------- --------- -------- ------- ------- -------- --------- ---------
 -22.500  -0.8546   0.11285   0.11017  -0.1084  0.3506  0.0014  -20.0267   0.0000   0.0789
 -22.000  -1.2928   0.04491   0.04163  -0.1599  0.4017  0.0014  -28.7816   0.0000   0.0908
 -21.500  -1.3143   0.03660   0.03323  -0.1665  0.4015  0.0014  -28.7888   0.0000   0.0896
 -21.000  -1.3177   0.03100   0.02756  -0.1707  0.4015  0.0014  -28.4357   0.0000   0.0884
 -20.000  -1.3006   0.02261   0.01906  -0.1765  0.4012  0.0014  -27.2879   0.0000   0.0850
 -19.500  -1.2897   0.01944   0.01585  -0.1773  0.4011  0.0014  -26.6439   0.0000   0.0846
 -19.000  -1.2526   0.01686   0.01323  -0.1813  0.4010  0.0014  -25.6641   0.0000   0.0783
 -18.500  -1.2004   0.01463   0.01091  -0.1877  0.3792  0.0015  -24.5124   0.0000   0.0675
 -18.000  -1.1500   0.01365   0.00980  -0.1894  0.3070  0.0015  -23.3555   0.0000   0.0598
 -17.500  -1.0969   0.01282   0.00893  -0.1908  0.2979  0.0016  -22.1827   0.0000   0.0512
 -17.000  -1.0423   0.01210   0.00818  -0.1920  0.2906  0.0017  -21.0157   0.0000   0.0414
 -16.500  -0.9866   0.01146   0.00750  -0.1931  0.2835  0.0017  -19.8624   0.0000   0.0303
 -16.000  -0.9301   0.01087   0.00689  -0.1942  0.2786  0.0018  -18.7274   0.0000   0.0176
 -15.500  -0.8729   0.01034   0.00632  -0.1952  0.2783  0.0020  -17.6139   0.0000   0.0030
 -15.000  -0.8163   0.00991   0.00581  -0.1960  0.2384  0.0021  -16.5360   0.0000  -0.0133
 -14.500  -0.7583   0.00946   0.00534  -0.1970  0.2217  0.0022  -15.4733   0.0000  -0.0329
 -14.000  -0.6998   0.00905   0.00490  -0.1980  0.2211  0.0023  -14.4362   0.0000  -0.0561
 -13.500  -0.6416   0.00871   0.00450  -0.1988  0.1926  0.0024  -13.5152   0.0000  -0.0833
 -13.000  -0.5826   0.00837   0.00412  -0.1997  0.1850  0.0026  -12.6187   0.0000  -0.1167
 -12.000  -0.4642   0.00777   0.00344  -0.2015  0.1440  0.0030  -10.9015   0.0000  -0.2098
 -11.500  -0.4043   0.00747   0.00312  -0.2024  0.1452  0.0033  -10.0777   0.0000  -0.2782
 -11.000  -0.3446   0.00722   0.00285  -0.2033  0.1414  0.0036  -9.2813   0.0000  -0.3701
 -10.500  -0.2847   0.00701   0.00261  -0.2042  0.1366  0.0039  -8.5102   0.0000  -0.5009
 -10.000  -0.2249   0.00683   0.00241  -0.2050  0.1317  0.0040  -7.7679   0.0000  -0.7013
  -9.500  -0.1650   0.00668   0.00224  -0.2058  0.1266  0.0041  -7.0561   0.0000  -1.0471
  -9.000  -0.1052   0.00655   0.00209  -0.2065  0.1237  0.0041  -6.3742   0.0000  -1.7867
  -8.500  -0.0453   0.00643   0.00196  -0.2073  0.1235  0.0041  -5.7201   0.0000  -4.4819
  -8.000   0.0145   0.00633   0.00184  -0.2080  0.1231  0.0042  -5.0957   0.0000  15.0239
  -7.500   0.0743   0.00624   0.00173  -0.2087  0.1228  0.0042  -4.5011   0.0000   3.1404
  -7.000   0.1337   0.00620   0.00166  -0.2093  0.1062  0.0043  -4.0424   0.0000   1.8588
  -6.500   0.1932   0.00615   0.00158  -0.2099  0.1009  0.0043  -3.6508   0.0000   1.3640
  -6.000   0.2527   0.00612   0.00152  -0.2106  0.0981  0.0043  -3.2745   0.0000   1.1025
  -5.500   0.3121   0.00609   0.00147  -0.2112  0.0955  0.0044  -2.9134   0.0000   0.9407
  -5.000   0.3715   0.00607   0.00144  -0.2118  0.0926  0.0044  -2.5677   0.0000   0.8308
  -4.500   0.4308   0.00606   0.00142  -0.2124  0.0859  0.0044  -2.2374   0.0000   0.7512
  -4.000   0.4900   0.00606   0.00141  -0.2129  0.0842  0.0045  -1.9227   0.0000   0.6908
  -3.500   0.5490   0.00607   0.00141  -0.2135  0.0841  0.0045  -1.6241   0.0000   0.6435
  -3.000   0.6080   0.00609   0.00142  -0.2140  0.0840  0.0046  -1.3412   0.0000   0.6054
  -2.500   0.6668   0.00612   0.00144  -0.2145  0.0838  0.0046  -1.0738   0.0000   0.5740
  -2.000   0.7237   0.00630   0.00153  -0.2146  0.0472  0.0047  -0.9629   0.0000   0.5479
  -1.500   0.7819   0.00638   0.00158  -0.2150  0.0442  0.0054  -1.0134   0.0000   0.5254
  -1.000   0.8400   0.00645   0.00164  -0.2154  0.0418  0.0063  -1.0658   0.0000   0.5060
  -0.500   0.8980   0.00654   0.00171  -0.2157  0.0396  0.0070  -1.1185   0.0000   0.4891
   0.000   0.9557   0.00663   0.00179  -0.2161  0.0382  0.0076  -1.1714   0.0000   0.4742
   0.500   1.0133   0.00673   0.00188  -0.2164  0.0381  0.0094  -1.2265   0.0000   0.4610
   1.000   1.0708   0.00683   0.00198  -0.2167  0.0389  0.0169  -1.2919   0.0000   0.4491
   1.500   1.1279   0.00695   0.00209  -0.2170  0.0383  0.0171  -1.3676   0.0000   0.4383
   2.000   1.1830   0.00722   0.00229  -0.2168  0.0235  0.0202  -1.4423   0.0000   0.4285
   2.500   1.2377   0.00753   0.00257  -0.2166  0.0014  0.0371  -1.5330   0.0000   0.4195
   3.000   1.2934   0.00772   0.00274  -0.2166  0.0013  0.0379  -1.6491   0.0000   0.4113
   3.500   1.3488   0.00793   0.00293  -0.2165  0.0013  0.0386  -1.7673   0.0000   0.4037
   4.000   1.4038   0.00815   0.00313  -0.2165  0.0013  0.0411  -1.9146   0.0000   0.3966
   4.500   1.4584   0.00839   0.00335  -0.2163  0.0013  0.0467  -2.0936   0.0000   0.3899
   5.500   1.5665   0.00890   0.00385  -0.2159  0.0013  0.0720  -2.4647   0.0000   0.3778
   6.000   1.6201   0.00917   0.00413  -0.2156  0.0012  0.1040  -2.6566   0.0000   0.3723
   6.500   1.6727   0.00947   0.00442  -0.2152  0.0012  0.1157  -2.8518   0.0000   0.3670
   7.500   1.7765   0.01012   0.00506  -0.2141  0.0012  0.1461  -3.2534   0.0000   0.3572
   8.000   1.8271   0.01049   0.00541  -0.2133  0.0012  0.1459  -3.4585   0.0000   0.3525
   8.500   1.8768   0.01087   0.00578  -0.2124  0.0012  0.1537  -3.6663   0.0000   0.3480
   9.000   1.9263   0.01126   0.00620  -0.2115  0.0012  0.2088  -3.9460   0.0000   0.3437
   9.500   1.9748   0.01168   0.00664  -0.2105  0.0012  0.2490  -4.3373   0.0000   0.3395
  10.000   2.0216   0.01214   0.00712  -0.2091  0.0012  0.2804  -4.9216   0.0000   0.3354
  10.500   2.0670   0.01263   0.00763  -0.2076  0.0011  0.3268  -5.5288   0.0000   0.3314
  11.000   2.1096   0.01318   0.00818  -0.2055  0.0011  0.3366  -6.1496   0.0000   0.3273
  12.500   2.1975   0.01533   0.01038  -0.1915  0.0010  0.3694  -7.9036   0.0000   0.3141
  13.000   2.2250   0.01631   0.01138  -0.1870  0.0009  0.3927  -8.5188   0.0000   0.3099
  14.000   2.2442   0.02071   0.01603  -0.1735  0.0017  0.4606  -9.4759   0.0000   0.3010
  14.500   2.2597   0.02272   0.01809  -0.1685  0.0018  0.4664  -10.0505   0.0000   0.2971
  15.000   2.2786   0.02488   0.02030  -0.1645  0.0023  0.4992  -10.6925   0.0000   0.2936
  15.500   2.2942   0.02748   0.02297  -0.1605  0.0027  0.5311  -11.2927   0.0000   0.2902
  16.000   2.3069   0.03050   0.02605  -0.1567  0.0031  0.5562  -11.8806   0.0000   0.2869
  16.500   2.3171   0.03392   0.02953  -0.1531  0.0036  0.5760  -12.4597   0.0000   0.2838
  17.000   2.3250   0.03779   0.03349  -0.1499  0.0039  0.6124  -13.0298   0.0000   0.2808
  17.500   2.3285   0.04212   0.03790  -0.1467  0.0043  0.6294  -13.5701   0.0000   0.2780
  18.000   2.3308   0.04705   0.04292  -0.1441  0.0045  0.6546  -14.1099   0.0000   0.2755
  18.500   2.3316   0.05253   0.04849  -0.1420  0.0046  0.6880  -14.6450   0.0000   0.2731
  19.000   2.3277   0.05872   0.05477  -0.1402  0.0046  0.7098  -15.1432   0.0000   0.2710
  19.500   2.3348   0.06375   0.05989  -0.1391  0.0047  0.7485  -15.7581   0.0000   0.2689
  20.000   2.3257   0.07102   0.06728  -0.1383  0.0047  0.7812  -16.2169   0.0000   0.2672
  20.500   2.3129   0.07887   0.07524  -0.1381  0.0047  0.8147  -16.6394   0.0000   0.2658
  21.000   2.2950   0.08739   0.08388  -0.1382  0.0047  0.8367  -17.0081   0.0000   0.2648
  21.500   2.2759   0.09674   0.09336  -0.1394  0.0047  0.8633  -17.3577   0.0000   0.2641


