XFLR5 v6.02 Beta

 Calculated polar for: WORTMANN FX 63-137

 1 1 Reynolds number fixed          Mach number fixed         

 xtrf =   1.000 (top)        1.000 (bottom)
 Mach =   0.000     Re =     7.750 e 6     Ncrit =   9.000

  alpha     CL        CD       CDp       CM    Top Xtr Bot Xtr   Cpmin    Chinge    XCp    
 ------- -------- --------- --------- -------- ------- ------- -------- --------- ---------
 -17.500  -0.6635   0.07637   0.07392  -0.1267  0.7396  0.0039  -14.0629   0.0000   0.0239
 -17.000  -0.8753   0.03736   0.03445  -0.1575  0.7857  0.0038  -17.6315   0.0000   0.0421
 -16.000  -0.8730   0.02518   0.02191  -0.1684  0.7425  0.0038  -17.0418   0.0000   0.0322
 -15.500  -0.8557   0.02128   0.01786  -0.1721  0.7204  0.0039  -16.4933   0.0000   0.0252
 -15.000  -0.8145   0.01821   0.01460  -0.1782  0.6867  0.0039  -15.6876   0.0000   0.0081
 -14.500  -0.7605   0.01600   0.01223  -0.1842  0.6649  0.0040  -14.7479   0.0000  -0.0151
 -14.000  -0.7064   0.01465   0.01079  -0.1869  0.6591  0.0041  -13.8005   0.0000  -0.0373
 -13.500  -0.6550   0.01372   0.00961  -0.1882  0.6036  0.0041  -12.9009   0.0000  -0.0601
 -13.000  -0.6027   0.01303   0.00866  -0.1891  0.5331  0.0042  -12.0100   0.0000  -0.0868
 -12.500  -0.5451   0.01221   0.00776  -0.1907  0.5285  0.0042  -11.1001   0.0000  -0.1236
 -12.000  -0.4895   0.01168   0.00704  -0.1917  0.4850  0.0043  -10.2341   0.0000  -0.1660
 -11.500  -0.4318   0.01125   0.00656  -0.1927  0.4672  0.0044  -9.3506   0.0000  -0.2219
  -3.000   0.5747   0.00814   0.00195  -0.2066  0.1459  0.0142  -1.3973   0.0000   0.6130
  -2.500   0.6322   0.00827   0.00199  -0.2068  0.1265  0.0150  -1.1282   0.0000   0.5796
  -2.000   0.6905   0.00832   0.00202  -0.2073  0.1231  0.0150  -0.9423   0.0000   0.5516
  -1.500   0.7487   0.00838   0.00207  -0.2077  0.1220  0.0156  -0.9910   0.0000   0.5280
  -1.000   0.8052   0.00858   0.00220  -0.2078  0.1028  0.0159  -1.0419   0.0000   0.5078
  -0.500   0.8620   0.00874   0.00230  -0.2080  0.0965  0.0162  -1.0934   0.0000   0.4902
   0.000   0.9191   0.00886   0.00240  -0.2083  0.0921  0.0164  -1.1455   0.0000   0.4747
   0.500   0.9760   0.00900   0.00252  -0.2085  0.0853  0.0169  -1.1977   0.0000   0.4610
   1.000   1.0327   0.00913   0.00265  -0.2087  0.0843  0.0173  -1.2596   0.0000   0.4488
   1.500   1.0891   0.00928   0.00280  -0.2088  0.0840  0.0223  -1.3325   0.0000   0.4377
   2.000   1.1454   0.00943   0.00298  -0.2090  0.0836  0.0362  -1.4078   0.0000   0.4277
   2.500   1.1969   0.00996   0.00338  -0.2082  0.0490  0.0410  -1.4905   0.0000   0.4185
   3.000   1.2511   0.01026   0.00367  -0.2079  0.0396  0.0659  -1.5937   0.0000   0.4101
   3.500   1.3053   0.01051   0.00391  -0.2077  0.0377  0.0726  -1.7094   0.0000   0.4023
   4.000   1.3592   0.01077   0.00418  -0.2075  0.0373  0.0820  -1.8381   0.0000   0.3951
   4.500   1.4105   0.01122   0.00458  -0.2068  0.0261  0.1078  -2.0124   0.0000   0.3883
   5.000   1.4617   0.01166   0.00501  -0.2061  0.0167  0.1477  -2.1739   0.0000   0.3819
   6.000   1.5659   0.01255   0.00620  -0.2054  0.0021  0.3961  -2.5495   0.0000   0.3705
   6.500   1.6157   0.01299   0.00668  -0.2046  0.0015  0.4345  -2.7357   0.0000   0.3651
   7.000   1.6643   0.01346   0.00720  -0.2035  0.0013  0.4782  -2.9244   0.0000   0.3599
   7.500   1.7112   0.01398   0.00777  -0.2021  0.0013  0.5165  -3.1142   0.0000   0.3549
   8.000   1.7552   0.01457   0.00837  -0.2001  0.0013  0.5267  -3.3028   0.0000   0.3499
   8.500   1.7920   0.01521   0.00902  -0.1968  0.0013  0.5352  -3.4809   0.0000   0.3448
   9.000   1.8262   0.01593   0.00978  -0.1930  0.0012  0.5601  -3.6604   0.0000   0.3398
   9.500   1.8597   0.01674   0.01067  -0.1893  0.0012  0.5976  -3.8973   0.0000   0.3350
  10.000   1.8925   0.01769   0.01169  -0.1857  0.0012  0.6436  -4.1534   0.0000   0.3304
  10.500   1.9226   0.01880   0.01289  -0.1818  0.0011  0.6845  -4.6235   0.0000   0.3258
  11.000   1.9504   0.02011   0.01426  -0.1778  0.0011  0.7071  -5.0996   0.0000   0.3214
  11.500   1.9771   0.02163   0.01587  -0.1739  0.0011  0.7409  -5.5831   0.0000   0.3173
  12.000   2.0018   0.02342   0.01776  -0.1701  0.0011  0.7860  -6.0602   0.0000   0.3132
  12.500   2.0223   0.02571   0.02026  -0.1663  0.0011  0.8709  -6.4780   0.0000   0.3094
  13.500   2.0659   0.03020   0.02496  -0.1599  0.0010  1.0000  -7.6803   0.0000   0.3023
  14.000   2.0818   0.03321   0.02802  -0.1566  0.0009  1.0000  -8.1959   0.0000   0.2990
  14.500   2.0951   0.03662   0.03151  -0.1534  0.0009  1.0000  -8.7062   0.0000   0.2958
  15.000   2.1075   0.04024   0.03520  -0.1506  0.0009  1.0000  -9.2230   0.0000   0.2928
  15.500   2.1159   0.04438   0.03942  -0.1478  0.0009  1.0000  -9.7163   0.0000   0.2900
  16.000   2.1231   0.04897   0.04410  -0.1454  0.0008  1.0000  -10.2148   0.0000   0.2873
  16.500   2.1269   0.05421   0.04943  -0.1434  0.0008  1.0000  -10.6973   0.0000   0.2849
  17.000   2.1281   0.05999   0.05531  -0.1418  0.0008  1.0000  -11.1656   0.0000   0.2828
  17.500   2.1280   0.06609   0.06150  -0.1405  0.0008  1.0000  -11.6305   0.0000   0.2808
  18.000   2.1279   0.07227   0.06778  -0.1396  0.0008  1.0000  -12.1013   0.0000   0.2790
  18.500   2.1252   0.07884   0.07446  -0.1391  0.0007  1.0000  -12.5549   0.0000   0.2774
  19.000   2.1144   0.08649   0.08224  -0.1390  0.0007  1.0000  -12.9401   0.0000   0.2762
  19.500   2.1023   0.09474   0.09062  -0.1396  0.0007  1.0000  -13.3093   0.0000   0.2754
  20.000   2.0898   0.10320   0.09921  -0.1407  0.0007  1.0000  -13.6691   0.0000   0.2748


