XFLR5 v6.02 Beta

 Calculated polar for: WORTMANN FX 63-137

 1 1 Reynolds number fixed          Mach number fixed         

 xtrf =   1.000 (top)        1.000 (bottom)
 Mach =   0.000     Re =    78.750 e 6     Ncrit =   9.000

  alpha     CL        CD       CDp       CM    Top Xtr Bot Xtr   Cpmin    Chinge    XCp    
 ------- -------- --------- --------- -------- ------- ------- -------- --------- ---------
 -23.000  -1.0071   0.09581   0.09307  -0.1208  0.4011  0.0014  -23.6198   0.0000   0.0871
 -22.500  -1.2857   0.05144   0.04825  -0.1551  0.4013  0.0014  -29.0305   0.0000   0.0922
 -21.500  -0.4793   0.16883   0.16638  -0.0762  0.2222  0.0015  -10.2776   0.0000   0.0407
 -21.000  -0.4744   0.16103   0.15857  -0.0808  0.2219  0.0016  -10.3388   0.0000   0.0298
 -20.500  -0.4580   0.15598   0.15350  -0.0842  0.2215  0.0017  -10.0387   0.0000   0.0166
 -20.000  -0.4419   0.15094   0.14845  -0.0875  0.2211  0.0018  -9.7442   0.0000   0.0026
 -19.500  -0.4266   0.14601   0.14350  -0.0906  0.1967  0.0018  -9.4639   0.0000  -0.0116
 -19.000  -0.4118   0.14112   0.13857  -0.0936  0.1923  0.0019  -9.1959   0.0000  -0.0266
 -18.500  -0.3964   0.13584   0.13328  -0.0969  0.1890  0.0020  -8.9332   0.0000  -0.0435
 -18.000  -0.3815   0.13042   0.12785  -0.1001  0.1767  0.0021  -8.6872   0.0000  -0.0615
 -17.000  -1.0418   0.01189   0.00799  -0.1925  0.2830  0.0016  -21.0205   0.0000   0.0409
 -16.500  -0.9860   0.01126   0.00733  -0.1936  0.2786  0.0017  -19.8641   0.0000   0.0297
 -16.000  -0.9293   0.01070   0.00674  -0.1946  0.2781  0.0018  -18.7269   0.0000   0.0170
 -15.500  -0.8721   0.01018   0.00620  -0.1956  0.2778  0.0019  -17.6118   0.0000   0.0024
 -15.000  -0.8155   0.00977   0.00571  -0.1964  0.2259  0.0020  -16.5336   0.0000  -0.0140
 -14.500  -0.7574   0.00933   0.00525  -0.1973  0.2214  0.0021  -15.4689   0.0000  -0.0337
 -13.500  -0.6407   0.00861   0.00443  -0.1991  0.1884  0.0023  -13.5103   0.0000  -0.0842
 -13.000  -0.5817   0.00828   0.00407  -0.2000  0.1772  0.0024  -12.6130   0.0000  -0.1178
 -12.500  -0.5227   0.00798   0.00373  -0.2008  0.1483  0.0026  -11.7429   0.0000  -0.1590
 -12.000  -0.4633   0.00770   0.00341  -0.2017  0.1408  0.0028  -10.8963   0.0000  -0.2113
 -11.500  -0.4034   0.00740   0.00309  -0.2027  0.1421  0.0032  -10.0735   0.0000  -0.2800
 -11.000  -0.3436   0.00716   0.00282  -0.2036  0.1384  0.0034  -9.2780   0.0000  -0.3725
 -10.500  -0.2837   0.00694   0.00258  -0.2044  0.1339  0.0037  -8.5083   0.0000  -0.5044
 -10.000  -0.2238   0.00675   0.00238  -0.2053  0.1291  0.0040  -7.7650   0.0000  -0.7072
  -9.500  -0.1639   0.00660   0.00221  -0.2060  0.1243  0.0040  -7.0527   0.0000  -1.0578
  -9.000  -0.1041   0.00647   0.00206  -0.2068  0.1236  0.0041  -6.3705   0.0000  -1.8117
  -8.500  -0.0442   0.00635   0.00192  -0.2075  0.1233  0.0041  -5.7163   0.0000  -4.6101
  -8.000   0.0157   0.00625   0.00181  -0.2083  0.1229  0.0042  -5.0919   0.0000  13.9730
  -7.000   0.1347   0.00613   0.00162  -0.2096  0.1020  0.0043  -4.0408   0.0000   1.8480
  -6.500   0.1943   0.00608   0.00155  -0.2102  0.0994  0.0043  -3.6491   0.0000   1.3592
  -6.000   0.2538   0.00604   0.00150  -0.2108  0.0966  0.0043  -3.2726   0.0000   1.0998
  -5.500   0.3132   0.00601   0.00145  -0.2114  0.0941  0.0044  -2.9113   0.0000   0.9391
  -5.000   0.3726   0.00599   0.00142  -0.2120  0.0903  0.0044  -2.5655   0.0000   0.8297
  -4.500   0.4319   0.00599   0.00140  -0.2126  0.0844  0.0044  -2.2354   0.0000   0.7504
  -4.000   0.4911   0.00599   0.00139  -0.2132  0.0842  0.0045  -1.9205   0.0000   0.6903
  -3.500   0.5502   0.00600   0.00139  -0.2137  0.0841  0.0045  -1.6219   0.0000   0.6432
  -3.000   0.6092   0.00601   0.00140  -0.2143  0.0840  0.0046  -1.3390   0.0000   0.6052
  -2.500   0.6680   0.00604   0.00142  -0.2148  0.0838  0.0046  -1.0717   0.0000   0.5738
  -2.000   0.7248   0.00623   0.00151  -0.2149  0.0455  0.0046  -0.9636   0.0000   0.5478
  -1.500   0.7831   0.00630   0.00156  -0.2153  0.0427  0.0053  -1.0143   0.0000   0.5253
  -1.000   0.8413   0.00638   0.00162  -0.2157  0.0405  0.0061  -1.0667   0.0000   0.5060
  -0.500   0.8992   0.00646   0.00169  -0.2160  0.0384  0.0068  -1.1194   0.0000   0.4891
   0.000   0.9570   0.00655   0.00177  -0.2164  0.0381  0.0073  -1.1723   0.0000   0.4742
   0.500   1.0145   0.00665   0.00186  -0.2167  0.0380  0.0091  -1.2275   0.0000   0.4610
   1.000   1.0721   0.00674   0.00195  -0.2170  0.0382  0.0169  -1.2930   0.0000   0.4491
   1.500   1.1292   0.00686   0.00206  -0.2172  0.0382  0.0171  -1.3688   0.0000   0.4384
   2.000   1.1841   0.00716   0.00228  -0.2170  0.0177  0.0197  -1.4433   0.0000   0.4286
   2.500   1.2391   0.00744   0.00253  -0.2169  0.0013  0.0370  -1.5346   0.0000   0.4196
   3.000   1.2949   0.00763   0.00270  -0.2169  0.0013  0.0379  -1.6510   0.0000   0.4113
   3.500   1.3503   0.00784   0.00289  -0.2169  0.0013  0.0384  -1.7693   0.0000   0.4037
   4.000   1.4054   0.00805   0.00309  -0.2168  0.0013  0.0405  -1.9173   0.0000   0.3966
   4.500   1.4601   0.00829   0.00331  -0.2166  0.0013  0.0459  -2.0965   0.0000   0.3900
   5.500   1.5683   0.00879   0.00379  -0.2162  0.0013  0.0706  -2.4681   0.0000   0.3779
   6.000   1.6220   0.00906   0.00407  -0.2160  0.0012  0.1035  -2.6602   0.0000   0.3724
   6.500   1.6747   0.00936   0.00435  -0.2156  0.0012  0.1129  -2.8557   0.0000   0.3671
   7.000   1.7270   0.00967   0.00466  -0.2151  0.0012  0.1239  -3.0551   0.0000   0.3621
   7.500   1.7787   0.01000   0.00499  -0.2145  0.0012  0.1457  -3.2580   0.0000   0.3573
   8.000   1.8295   0.01035   0.00533  -0.2138  0.0012  0.1457  -3.4635   0.0000   0.3526
   8.500   1.8794   0.01073   0.00570  -0.2129  0.0012  0.1479  -3.6717   0.0000   0.3481
   9.000   1.9290   0.01112   0.00611  -0.2121  0.0012  0.2016  -3.9536   0.0000   0.3438
  10.000   2.0243   0.01199   0.00700  -0.2096  0.0012  0.2615  -4.9385   0.0000   0.3355
  10.500   2.0704   0.01246   0.00751  -0.2082  0.0011  0.3140  -5.5505   0.0000   0.3315
  11.000   2.1133   0.01300   0.00804  -0.2061  0.0011  0.3240  -6.1738   0.0000   0.3275
  11.500   2.1459   0.01359   0.00863  -0.2019  0.0011  0.3312  -6.7588   0.0000   0.3231
  12.000   2.1743   0.01428   0.00933  -0.1971  0.0010  0.3322  -7.3403   0.0000   0.3186
  12.500   2.2031   0.01509   0.01016  -0.1925  0.0010  0.3402  -7.9447   0.0000   0.3143
  13.000   2.2313   0.01604   0.01114  -0.1881  0.0009  0.3705  -8.5658   0.0000   0.3101
  14.000   2.2502   0.02033   0.01567  -0.1743  0.0020  0.4435  -9.5508   0.0000   0.3012
  14.500   2.2700   0.02207   0.01745  -0.1698  0.0022  0.4536  -10.1605   0.0000   0.2974
  15.000   2.2859   0.02433   0.01977  -0.1653  0.0026  0.4797  -10.7522   0.0000   0.2937
  15.500   2.3003   0.02696   0.02247  -0.1611  0.0031  0.5083  -11.3428   0.0000   0.2902
  16.000   2.3128   0.02997   0.02554  -0.1572  0.0035  0.5319  -11.9298   0.0000   0.2869
  16.500   2.3235   0.03333   0.02896  -0.1536  0.0039  0.5583  -12.5147   0.0000   0.2838
  17.000   2.3314   0.03712   0.03283  -0.1503  0.0042  0.5789  -13.0866   0.0000   0.2808
  17.500   2.3362   0.04127   0.03706  -0.1471  0.0046  0.6069  -13.6404   0.0000   0.2780
  18.000   2.3385   0.04616   0.04204  -0.1444  0.0046  0.6292  -14.1834   0.0000   0.2754
  18.500   2.3489   0.05032   0.04626  -0.1424  0.0046  0.6549  -14.8139   0.0000   0.2729
  19.500   2.3417   0.06269   0.05882  -0.1390  0.0047  0.7110  -15.8297   0.0000   0.2687


