XFLR5 v6.02 Beta

 Calculated polar for: WORTMANN FX 63-137

 1 1 Reynolds number fixed          Mach number fixed         

 xtrf =   1.000 (top)        1.000 (bottom)
 Mach =   0.000     Re =    72.250 e 6     Ncrit =   9.000

  alpha     CL        CD       CDp       CM    Top Xtr Bot Xtr   Cpmin    Chinge    XCp    
 ------- -------- --------- --------- -------- ------- ------- -------- --------- ---------
 -22.500  -0.5306   0.17469   0.17228  -0.0709  0.2837  0.0015  -11.4699   0.0000   0.0657
 -22.000  -0.5084   0.17101   0.16860  -0.0739  0.2788  0.0015  -10.9726   0.0000   0.0544
 -21.500  -0.4797   0.16901   0.16654  -0.0759  0.2302  0.0016  -10.2703   0.0000   0.0416
 -21.000  -0.4748   0.16121   0.15872  -0.0805  0.2239  0.0017  -10.3307   0.0000   0.0308
 -20.500  -0.4585   0.15614   0.15363  -0.0839  0.2219  0.0018  -10.0330   0.0000   0.0176
 -20.000  -0.4424   0.15109   0.14858  -0.0872  0.2215  0.0018  -9.7391   0.0000   0.0037
 -19.000  -0.2899   0.17173   0.16917  -0.0824  0.1691  0.0016  -5.3957   0.0000  -0.0899
 -18.000  -1.1500   0.01364   0.00979  -0.1894  0.3066  0.0015  -23.3563   0.0000   0.0598
 -17.500  -1.0969   0.01282   0.00892  -0.1908  0.2976  0.0016  -22.1831   0.0000   0.0512
 -17.000  -1.0422   0.01209   0.00817  -0.1920  0.2903  0.0017  -21.0159   0.0000   0.0414
 -16.500  -0.9866   0.01145   0.00750  -0.1931  0.2832  0.0017  -19.8625   0.0000   0.0303
 -16.000  -0.9301   0.01086   0.00688  -0.1942  0.2786  0.0018  -18.7274   0.0000   0.0176
 -15.500  -0.8729   0.01033   0.00632  -0.1952  0.2783  0.0019  -17.6138   0.0000   0.0030
 -15.000  -0.8163   0.00990   0.00581  -0.1960  0.2379  0.0021  -16.5359   0.0000  -0.0133
 -14.500  -0.7583   0.00946   0.00533  -0.1970  0.2217  0.0022  -15.4731   0.0000  -0.0329
 -14.000  -0.6997   0.00904   0.00490  -0.1980  0.2210  0.0023  -14.4360   0.0000  -0.0561
 -13.500  -0.6415   0.00871   0.00450  -0.1988  0.1924  0.0024  -13.5150   0.0000  -0.0833
 -13.000  -0.5826   0.00837   0.00412  -0.1997  0.1847  0.0026  -12.6185   0.0000  -0.1167
 -12.000  -0.4642   0.00777   0.00344  -0.2015  0.1438  0.0030  -10.9014   0.0000  -0.2099
 -11.500  -0.4043   0.00746   0.00312  -0.2024  0.1451  0.0033  -10.0776   0.0000  -0.2783
 -11.000  -0.3445   0.00722   0.00285  -0.2033  0.1413  0.0036  -9.2812   0.0000  -0.3702
 -10.500  -0.2847   0.00701   0.00261  -0.2042  0.1365  0.0039  -8.5101   0.0000  -0.5010
 -10.000  -0.2248   0.00683   0.00241  -0.2050  0.1316  0.0040  -7.7678   0.0000  -0.7015
  -9.500  -0.1650   0.00668   0.00224  -0.2058  0.1265  0.0041  -7.0560   0.0000  -1.0475
  -9.000  -0.1051   0.00655   0.00209  -0.2065  0.1237  0.0041  -6.3740   0.0000  -1.7877
  -8.500  -0.0453   0.00643   0.00195  -0.2073  0.1235  0.0041  -5.7199   0.0000  -4.4868
  -8.000   0.0146   0.00632   0.00184  -0.2080  0.1231  0.0042  -5.0956   0.0000  14.9797
  -7.500   0.0744   0.00624   0.00173  -0.2087  0.1228  0.0042  -4.5009   0.0000   3.1388
  -7.000   0.1337   0.00620   0.00166  -0.2093  0.1053  0.0043  -4.0424   0.0000   1.8584
  -6.500   0.1932   0.00615   0.00158  -0.2099  0.1009  0.0043  -3.6507   0.0000   1.3638
  -6.000   0.2527   0.00611   0.00152  -0.2106  0.0980  0.0043  -3.2744   0.0000   1.1024
  -5.500   0.3121   0.00608   0.00147  -0.2112  0.0954  0.0044  -2.9133   0.0000   0.9407
  -5.000   0.3715   0.00606   0.00144  -0.2118  0.0925  0.0044  -2.5676   0.0000   0.8307
  -4.500   0.4308   0.00606   0.00142  -0.2124  0.0858  0.0044  -2.2374   0.0000   0.7511
  -4.000   0.4900   0.00606   0.00141  -0.2129  0.0842  0.0045  -1.9226   0.0000   0.6908
  -3.500   0.5491   0.00607   0.00141  -0.2135  0.0841  0.0045  -1.6240   0.0000   0.6435
  -3.000   0.6080   0.00609   0.00142  -0.2140  0.0840  0.0046  -1.3411   0.0000   0.6054
  -2.500   0.6668   0.00612   0.00144  -0.2145  0.0838  0.0046  -1.0737   0.0000   0.5740
  -2.000   0.7238   0.00630   0.00153  -0.2146  0.0471  0.0047  -0.9629   0.0000   0.5479
  -1.500   0.7820   0.00637   0.00158  -0.2150  0.0441  0.0054  -1.0135   0.0000   0.5254
  -1.000   0.8401   0.00645   0.00164  -0.2154  0.0418  0.0063  -1.0659   0.0000   0.5060
  -0.500   0.8980   0.00653   0.00171  -0.2158  0.0396  0.0070  -1.1185   0.0000   0.4891
   0.000   0.9558   0.00662   0.00179  -0.2161  0.0382  0.0075  -1.1715   0.0000   0.4742
   0.500   1.0133   0.00673   0.00188  -0.2164  0.0381  0.0094  -1.2266   0.0000   0.4610
   1.000   1.0709   0.00682   0.00198  -0.2167  0.0389  0.0169  -1.2919   0.0000   0.4491
   1.500   1.1279   0.00694   0.00209  -0.2170  0.0383  0.0171  -1.3677   0.0000   0.4383
   2.000   1.1831   0.00722   0.00229  -0.2168  0.0233  0.0201  -1.4423   0.0000   0.4285
   2.500   1.2377   0.00753   0.00256  -0.2166  0.0014  0.0371  -1.5330   0.0000   0.4195
   3.000   1.2935   0.00772   0.00274  -0.2166  0.0013  0.0379  -1.6492   0.0000   0.4113
   3.500   1.3489   0.00793   0.00293  -0.2166  0.0013  0.0386  -1.7674   0.0000   0.4037
   4.000   1.4039   0.00815   0.00313  -0.2165  0.0013  0.0411  -1.9147   0.0000   0.3966
   4.500   1.4585   0.00839   0.00335  -0.2163  0.0013  0.0467  -2.0937   0.0000   0.3899
   5.500   1.5666   0.00890   0.00384  -0.2159  0.0013  0.0719  -2.4648   0.0000   0.3779
   6.000   1.6202   0.00917   0.00413  -0.2156  0.0012  0.1039  -2.6567   0.0000   0.3723
   6.500   1.6728   0.00947   0.00441  -0.2152  0.0012  0.1156  -2.8520   0.0000   0.3670
   7.500   1.7766   0.01012   0.00506  -0.2141  0.0012  0.1461  -3.2535   0.0000   0.3572
   8.000   1.8272   0.01048   0.00541  -0.2133  0.0012  0.1458  -3.4587   0.0000   0.3525
   8.500   1.8769   0.01087   0.00578  -0.2124  0.0012  0.1535  -3.6665   0.0000   0.3480
   9.000   1.9264   0.01126   0.00620  -0.2116  0.0012  0.2086  -3.9463   0.0000   0.3437
  10.000   2.0217   0.01213   0.00712  -0.2092  0.0012  0.2792  -4.9224   0.0000   0.3354
  10.500   2.0671   0.01262   0.00763  -0.2076  0.0011  0.3263  -5.5296   0.0000   0.3314
  11.000   2.1098   0.01317   0.00818  -0.2055  0.0011  0.3361  -6.1505   0.0000   0.3273
  13.000   2.2252   0.01630   0.01138  -0.1871  0.0009  0.3917  -8.5203   0.0000   0.3099
  14.000   2.2444   0.02069   0.01602  -0.1735  0.0017  0.4599  -9.4777   0.0000   0.3010
  14.500   2.2602   0.02269   0.01806  -0.1686  0.0018  0.4664  -10.0552   0.0000   0.2971
  15.000   2.2789   0.02485   0.02028  -0.1645  0.0023  0.4991  -10.6950   0.0000   0.2936
  15.500   2.2945   0.02746   0.02295  -0.1606  0.0028  0.5308  -11.2947   0.0000   0.2902
  16.000   2.3071   0.03048   0.02603  -0.1567  0.0032  0.5549  -11.8822   0.0000   0.2869
  16.500   2.3174   0.03390   0.02951  -0.1531  0.0036  0.5746  -12.4617   0.0000   0.2838
  17.000   2.3252   0.03777   0.03347  -0.1499  0.0039  0.6102  -13.0318   0.0000   0.2808
  17.500   2.3288   0.04209   0.03787  -0.1467  0.0043  0.6292  -13.5730   0.0000   0.2780
  18.000   2.3311   0.04702   0.04288  -0.1441  0.0045  0.6536  -14.1125   0.0000   0.2755
  18.500   2.3319   0.05249   0.04845  -0.1420  0.0046  0.6867  -14.6477   0.0000   0.2731
  19.000   2.3280   0.05867   0.05472  -0.1402  0.0046  0.7082  -15.1465   0.0000   0.2710
  19.500   2.3351   0.06371   0.05985  -0.1391  0.0047  0.7476  -15.7611   0.0000   0.2689
  20.000   2.3260   0.07098   0.06724  -0.1383  0.0047  0.7792  -16.2201   0.0000   0.2672
  20.500   2.3132   0.07882   0.07520  -0.1380  0.0047  0.8123  -16.6422   0.0000   0.2658
  21.000   2.2953   0.08733   0.08383  -0.1382  0.0047  0.8348  -17.0111   0.0000   0.2648


