XFLR5 v6.02 Beta

 Calculated polar for: WORTMANN FX 63-137

 1 1 Reynolds number fixed          Mach number fixed         

 xtrf =   1.000 (top)        1.000 (bottom)
 Mach =   0.000     Re =    19.750 e 6     Ncrit =   9.000

  alpha     CL        CD       CDp       CM    Top Xtr Bot Xtr   Cpmin    Chinge    XCp    
 ------- -------- --------- --------- -------- ------- ------- -------- --------- ---------
 -20.000  -1.1537   0.03909   0.03600  -0.1601  0.6967  0.0029  -24.6482   0.0000   0.0796
 -19.500  -1.1626   0.03222   0.02895  -0.1661  0.6701  0.0030  -24.4538   0.0000   0.0772
 -18.500  -1.1454   0.02331   0.01978  -0.1729  0.6183  0.0031  -23.4160   0.0000   0.0719
 -18.000  -1.1297   0.02003   0.01641  -0.1748  0.6078  0.0032  -22.7684   0.0000   0.0694
 -17.500  -1.0895   0.01735   0.01367  -0.1795  0.5974  0.0033  -21.8254   0.0000   0.0602
 -17.000  -1.0385   0.01524   0.01136  -0.1853  0.5468  0.0033  -20.7666   0.0000   0.0472
 -16.500  -0.9888   0.01428   0.01020  -0.1869  0.4789  0.0034  -19.6999   0.0000   0.0371
 -16.000  -0.9345   0.01339   0.00925  -0.1885  0.4667  0.0035  -18.6002   0.0000   0.0248
 -15.500  -0.8789   0.01261   0.00843  -0.1900  0.4652  0.0035  -17.5103   0.0000   0.0107
 -15.000  -0.8235   0.01199   0.00772  -0.1911  0.4445  0.0036  -16.4497   0.0000  -0.0050
 -14.500  -0.7671   0.01142   0.00706  -0.1921  0.4246  0.0037  -15.4067   0.0000  -0.0233
 -13.500  -0.6543   0.01055   0.00594  -0.1938  0.3370  0.0037  -13.4113   0.0000  -0.0692
 -13.000  -0.5971   0.01018   0.00547  -0.1946  0.3014  0.0038  -12.5141   0.0000  -0.0994
 -12.500  -0.5385   0.00980   0.00502  -0.1956  0.2893  0.0038  -11.6382   0.0000  -0.1372
 -12.000  -0.4794   0.00944   0.00462  -0.1966  0.2782  0.0039  -10.7819   0.0000  -0.1851
 -11.500  -0.4201   0.00912   0.00427  -0.1975  0.2778  0.0040  -9.9244   0.0000  -0.2467
 -11.000  -0.3620   0.00892   0.00395  -0.1982  0.2399  0.0040  -9.1242   0.0000  -0.3260
 -10.500  -0.3027   0.00867   0.00364  -0.1991  0.2206  0.0041  -8.3409   0.0000  -0.4393
 -10.000  -0.2437   0.00847   0.00337  -0.1999  0.2007  0.0041  -7.5902   0.0000  -0.6069
  -9.500  -0.1841   0.00826   0.00310  -0.2007  0.1877  0.0041  -6.8828   0.0000  -0.8851
  -9.000  -0.1242   0.00804   0.00283  -0.2016  0.1725  0.0042  -6.2530   0.0000  -1.4358
  -8.500  -0.0642   0.00785   0.00262  -0.2025  0.1698  0.0042  -5.6038   0.0000  -3.0179
  -8.000  -0.0041   0.00768   0.00242  -0.2034  0.1689  0.0042  -4.9956   0.0000  -51.1464
  -7.500   0.0560   0.00753   0.00225  -0.2042  0.1682  0.0043  -4.4296   0.0000   4.0054
  -7.000   0.1150   0.00748   0.00212  -0.2048  0.1447  0.0043  -3.9762   0.0000   2.0801
  -6.500   0.1749   0.00738   0.00200  -0.2056  0.1399  0.0043  -3.6296   0.0000   1.4554
  -5.000   0.3537   0.00720   0.00177  -0.2077  0.1242  0.0044  -2.5778   0.0000   0.8482
  -4.500   0.4131   0.00717   0.00173  -0.2083  0.1237  0.0045  -2.2573   0.0000   0.7627
  -4.000   0.4724   0.00715   0.00170  -0.2089  0.1233  0.0045  -1.9472   0.0000   0.6987
  -3.500   0.5314   0.00716   0.00169  -0.2095  0.1218  0.0046  -1.6510   0.0000   0.6490
  -3.000   0.5888   0.00730   0.00174  -0.2097  0.0969  0.0070  -1.3734   0.0000   0.6097
  -2.500   0.6474   0.00735   0.00176  -0.2102  0.0934  0.0080  -1.1058   0.0000   0.5771
  -2.000   0.7058   0.00740   0.00180  -0.2107  0.0876  0.0082  -0.9519   0.0000   0.5499
  -1.500   0.7641   0.00745   0.00185  -0.2111  0.0846  0.0102  -1.0016   0.0000   0.5268
  -1.000   0.8224   0.00751   0.00190  -0.2116  0.0839  0.0151  -1.0539   0.0000   0.5069
  -0.500   0.8802   0.00760   0.00198  -0.2119  0.0830  0.0155  -1.1062   0.0000   0.4896
   0.000   0.9377   0.00770   0.00207  -0.2122  0.0822  0.0157  -1.1588   0.0000   0.4745
   0.500   0.9932   0.00796   0.00225  -0.2121  0.0626  0.0161  -1.2111   0.0000   0.4610
   1.000   1.0524   0.00790   0.00227  -0.2128  0.0823  0.0172  -1.2759   0.0000   0.4489
   1.500   1.1076   0.00816   0.00247  -0.2127  0.0662  0.0178  -1.3497   0.0000   0.4380
   2.000   1.1630   0.00840   0.00265  -0.2126  0.0570  0.0231  -1.4247   0.0000   0.4281
   3.000   1.2686   0.00928   0.00337  -0.2115  0.0035  0.0397  -1.6179   0.0000   0.4106
   3.500   1.3231   0.00954   0.00361  -0.2113  0.0028  0.0494  -1.7342   0.0000   0.4028
   4.000   1.3775   0.00979   0.00387  -0.2111  0.0034  0.0653  -1.8689   0.0000   0.3957
   4.500   1.4309   0.01009   0.00415  -0.2108  0.0027  0.0672  -2.0447   0.0000   0.3889
   5.000   1.4839   0.01040   0.00446  -0.2103  0.0020  0.0810  -2.2243   0.0000   0.3826
   5.500   1.5366   0.01072   0.00478  -0.2099  0.0014  0.1083  -2.4080   0.0000   0.3767
   6.000   1.5898   0.01101   0.00516  -0.2097  0.0013  0.1942  -2.5972   0.0000   0.3712
   6.500   1.6409   0.01139   0.00554  -0.2090  0.0013  0.2149  -2.7877   0.0000   0.3658
   7.000   1.6916   0.01177   0.00595  -0.2083  0.0012  0.2508  -2.9821   0.0000   0.3607
   7.500   1.7420   0.01216   0.00640  -0.2075  0.0012  0.3146  -3.1801   0.0000   0.3559
   8.000   1.7885   0.01266   0.00685  -0.2060  0.0012  0.2779  -3.3755   0.0000   0.3510
   8.500   1.8384   0.01308   0.00741  -0.2053  0.0012  0.4001  -3.5808   0.0000   0.3466
  10.000   1.9583   0.01482   0.00928  -0.1973  0.0011  0.5113  -4.5453   0.0000   0.3329
  10.500   1.9896   0.01559   0.01006  -0.1930  0.0011  0.5241  -5.0504   0.0000   0.3282
  11.000   2.0206   0.01647   0.01097  -0.1889  0.0011  0.5401  -5.5758   0.0000   0.3237
  11.500   2.0504   0.01747   0.01203  -0.1849  0.0011  0.5666  -6.1149   0.0000   0.3194
  12.500   2.1060   0.02000   0.01468  -0.1770  0.0010  0.6346  -7.2434   0.0000   0.3111
  13.000   2.1312   0.02160   0.01636  -0.1731  0.0010  0.6841  -7.8168   0.0000   0.3073
  13.500   2.1519   0.02348   0.01829  -0.1689  0.0009  0.7067  -8.3766   0.0000   0.3034
  14.000   2.1730   0.02562   0.02053  -0.1653  0.0009  0.7485  -8.9567   0.0000   0.2998
  14.500   2.1934   0.02806   0.02306  -0.1620  0.0009  0.8031  -9.5481   0.0000   0.2964
  15.500   2.2309   0.03393   0.02925  -0.1565  0.0008  1.0000  -10.7528   0.0000   0.2903
  16.000   2.2423   0.03749   0.03287  -0.1534  0.0008  1.0000  -11.3193   0.0000   0.2873
  16.500   2.2503   0.04146   0.03690  -0.1504  0.0008  1.0000  -11.8687   0.0000   0.2844
  17.000   2.2558   0.04601   0.04151  -0.1477  0.0008  1.0000  -12.4084   0.0000   0.2817
  17.500   2.2673   0.05010   0.04566  -0.1456  0.0008  1.0000  -13.0118   0.0000   0.2791
  18.000   2.2689   0.05557   0.05121  -0.1437  0.0007  1.0000  -13.5378   0.0000   0.2768
  18.500   2.2673   0.06161   0.05732  -0.1421  0.0007  1.0000  -14.0414   0.0000   0.2747
  19.000   2.2629   0.06818   0.06399  -0.1409  0.0007  1.0000  -14.5224   0.0000   0.2728
  19.500   2.2550   0.07534   0.07124  -0.1402  0.0006  1.0000  -14.9745   0.0000   0.2712
  20.000   2.2560   0.08095   0.07692  -0.1395  0.0006  1.0000  -15.5218   0.0000   0.2694


