XFLR5 v6.02 Beta

 Calculated polar for: WORTMANN FX 63-137

 1 1 Reynolds number fixed          Mach number fixed         

 xtrf =   1.000 (top)        1.000 (bottom)
 Mach =   0.000     Re =    69.250 e 6     Ncrit =   9.000

  alpha     CL        CD       CDp       CM    Top Xtr Bot Xtr   Cpmin    Chinge    XCp    
 ------- -------- --------- --------- -------- ------- ------- -------- --------- ---------
 -22.500  -1.2440   0.05690   0.05375  -0.1504  0.4026  0.0014  -28.2090   0.0000   0.0914
 -22.000  -1.2869   0.04564   0.04236  -0.1592  0.4023  0.0014  -28.6672   0.0000   0.0907
 -21.500  -1.3095   0.03714   0.03377  -0.1660  0.4025  0.0014  -28.6991   0.0000   0.0895
 -21.000  -1.3117   0.03167   0.02823  -0.1701  0.4021  0.0014  -28.3260   0.0000   0.0882
 -20.500  -1.3120   0.02651   0.02300  -0.1739  0.4018  0.0014  -27.9079   0.0000   0.0868
 -20.000  -1.2972   0.02298   0.01942  -0.1761  0.4013  0.0014  -27.2290   0.0000   0.0849
 -19.000  -1.2517   0.01714   0.01349  -0.1807  0.4011  0.0014  -25.6406   0.0000   0.0786
 -18.500  -1.2004   0.01486   0.01117  -0.1869  0.4009  0.0015  -24.4988   0.0000   0.0682
 -17.500  -1.0969   0.01293   0.00903  -0.1905  0.3013  0.0016  -22.1776   0.0000   0.0514
 -17.000  -1.0424   0.01220   0.00826  -0.1918  0.2939  0.0017  -21.0132   0.0000   0.0417
 -16.500  -0.9868   0.01154   0.00757  -0.1929  0.2869  0.0018  -19.8615   0.0000   0.0306
 -16.000  -0.9304   0.01095   0.00695  -0.1940  0.2798  0.0019  -18.7276   0.0000   0.0179
 -15.500  -0.8733   0.01040   0.00638  -0.1951  0.2786  0.0020  -17.6148   0.0000   0.0033
 -15.000  -0.8165   0.00996   0.00586  -0.1959  0.2442  0.0021  -16.5357   0.0000  -0.0130
 -14.500  -0.7587   0.00952   0.00537  -0.1968  0.2219  0.0022  -15.4752   0.0000  -0.0325
 -14.000  -0.7002   0.00910   0.00493  -0.1978  0.2213  0.0024  -14.4384   0.0000  -0.0557
 -13.500  -0.6419   0.00875   0.00453  -0.1987  0.1945  0.0025  -13.5173   0.0000  -0.0829
 -13.000  -0.5830   0.00841   0.00414  -0.1996  0.1878  0.0026  -12.6209   0.0000  -0.1163
 -12.000  -0.4646   0.00780   0.00346  -0.2013  0.1454  0.0030  -10.9037   0.0000  -0.2092
 -11.500  -0.4047   0.00750   0.00314  -0.2023  0.1467  0.0034  -10.0793   0.0000  -0.2775
 -11.000  -0.3449   0.00725   0.00286  -0.2032  0.1427  0.0037  -9.2822   0.0000  -0.3691
 -10.500  -0.2852   0.00704   0.00262  -0.2041  0.1379  0.0039  -8.5110   0.0000  -0.4993
 -10.000  -0.2254   0.00687   0.00243  -0.2049  0.1329  0.0040  -7.7693   0.0000  -0.6986
  -9.500  -0.1655   0.00672   0.00226  -0.2056  0.1278  0.0041  -7.0576   0.0000  -1.0424
  -9.000  -0.1057   0.00659   0.00211  -0.2064  0.1238  0.0041  -6.3758   0.0000  -1.7759
  -8.500  -0.0458   0.00647   0.00197  -0.2071  0.1235  0.0041  -5.7217   0.0000  -4.4274
  -8.000   0.0140   0.00636   0.00185  -0.2079  0.1232  0.0042  -5.0974   0.0000  15.5423
  -7.500   0.0738   0.00627   0.00175  -0.2086  0.1228  0.0042  -4.5027   0.0000   3.1585
  -7.000   0.1336   0.00620   0.00165  -0.2093  0.1227  0.0043  -4.0412   0.0000   1.8589
  -6.500   0.1927   0.00618   0.00159  -0.2098  0.1017  0.0043  -3.6515   0.0000   1.3661
  -6.000   0.2522   0.00615   0.00153  -0.2104  0.0988  0.0043  -3.2753   0.0000   1.1037
  -5.500   0.3116   0.00612   0.00148  -0.2111  0.0961  0.0044  -2.9142   0.0000   0.9414
  -5.000   0.3710   0.00610   0.00145  -0.2117  0.0934  0.0044  -2.5686   0.0000   0.8312
  -4.500   0.4303   0.00609   0.00143  -0.2122  0.0870  0.0044  -2.2383   0.0000   0.7515
  -4.000   0.4894   0.00609   0.00142  -0.2128  0.0843  0.0045  -1.9237   0.0000   0.6911
  -3.500   0.5485   0.00610   0.00142  -0.2134  0.0842  0.0045  -1.6250   0.0000   0.6437
  -3.000   0.6075   0.00612   0.00143  -0.2139  0.0841  0.0046  -1.3422   0.0000   0.6055
  -2.500   0.6663   0.00615   0.00145  -0.2144  0.0838  0.0046  -1.0747   0.0000   0.5741
  -2.000   0.7232   0.00633   0.00153  -0.2145  0.0479  0.0048  -0.9626   0.0000   0.5479
  -1.500   0.7814   0.00641   0.00159  -0.2149  0.0449  0.0055  -1.0131   0.0000   0.5255
  -1.000   0.8395   0.00649   0.00165  -0.2153  0.0425  0.0065  -1.0655   0.0000   0.5061
  -0.500   0.8974   0.00657   0.00172  -0.2156  0.0402  0.0072  -1.1181   0.0000   0.4892
   0.000   0.9552   0.00666   0.00181  -0.2160  0.0383  0.0077  -1.1710   0.0000   0.4742
   0.500   1.0127   0.00676   0.00190  -0.2163  0.0381  0.0096  -1.2261   0.0000   0.4610
   1.000   1.0702   0.00686   0.00199  -0.2166  0.0394  0.0169  -1.2914   0.0000   0.4491
   1.500   1.1273   0.00698   0.00210  -0.2168  0.0386  0.0171  -1.3671   0.0000   0.4383
   2.000   1.1828   0.00722   0.00228  -0.2168  0.0259  0.0204  -1.4422   0.0000   0.4285
   3.500   1.3481   0.00798   0.00295  -0.2164  0.0013  0.0388  -1.7664   0.0000   0.4036
   4.000   1.4031   0.00820   0.00315  -0.2163  0.0013  0.0414  -1.9134   0.0000   0.3965
   4.500   1.4577   0.00844   0.00337  -0.2162  0.0013  0.0471  -2.0923   0.0000   0.3899
   5.500   1.5657   0.00895   0.00387  -0.2157  0.0013  0.0725  -2.4632   0.0000   0.3778
   6.000   1.6193   0.00922   0.00416  -0.2154  0.0012  0.1050  -2.6550   0.0000   0.3723
   6.500   1.6719   0.00953   0.00445  -0.2150  0.0012  0.1170  -2.8501   0.0000   0.3670
   8.500   1.8757   0.01093   0.00582  -0.2122  0.0012  0.1566  -3.6639   0.0000   0.3480
   9.000   1.9252   0.01133   0.00624  -0.2113  0.0012  0.2121  -3.9427   0.0000   0.3437
  10.500   2.0656   0.01270   0.00769  -0.2073  0.0011  0.3323  -5.5197   0.0000   0.3313
  11.000   2.1080   0.01326   0.00825  -0.2051  0.0011  0.3465  -6.1387   0.0000   0.3273
  11.500   2.1373   0.01386   0.00888  -0.2003  0.0011  0.3692  -6.7012   0.0000   0.3227
  12.000   2.1656   0.01459   0.00962  -0.1955  0.0010  0.3693  -7.2797   0.0000   0.3182
  12.500   2.1948   0.01544   0.01048  -0.1911  0.0010  0.3695  -7.8841   0.0000   0.3140
  13.000   2.2228   0.01642   0.01150  -0.1867  0.0009  0.4048  -8.5023   0.0000   0.3098
  13.500   2.2507   0.01756   0.01270  -0.1826  0.0009  0.4630  -9.1396   0.0000   0.3059
  15.000   2.2750   0.02513   0.02054  -0.1641  0.0021  0.5026  -10.6611   0.0000   0.2935
  15.500   2.2914   0.02770   0.02318  -0.1603  0.0026  0.5352  -11.2695   0.0000   0.2901
  16.000   2.3045   0.03073   0.02627  -0.1565  0.0030  0.5637  -11.8601   0.0000   0.2869
  16.500   2.3148   0.03417   0.02978  -0.1530  0.0034  0.5914  -12.4399   0.0000   0.2838
  17.000   2.3224   0.03807   0.03377  -0.1498  0.0037  0.6272  -13.0074   0.0000   0.2808
  17.500   2.3250   0.04247   0.03825  -0.1465  0.0042  0.6403  -13.5391   0.0000   0.2780
  18.000   2.3274   0.04745   0.04331  -0.1440  0.0044  0.6614  -14.0782   0.0000   0.2755
  18.500   2.3278   0.05297   0.04892  -0.1419  0.0046  0.6911  -14.6078   0.0000   0.2732
  19.500   2.3317   0.06423   0.06038  -0.1391  0.0046  0.7682  -15.7255   0.0000   0.2689
  20.000   2.3229   0.07155   0.06781  -0.1385  0.0047  0.8022  -16.1864   0.0000   0.2673
  20.500   2.3097   0.07938   0.07576  -0.1382  0.0047  0.8306  -16.6050   0.0000   0.2660


