XFLR5 v6.02 Beta

 Calculated polar for: WORTMANN FX 63-137

 1 1 Reynolds number fixed          Mach number fixed         

 xtrf =   1.000 (top)        1.000 (bottom)
 Mach =   0.000     Re =    50.250 e 6     Ncrit =   9.000

  alpha     CL        CD       CDp       CM    Top Xtr Bot Xtr   Cpmin    Chinge    XCp    
 ------- -------- --------- --------- -------- ------- ------- -------- --------- ---------
 -22.000  -1.1989   0.05687   0.05372  -0.1493  0.4664  0.0015  -26.9602   0.0000   0.0886
 -21.500  -1.2407   0.04558   0.04230  -0.1582  0.4661  0.0015  -27.4053   0.0000   0.0877
 -21.000  -1.2623   0.03711   0.03373  -0.1650  0.4659  0.0016  -27.4278   0.0000   0.0864
 -20.500  -1.2642   0.03159   0.02814  -0.1691  0.4657  0.0016  -27.0645   0.0000   0.0849
 -20.000  -1.2640   0.02651   0.02296  -0.1729  0.4432  0.0016  -26.6493   0.0000   0.0834
 -19.500  -1.2494   0.02294   0.01933  -0.1751  0.4329  0.0017  -25.9878   0.0000   0.0813
 -19.000  -1.2379   0.01972   0.01604  -0.1762  0.4283  0.0017  -25.3550   0.0000   0.0805
 -18.500  -1.2002   0.01709   0.01335  -0.1805  0.4219  0.0018  -24.3939   0.0000   0.0734
 -17.500  -1.0965   0.01382   0.00988  -0.1887  0.3387  0.0020  -22.1293   0.0000   0.0530
 -17.000  -1.0427   0.01294   0.00896  -0.1902  0.3379  0.0021  -20.9793   0.0000   0.0432
 -16.500  -0.9876   0.01217   0.00816  -0.1916  0.3377  0.0022  -19.8383   0.0000   0.0321
 -16.000  -0.9325   0.01153   0.00746  -0.1926  0.3099  0.0023  -18.7224   0.0000   0.0199
 -15.500  -0.8758   0.01092   0.00679  -0.1938  0.3046  0.0024  -17.6181   0.0000   0.0055
 -15.000  -0.8187   0.01037   0.00620  -0.1948  0.2966  0.0026  -16.5370   0.0000  -0.0111
 -14.500  -0.7620   0.00992   0.00565  -0.1957  0.2416  0.0027  -15.4901   0.0000  -0.0298
 -14.000  -0.7037   0.00947   0.00516  -0.1967  0.2322  0.0029  -14.4567   0.0000  -0.0526
 -13.500  -0.6450   0.00906   0.00472  -0.1977  0.2216  0.0030  -13.5324   0.0000  -0.0799
 -13.000  -0.5858   0.00867   0.00431  -0.1987  0.2209  0.0032  -12.6330   0.0000  -0.1130
 -12.500  -0.5274   0.00838   0.00393  -0.1995  0.1767  0.0034  -11.7653   0.0000  -0.1528
 -12.000  -0.4679   0.00806   0.00359  -0.2004  0.1695  0.0036  -10.9126   0.0000  -0.2041
 -11.500  -0.4082   0.00778   0.00328  -0.2014  0.1696  0.0038  -10.0821   0.0000  -0.2707
 -11.000  -0.3485   0.00755   0.00302  -0.2022  0.1692  0.0039  -9.2840   0.0000  -0.3601
 -10.000  -0.2294   0.00720   0.00259  -0.2038  0.1436  0.0040  -7.7782   0.0000  -0.6771
  -9.500  -0.1697   0.00705   0.00241  -0.2045  0.1380  0.0041  -7.0684   0.0000  -1.0038
  -9.000  -0.1100   0.00691   0.00225  -0.2053  0.1280  0.0041  -6.3879   0.0000  -1.6870
  -8.500  -0.0501   0.00678   0.00210  -0.2061  0.1241  0.0041  -5.7342   0.0000  -4.0050
  -8.000   0.0097   0.00667   0.00197  -0.2068  0.1238  0.0042  -5.1101   0.0000  22.1692
  -7.500   0.0696   0.00657   0.00186  -0.2075  0.1235  0.0042  -4.5155   0.0000   3.3221
  -7.000   0.1294   0.00649   0.00175  -0.2083  0.1233  0.0043  -4.0472   0.0000   1.9041
  -6.500   0.1891   0.00642   0.00167  -0.2089  0.1229  0.0043  -3.6555   0.0000   1.3829
  -6.000   0.2487   0.00636   0.00160  -0.2096  0.1225  0.0043  -3.2791   0.0000   1.1122
  -5.500   0.3076   0.00638   0.00157  -0.2101  0.1015  0.0044  -2.9206   0.0000   0.9474
  -5.000   0.3668   0.00637   0.00153  -0.2107  0.0987  0.0044  -2.5753   0.0000   0.8352
  -4.500   0.4260   0.00636   0.00150  -0.2113  0.0958  0.0045  -2.2455   0.0000   0.7542
  -4.000   0.4851   0.00637   0.00149  -0.2118  0.0862  0.0045  -1.9316   0.0000   0.6930
  -3.500   0.5442   0.00638   0.00149  -0.2124  0.0844  0.0046  -1.6331   0.0000   0.6450
  -3.000   0.6031   0.00640   0.00150  -0.2129  0.0842  0.0048  -1.3503   0.0000   0.6065
  -2.500   0.6618   0.00643   0.00152  -0.2134  0.0840  0.0046  -1.0826   0.0000   0.5748
  -2.000   0.7204   0.00647   0.00155  -0.2139  0.0833  0.0053  -0.9611   0.0000   0.5482
  -1.500   0.7772   0.00666   0.00165  -0.2140  0.0511  0.0064  -1.0103   0.0000   0.5258
  -1.000   0.8351   0.00675   0.00172  -0.2143  0.0481  0.0075  -1.0625   0.0000   0.5063
  -0.500   0.8929   0.00685   0.00180  -0.2146  0.0455  0.0082  -1.1149   0.0000   0.4893
   0.000   0.9504   0.00696   0.00190  -0.2149  0.0430  0.0089  -1.1676   0.0000   0.4743
   0.500   1.0080   0.00706   0.00199  -0.2153  0.0406  0.0156  -1.2224   0.0000   0.4610
   1.000   1.0654   0.00717   0.00209  -0.2156  0.0434  0.0170  -1.2871   0.0000   0.4490
   1.500   1.1223   0.00730   0.00221  -0.2158  0.0423  0.0172  -1.3627   0.0000   0.4383
   2.000   1.1790   0.00744   0.00234  -0.2160  0.0406  0.0192  -1.4389   0.0000   0.4285
   2.500   1.2316   0.00791   0.00271  -0.2153  0.0020  0.0373  -1.5266   0.0000   0.4194
   3.500   1.3423   0.00834   0.00310  -0.2152  0.0013  0.0407  -1.7590   0.0000   0.4035
   4.000   1.3971   0.00857   0.00332  -0.2151  0.0014  0.0440  -1.9031   0.0000   0.3963
   4.500   1.4515   0.00882   0.00355  -0.2149  0.0013  0.0503  -2.0813   0.0000   0.3897
   5.000   1.5056   0.00908   0.00381  -0.2147  0.0013  0.0668  -2.2639   0.0000   0.3834
   5.500   1.5590   0.00936   0.00408  -0.2144  0.0013  0.0777  -2.4504   0.0000   0.3776
   6.000   1.6122   0.00965   0.00438  -0.2140  0.0012  0.1158  -2.6413   0.0000   0.3720
   6.500   1.6649   0.00995   0.00470  -0.2136  0.0012  0.1454  -2.8360   0.0000   0.3667
   7.000   1.7164   0.01030   0.00503  -0.2130  0.0012  0.1480  -3.0334   0.0000   0.3616
   7.500   1.7673   0.01066   0.00538  -0.2123  0.0012  0.1618  -3.2340   0.0000   0.3568
   8.000   1.8171   0.01105   0.00575  -0.2114  0.0012  0.1583  -3.4372   0.0000   0.3521
   8.500   1.8668   0.01144   0.00617  -0.2105  0.0012  0.1958  -3.6441   0.0000   0.3476
   9.000   1.9156   0.01186   0.00662  -0.2095  0.0012  0.2499  -3.9149   0.0000   0.3433
   9.500   1.9623   0.01233   0.00709  -0.2081  0.0012  0.2695  -4.2667   0.0000   0.3390
  10.000   2.0098   0.01278   0.00764  -0.2070  0.0011  0.3702  -4.8496   0.0000   0.3350
  10.500   2.0527   0.01333   0.00819  -0.2049  0.0011  0.3824  -5.4380   0.0000   0.3308
  11.000   2.0849   0.01394   0.00881  -0.2006  0.0011  0.3937  -5.9911   0.0000   0.3263
  11.500   2.1149   0.01464   0.00953  -0.1961  0.0011  0.4037  -6.5519   0.0000   0.3218
  12.000   2.1439   0.01547   0.01037  -0.1916  0.0010  0.4097  -7.1294   0.0000   0.3174
  12.500   2.1731   0.01641   0.01135  -0.1873  0.0010  0.4343  -7.7282   0.0000   0.3132
  13.500   2.2272   0.01879   0.01382  -0.1790  0.0009  0.4998  -8.9576   0.0000   0.3052
  14.000   2.2514   0.02027   0.01533  -0.1748  0.0009  0.5186  -9.5813   0.0000   0.3013
  14.500   2.2739   0.02196   0.01710  -0.1708  0.0009  0.5645  -10.2102   0.0000   0.2976
  15.000   2.2919   0.02410   0.01929  -0.1665  0.0008  0.5967  -10.8214   0.0000   0.2940
  17.000   2.2910   0.04120   0.03687  -0.1480  0.0024  0.7030  -12.7306   0.0000   0.2809
  17.500   2.2938   0.04614   0.04192  -0.1454  0.0029  0.7409  -13.2591   0.0000   0.2783
  18.000   2.2979   0.05125   0.04713  -0.1433  0.0034  0.7810  -13.8077   0.0000   0.2759
  18.500   2.3032   0.05658   0.05257  -0.1419  0.0037  0.8378  -14.3765   0.0000   0.2737
  19.000   2.3066   0.06343   0.05968  -0.1422  0.0040  1.0000  -14.9385   0.0000   0.2722
  19.500   2.2976   0.07064   0.06697  -0.1411  0.0041  1.0000  -15.3837   0.0000   0.2705


