XFLR5 v6.02 Beta

 Calculated polar for: WORTMANN FX 63-137

 1 1 Reynolds number fixed          Mach number fixed         

 xtrf =   1.000 (top)        1.000 (bottom)
 Mach =   0.000     Re =    14.250 e 6     Ncrit =   9.000

  alpha     CL        CD       CDp       CM    Top Xtr Bot Xtr   Cpmin    Chinge    XCp    
 ------- -------- --------- --------- -------- ------- ------- -------- --------- ---------
 -18.500  -1.0876   0.02936   0.02610  -0.1674  0.7165  0.0033  -22.3921   0.0000   0.0680
 -18.000  -1.0745   0.02534   0.02191  -0.1705  0.6807  0.0034  -21.8237   0.0000   0.0644
 -17.500  -1.0602   0.02171   0.01818  -0.1727  0.6692  0.0034  -21.2233   0.0000   0.0615
 -17.000  -1.0276   0.01883   0.01522  -0.1766  0.6603  0.0035  -20.4002   0.0000   0.0535
 -16.500  -0.9822   0.01657   0.01276  -0.1816  0.6117  0.0035  -19.4338   0.0000   0.0411
 -16.000  -0.9301   0.01511   0.01110  -0.1854  0.5540  0.0036  -18.3883   0.0000   0.0271
 -15.500  -0.8767   0.01415   0.01006  -0.1872  0.5394  0.0036  -17.3283   0.0000   0.0133
 -15.000  -0.8215   0.01331   0.00915  -0.1888  0.5310  0.0037  -16.2726   0.0000  -0.0028
 -14.000  -0.7027   0.02045   0.01696  -0.1754  0.4245  0.0037  -13.7024   0.0000  -0.0223
 -13.500  -0.6498   0.01850   0.01482  -0.1812  0.3720  0.0038  -12.8194   0.0000  -0.0516
 -13.000  -0.5973   0.01745   0.01366  -0.1833  0.3565  0.0038  -11.9256   0.0000  -0.0799
 -12.500  -0.5424   0.01692   0.01310  -0.1846  0.3411  0.0039  -11.0131   0.0000  -0.1138
 -12.000  -0.4839   0.01801   0.01431  -0.1839  0.3375  0.0040  -10.0174   0.0000  -0.1542
 -11.000  -0.3664   0.00950   0.00450  -0.1968  0.3075  0.0041  -8.7773   0.0000  -0.3152
 -10.500  -0.3077   0.00920   0.00410  -0.1977  0.2764  0.0042  -8.0105   0.0000  -0.4236
 -10.000  -0.2494   0.00899   0.00374  -0.1984  0.2319  0.0043  -7.2811   0.0000  -0.5812
  -9.500  -0.1893   0.00868   0.00339  -0.1995  0.2218  0.0043  -6.5781   0.0000  -0.8472
  -4.500   0.4076   0.00752   0.00182  -0.2071  0.1325  0.0045  -2.2404   0.0000   0.7665
  -4.000   0.4669   0.00751   0.00179  -0.2077  0.1266  0.0045  -1.9476   0.0000   0.7013
  -3.500   0.5259   0.00751   0.00178  -0.2083  0.1239  0.0046  -1.6555   0.0000   0.6509
  -3.000   0.5846   0.00754   0.00179  -0.2088  0.1215  0.0084  -1.3772   0.0000   0.6106
  -2.500   0.6422   0.00766   0.00186  -0.2091  0.1006  0.0096  -1.1209   0.0000   0.5779
  -2.000   0.7001   0.00775   0.00190  -0.2094  0.0948  0.0097  -0.9483   0.0000   0.5505
  -1.500   0.7586   0.00780   0.00194  -0.2099  0.0916  0.0149  -0.9977   0.0000   0.5272
  -1.000   0.8165   0.00788   0.00201  -0.2103  0.0856  0.0154  -1.0497   0.0000   0.5072
  -0.500   0.8742   0.00798   0.00209  -0.2106  0.0841  0.0157  -1.1020   0.0000   0.4898
   0.000   0.9316   0.00808   0.00219  -0.2109  0.0833  0.0160  -1.1545   0.0000   0.4745
   0.500   0.9888   0.00819   0.00229  -0.2112  0.0826  0.0163  -1.2077   0.0000   0.4610
   1.000   1.0461   0.00830   0.00239  -0.2115  0.0834  0.0172  -1.2703   0.0000   0.4489
   1.500   1.1028   0.00843   0.00253  -0.2116  0.0828  0.0189  -1.3452   0.0000   0.4379
   2.000   1.1576   0.00871   0.00277  -0.2115  0.0692  0.0252  -1.4196   0.0000   0.4280
   2.500   1.2105   0.00915   0.00309  -0.2110  0.0377  0.0381  -1.5052   0.0000   0.4189
   3.000   1.2613   0.00973   0.00355  -0.2100  0.0047  0.0444  -1.6088   0.0000   0.4104
   3.500   1.3158   0.00999   0.00381  -0.2098  0.0038  0.0650  -1.7247   0.0000   0.4026
   4.000   1.3697   0.01026   0.00408  -0.2096  0.0044  0.0666  -1.8560   0.0000   0.3954
   4.500   1.4227   0.01058   0.00438  -0.2091  0.0036  0.0752  -2.0299   0.0000   0.3886
   5.000   1.4755   0.01091   0.00472  -0.2087  0.0028  0.1024  -2.2089   0.0000   0.3823
   5.500   1.5280   0.01124   0.00508  -0.2083  0.0020  0.1446  -2.3917   0.0000   0.3764
   6.000   1.5815   0.01153   0.00549  -0.2081  0.0013  0.2482  -2.5806   0.0000   0.3709
   6.500   1.6323   0.01192   0.00590  -0.2074  0.0013  0.2785  -2.7701   0.0000   0.3655
   7.000   1.6825   0.01233   0.00635  -0.2066  0.0013  0.3251  -2.9629   0.0000   0.3604
   7.500   1.7340   0.01271   0.00686  -0.2062  0.0012  0.4323  -3.1623   0.0000   0.3557
   8.000   1.7783   0.01327   0.00734  -0.2042  0.0012  0.3708  -3.3530   0.0000   0.3507
   8.500   1.8262   0.01375   0.00793  -0.2031  0.0012  0.4644  -3.5539   0.0000   0.3462
   9.000   1.8697   0.01433   0.00854  -0.2011  0.0012  0.4942  -3.7815   0.0000   0.3416
   9.500   1.9019   0.01498   0.00921  -0.1968  0.0012  0.5004  -4.0190   0.0000   0.3366
  10.000   1.9349   0.01572   0.01001  -0.1929  0.0011  0.5417  -4.4085   0.0000   0.3319
  10.500   1.9667   0.01659   0.01091  -0.1890  0.0011  0.5638  -4.9081   0.0000   0.3273
  11.000   1.9975   0.01758   0.01196  -0.1851  0.0011  0.5972  -5.4240   0.0000   0.3229
  11.500   2.0262   0.01874   0.01319  -0.1811  0.0011  0.6352  -5.9486   0.0000   0.3186
  12.000   2.0545   0.02007   0.01460  -0.1773  0.0011  0.6795  -6.4895   0.0000   0.3145
  12.500   2.0800   0.02162   0.01620  -0.1734  0.0010  0.7040  -7.0526   0.0000   0.3105
  13.000   2.1022   0.02346   0.01812  -0.1694  0.0010  0.7392  -7.5982   0.0000   0.3066
  13.500   2.1237   0.02559   0.02036  -0.1658  0.0009  0.7919  -8.1562   0.0000   0.3030
  14.000   2.1478   0.02798   0.02293  -0.1631  0.0009  0.9008  -8.7494   0.0000   0.2997
  15.000   2.1804   0.03378   0.02894  -0.1565  0.0009  1.0000  -9.8682   0.0000   0.2931
  15.500   2.1925   0.03730   0.03252  -0.1534  0.0008  1.0000  -10.4167   0.0000   0.2901
  16.000   2.2016   0.04118   0.03647  -0.1504  0.0008  1.0000  -10.9539   0.0000   0.2872
  16.500   2.2080   0.04562   0.04098  -0.1477  0.0008  1.0000  -11.4800   0.0000   0.2844
  17.000   2.2192   0.04976   0.04518  -0.1456  0.0008  1.0000  -12.0581   0.0000   0.2818
  17.500   2.2215   0.05516   0.05066  -0.1436  0.0008  1.0000  -12.5692   0.0000   0.2795
  18.000   2.2211   0.06109   0.05668  -0.1420  0.0007  1.0000  -13.0631   0.0000   0.2774
  18.500   2.2181   0.06751   0.06319  -0.1408  0.0007  1.0000  -13.5418   0.0000   0.2755
  19.000   2.2120   0.07447   0.07025  -0.1401  0.0007  1.0000  -13.9935   0.0000   0.2739
  19.500   2.2135   0.08017   0.07602  -0.1394  0.0007  1.0000  -14.5260   0.0000   0.2720
  20.000   2.2001   0.08813   0.08410  -0.1394  0.0007  1.0000  -14.9131   0.0000   0.2709


