XFLR5 v6.02 Beta

 Calculated polar for: WORTMANN FX 63-137

 1 1 Reynolds number fixed          Mach number fixed         

 xtrf =   1.000 (top)        1.000 (bottom)
 Mach =   0.000     Re =    79.250 e 6     Ncrit =   9.000

  alpha     CL        CD       CDp       CM    Top Xtr Bot Xtr   Cpmin    Chinge    XCp    
 ------- -------- --------- --------- -------- ------- ------- -------- --------- ---------
 -22.500  -1.2868   0.05130   0.04812  -0.1553  0.4013  0.0014  -29.0518   0.0000   0.0922
 -22.000  -1.3197   0.04152   0.03823  -0.1630  0.4013  0.0014  -29.2935   0.0000   0.0914
 -20.500  -1.3241   0.02520   0.02171  -0.1751  0.4012  0.0014  -28.1260   0.0000   0.0873
 -20.000  -1.3111   0.02144   0.01791  -0.1777  0.4011  0.0014  -27.4703   0.0000   0.0854
 -18.500  -1.2009   0.01422   0.01049  -0.1887  0.3632  0.0014  -24.5391   0.0000   0.0667
 -18.000  -1.1504   0.01335   0.00951  -0.1900  0.2978  0.0014  -23.3748   0.0000   0.0594
 -17.500  -1.0967   0.01256   0.00869  -0.1913  0.2898  0.0015  -22.1930   0.0000   0.0507
 -17.000  -1.0418   0.01187   0.00797  -0.1925  0.2825  0.0016  -21.0208   0.0000   0.0409
 -16.500  -0.9859   0.01125   0.00732  -0.1936  0.2785  0.0017  -19.8642   0.0000   0.0297
 -16.000  -0.9293   0.01068   0.00673  -0.1946  0.2781  0.0017  -18.7269   0.0000   0.0170
 -15.500  -0.8720   0.01017   0.00619  -0.1956  0.2777  0.0018  -17.6117   0.0000   0.0023
 -15.000  -0.8154   0.00976   0.00570  -0.1964  0.2250  0.0020  -16.5334   0.0000  -0.0140
 -14.500  -0.7573   0.00933   0.00524  -0.1974  0.2213  0.0021  -15.4686   0.0000  -0.0337
 -13.500  -0.6406   0.00861   0.00443  -0.1991  0.1881  0.0023  -13.5099   0.0000  -0.0843
 -13.000  -0.5816   0.00827   0.00407  -0.2000  0.1766  0.0024  -12.6126   0.0000  -0.1179
 -12.500  -0.5226   0.00798   0.00373  -0.2008  0.1472  0.0026  -11.7425   0.0000  -0.1590
 -12.000  -0.4632   0.00769   0.00340  -0.2017  0.1405  0.0028  -10.8959   0.0000  -0.2114
 -11.500  -0.4034   0.00740   0.00309  -0.2027  0.1419  0.0031  -10.0731   0.0000  -0.2801
 -11.000  -0.3436   0.00715   0.00282  -0.2036  0.1382  0.0034  -9.2777   0.0000  -0.3726
 -10.500  -0.2836   0.00693   0.00258  -0.2044  0.1337  0.0037  -8.5081   0.0000  -0.5047
 -10.000  -0.2237   0.00674   0.00237  -0.2053  0.1289  0.0039  -7.7648   0.0000  -0.7076
  -9.500  -0.1638   0.00659   0.00220  -0.2061  0.1242  0.0040  -7.0524   0.0000  -1.0585
  -9.000  -0.1040   0.00646   0.00205  -0.2068  0.1236  0.0041  -6.3702   0.0000  -1.8134
  -8.500  -0.0441   0.00634   0.00192  -0.2076  0.1233  0.0041  -5.7160   0.0000  -4.6193
  -8.000   0.0157   0.00624   0.00181  -0.2083  0.1229  0.0042  -5.0916   0.0000  13.9046
  -7.000   0.1348   0.00612   0.00162  -0.2096  0.1019  0.0043  -4.0407   0.0000   1.8472
  -6.500   0.1943   0.00608   0.00155  -0.2102  0.0993  0.0043  -3.6490   0.0000   1.3588
  -6.000   0.2538   0.00604   0.00149  -0.2108  0.0965  0.0043  -3.2724   0.0000   1.0997
  -5.500   0.3133   0.00601   0.00145  -0.2115  0.0940  0.0044  -2.9112   0.0000   0.9390
  -5.000   0.3727   0.00599   0.00142  -0.2121  0.0901  0.0044  -2.5654   0.0000   0.8296
  -4.500   0.4320   0.00598   0.00140  -0.2126  0.0843  0.0044  -2.2352   0.0000   0.7504
  -4.000   0.4912   0.00598   0.00139  -0.2132  0.0842  0.0045  -1.9204   0.0000   0.6903
  -3.500   0.5503   0.00599   0.00139  -0.2138  0.0841  0.0045  -1.6217   0.0000   0.6431
  -3.000   0.6093   0.00601   0.00140  -0.2143  0.0840  0.0046  -1.3389   0.0000   0.6051
  -2.500   0.6681   0.00604   0.00142  -0.2148  0.0837  0.0046  -1.0715   0.0000   0.5738
  -2.000   0.7249   0.00623   0.00151  -0.2149  0.0454  0.0046  -0.9636   0.0000   0.5478
  -1.500   0.7832   0.00630   0.00156  -0.2153  0.0426  0.0053  -1.0143   0.0000   0.5253
  -1.000   0.8413   0.00637   0.00162  -0.2157  0.0404  0.0061  -1.0667   0.0000   0.5060
  -0.500   0.8993   0.00645   0.00169  -0.2160  0.0383  0.0068  -1.1194   0.0000   0.4891
   0.000   0.9571   0.00654   0.00177  -0.2164  0.0381  0.0072  -1.1724   0.0000   0.4742
   0.500   1.0146   0.00664   0.00186  -0.2167  0.0380  0.0090  -1.2276   0.0000   0.4610
   1.000   1.0722   0.00674   0.00195  -0.2170  0.0382  0.0169  -1.2931   0.0000   0.4491
   1.500   1.1293   0.00686   0.00206  -0.2173  0.0382  0.0171  -1.3689   0.0000   0.4384
   2.000   1.1842   0.00715   0.00228  -0.2171  0.0174  0.0197  -1.4434   0.0000   0.4286
   2.500   1.2392   0.00743   0.00253  -0.2169  0.0013  0.0369  -1.5347   0.0000   0.4196
   3.000   1.2950   0.00762   0.00270  -0.2169  0.0013  0.0379  -1.6511   0.0000   0.4113
   3.500   1.3504   0.00783   0.00289  -0.2169  0.0013  0.0384  -1.7694   0.0000   0.4037
   4.000   1.4055   0.00805   0.00309  -0.2168  0.0013  0.0404  -1.9175   0.0000   0.3966
   4.500   1.4602   0.00828   0.00330  -0.2167  0.0013  0.0459  -2.0967   0.0000   0.3900
   5.500   1.5685   0.00878   0.00379  -0.2163  0.0013  0.0705  -2.4683   0.0000   0.3779
   6.000   1.6221   0.00905   0.00407  -0.2160  0.0012  0.1035  -2.6605   0.0000   0.3724
   6.500   1.6748   0.00935   0.00435  -0.2156  0.0012  0.1127  -2.8560   0.0000   0.3671
   7.000   1.7271   0.00966   0.00465  -0.2151  0.0012  0.1237  -3.0554   0.0000   0.3621
   7.500   1.7789   0.00999   0.00498  -0.2146  0.0012  0.1457  -3.2583   0.0000   0.3573
   8.000   1.8296   0.01034   0.00532  -0.2138  0.0012  0.1457  -3.4638   0.0000   0.3526
   8.500   1.8795   0.01072   0.00569  -0.2129  0.0012  0.1476  -3.6721   0.0000   0.3481
   9.000   1.9292   0.01111   0.00610  -0.2121  0.0012  0.2011  -3.9542   0.0000   0.3438
  10.000   2.0245   0.01198   0.00699  -0.2097  0.0012  0.2603  -4.9398   0.0000   0.3355
  10.500   2.0706   0.01245   0.00750  -0.2082  0.0011  0.3131  -5.5520   0.0000   0.3315
  11.000   2.1136   0.01299   0.00803  -0.2062  0.0011  0.3232  -6.1756   0.0000   0.3275
  11.500   2.1464   0.01358   0.00862  -0.2021  0.0011  0.3303  -6.7622   0.0000   0.3231
  12.000   2.1748   0.01426   0.00931  -0.1972  0.0010  0.3313  -7.3433   0.0000   0.3186
  12.500   2.2036   0.01507   0.01014  -0.1926  0.0010  0.3392  -7.9481   0.0000   0.3143
  13.000   2.2318   0.01601   0.01112  -0.1882  0.0009  0.3702  -8.5698   0.0000   0.3102
  14.000   2.2510   0.02028   0.01562  -0.1745  0.0021  0.4423  -9.5580   0.0000   0.3012
  14.500   2.2705   0.02204   0.01741  -0.1699  0.0022  0.4522  -10.1651   0.0000   0.2974
  15.000   2.2865   0.02429   0.01973  -0.1654  0.0027  0.4771  -10.7573   0.0000   0.2937
  15.500   2.3008   0.02693   0.02243  -0.1612  0.0031  0.5063  -11.3469   0.0000   0.2902
  16.000   2.3133   0.02993   0.02550  -0.1573  0.0036  0.5315  -11.9337   0.0000   0.2869
  16.500   2.3239   0.03328   0.02892  -0.1536  0.0039  0.5557  -12.5180   0.0000   0.2838
  17.000   2.3319   0.03707   0.03278  -0.1503  0.0042  0.5763  -13.0909   0.0000   0.2808
  17.500   2.3368   0.04121   0.03700  -0.1472  0.0046  0.6030  -13.6455   0.0000   0.2780
  18.000   2.3391   0.04610   0.04198  -0.1445  0.0046  0.6290  -14.1892   0.0000   0.2754
  18.500   2.3497   0.05023   0.04617  -0.1424  0.0046  0.6530  -14.8211   0.0000   0.2728
  19.000   2.3477   0.05614   0.05217  -0.1405  0.0047  0.6865  -15.3423   0.0000   0.2706
  19.500   2.3422   0.06262   0.05875  -0.1390  0.0047  0.7080  -15.8343   0.0000   0.2686
  20.000   2.3335   0.06982   0.06606  -0.1382  0.0047  0.7433  -16.2995   0.0000   0.2670
  20.500   2.3210   0.07767   0.07403  -0.1378  0.0047  0.7733  -16.7265   0.0000   0.2656
  21.000   2.3034   0.08598   0.08246  -0.1379  0.0047  0.8015  -17.1015   0.0000   0.2644
  22.000   2.2821   0.10161   0.09828  -0.1393  0.0047  0.8344  -17.9915   0.0000   0.2623
  22.500   2.2584   0.11158   0.10837  -0.1414  0.0047  0.8454  -18.2809   0.0000   0.2622


