XFLR5 v6.02 Beta

 Calculated polar for: WORTMANN FX 63-137

 1 1 Reynolds number fixed          Mach number fixed         

 xtrf =   1.000 (top)        1.000 (bottom)
 Mach =   0.000     Re =    17.250 e 6     Ncrit =   9.000

  alpha     CL        CD       CDp       CM    Top Xtr Bot Xtr   Cpmin    Chinge    XCp    
 ------- -------- --------- --------- -------- ------- ------- -------- --------- ---------
 -20.000  -1.1234   0.04315   0.04017  -0.1559  0.7260  0.0031  -24.0660   0.0000   0.0791
 -19.500  -1.1377   0.03522   0.03210  -0.1628  0.7191  0.0032  -23.9890   0.0000   0.0765
 -19.000  -1.1384   0.02933   0.02602  -0.1681  0.6844  0.0032  -23.6519   0.0000   0.0736
 -18.500  -1.1259   0.02524   0.02181  -0.1712  0.6592  0.0032  -23.0774   0.0000   0.0704
 -17.500  -1.0827   0.01874   0.01513  -0.1768  0.6347  0.0033  -21.6612   0.0000   0.0615
 -17.000  -1.0369   0.01641   0.01266  -0.1818  0.6032  0.0034  -20.6667   0.0000   0.0502
 -16.500  -0.9855   0.01490   0.01091  -0.1859  0.5317  0.0035  -19.6062   0.0000   0.0375
 -16.000  -0.9334   0.01397   0.00987  -0.1875  0.4991  0.0035  -18.5351   0.0000   0.0257
 -15.500  -0.8790   0.01317   0.00898  -0.1889  0.4872  0.0036  -17.4608   0.0000   0.0120
 -15.000  -0.8234   0.01246   0.00821  -0.1902  0.4709  0.0036  -16.3992   0.0000  -0.0039
 -14.500  -0.7666   0.01181   0.00750  -0.1915  0.4653  0.0037  -15.3516   0.0000  -0.0226
 -14.000  -0.7113   0.01134   0.00689  -0.1923  0.4236  0.0037  -14.3477   0.0000  -0.0431
 -13.500  -0.6565   0.01099   0.00632  -0.1928  0.3390  0.0038  -13.3823   0.0000  -0.0667
 -13.000  -0.5980   0.01051   0.00581  -0.1939  0.3371  0.0038  -12.4122   0.0000  -0.0976
 -12.500  -0.5403   0.01015   0.00536  -0.1948  0.3099  0.0039  -11.5330   0.0000  -0.1345
 -12.000  -0.4818   0.00980   0.00493  -0.1957  0.2971  0.0039  -10.6691   0.0000  -0.1812
 -11.500  -0.4229   0.00949   0.00457  -0.1967  0.2891  0.0040  -9.7888   0.0000  -0.2413
 -11.000  -0.3635   0.00916   0.00419  -0.1976  0.2776  0.0041  -8.9687   0.0000  -0.3221
 -10.500  -0.3057   0.00897   0.00387  -0.1983  0.2223  0.0041  -8.1928   0.0000  -0.4301
 -10.000  -0.2458   0.00868   0.00354  -0.1993  0.2208  0.0042  -7.4386   0.0000  -0.5970
  -8.500  -0.0669   0.00806   0.00272  -0.2019  0.1735  0.0043  -5.4580   0.0000  -2.8739
  -8.000  -0.0068   0.00788   0.00251  -0.2028  0.1699  0.0043  -4.8462   0.0000  -30.5800
  -7.500   0.0533   0.00772   0.00232  -0.2036  0.1690  0.0044  -4.3025   0.0000   4.1845
  -6.000   0.2322   0.00746   0.00195  -0.2058  0.1405  0.0044  -3.2263   0.0000   1.1566
  -5.500   0.2918   0.00741   0.00187  -0.2064  0.1350  0.0044  -2.8887   0.0000   0.9725
  -5.000   0.3514   0.00735   0.00181  -0.2071  0.1295  0.0044  -2.5596   0.0000   0.8507
  -4.500   0.4109   0.00731   0.00176  -0.2078  0.1244  0.0045  -2.2554   0.0000   0.7642
  -3.500   0.5292   0.00730   0.00173  -0.2090  0.1230  0.0046  -1.6532   0.0000   0.6498
  -3.000   0.5867   0.00743   0.00178  -0.2093  0.0999  0.0076  -1.3757   0.0000   0.6102
  -2.500   0.6452   0.00748   0.00180  -0.2097  0.0962  0.0086  -1.1102   0.0000   0.5775
  -2.000   0.7035   0.00754   0.00183  -0.2102  0.0905  0.0088  -0.9504   0.0000   0.5501
  -1.500   0.7620   0.00758   0.00188  -0.2107  0.0872  0.0145  -1.0001   0.0000   0.5269
  -1.000   0.8200   0.00766   0.00194  -0.2110  0.0842  0.0153  -1.0522   0.0000   0.5070
  -0.500   0.8777   0.00775   0.00203  -0.2114  0.0835  0.0156  -1.1045   0.0000   0.4897
   0.000   0.9352   0.00785   0.00212  -0.2117  0.0828  0.0158  -1.1571   0.0000   0.4745
   0.500   0.9925   0.00797   0.00223  -0.2120  0.0817  0.0162  -1.2106   0.0000   0.4610
   1.000   1.0498   0.00806   0.00232  -0.2123  0.0830  0.0172  -1.2736   0.0000   0.4489
   1.500   1.1066   0.00819   0.00245  -0.2125  0.0821  0.0183  -1.3488   0.0000   0.4380
   2.000   1.1606   0.00855   0.00270  -0.2121  0.0619  0.0239  -1.4224   0.0000   0.4281
   2.500   1.2146   0.00889   0.00299  -0.2118  0.0371  0.0379  -1.5096   0.0000   0.4190
   3.000   1.2657   0.00946   0.00344  -0.2109  0.0039  0.0412  -1.6143   0.0000   0.4105
   3.500   1.3201   0.00972   0.00369  -0.2107  0.0032  0.0510  -1.7302   0.0000   0.4027
   4.000   1.3744   0.00998   0.00395  -0.2105  0.0038  0.0659  -1.8636   0.0000   0.3956
   4.500   1.4275   0.01029   0.00425  -0.2101  0.0030  0.0697  -2.0386   0.0000   0.3888
   5.000   1.4804   0.01061   0.00457  -0.2097  0.0023  0.0849  -2.2180   0.0000   0.3825
   5.500   1.5328   0.01094   0.00490  -0.2092  0.0016  0.1153  -2.4010   0.0000   0.3766
   6.000   1.5860   0.01124   0.00529  -0.2089  0.0013  0.2017  -2.5897   0.0000   0.3710
   6.500   1.6377   0.01160   0.00569  -0.2084  0.0013  0.2484  -2.7809   0.0000   0.3657
   7.000   1.6879   0.01200   0.00611  -0.2076  0.0012  0.2782  -2.9742   0.0000   0.3606
   7.500   1.7390   0.01238   0.00659  -0.2071  0.0012  0.3701  -3.1733   0.0000   0.3558
   8.000   1.7842   0.01292   0.00705  -0.2052  0.0012  0.3097  -3.3660   0.0000   0.3509
   8.500   1.8337   0.01335   0.00762  -0.2045  0.0012  0.4323  -3.5704   0.0000   0.3465
   9.000   1.8778   0.01391   0.00819  -0.2026  0.0012  0.4521  -3.8049   0.0000   0.3419
   9.500   1.9160   0.01451   0.00882  -0.1995  0.0012  0.4741  -4.0592   0.0000   0.3372
  10.000   1.9491   0.01518   0.00957  -0.1956  0.0011  0.5281  -4.4911   0.0000   0.3325
  10.500   1.9802   0.01599   0.01039  -0.1913  0.0011  0.5326  -4.9921   0.0000   0.3278
  11.000   2.0119   0.01690   0.01136  -0.1875  0.0011  0.5640  -5.5180   0.0000   0.3234
  11.500   2.0407   0.01797   0.01249  -0.1833  0.0011  0.5954  -6.0482   0.0000   0.3191
  12.000   2.0684   0.01923   0.01380  -0.1793  0.0011  0.6297  -6.5931   0.0000   0.3149
  12.500   2.0949   0.02067   0.01532  -0.1754  0.0010  0.6689  -7.1626   0.0000   0.3109
  13.000   2.1192   0.02234   0.01705  -0.1715  0.0010  0.7005  -7.7270   0.0000   0.3070
  13.500   2.1411   0.02427   0.01906  -0.1677  0.0009  0.7385  -8.2920   0.0000   0.3032
  14.000   2.1627   0.02649   0.02138  -0.1642  0.0009  0.7909  -8.8728   0.0000   0.2997
  14.500   2.1846   0.02902   0.02406  -0.1614  0.0009  0.8779  -9.4726   0.0000   0.2964
  15.000   2.2036   0.03183   0.02706  -0.1585  0.0009  1.0000  -10.0654   0.0000   0.2933
  15.500   2.2173   0.03509   0.03036  -0.1553  0.0008  1.0000  -10.6333   0.0000   0.2902
  16.000   2.2284   0.03875   0.03408  -0.1523  0.0008  1.0000  -11.1929   0.0000   0.2872
  16.500   2.2353   0.04287   0.03827  -0.1493  0.0008  1.0000  -11.7305   0.0000   0.2844
  17.000   2.2406   0.04756   0.04303  -0.1468  0.0008  1.0000  -12.2637   0.0000   0.2817
  17.500   2.2440   0.05272   0.04826  -0.1447  0.0008  1.0000  -12.7900   0.0000   0.2793
  18.000   2.2446   0.05844   0.05407  -0.1429  0.0007  1.0000  -13.3003   0.0000   0.2771
  18.500   2.2517   0.06338   0.05907  -0.1415  0.0007  1.0000  -13.8804   0.0000   0.2749
  19.000   2.2466   0.07008   0.06587  -0.1405  0.0007  1.0000  -14.3515   0.0000   0.2731
  19.500   2.2385   0.07731   0.07320  -0.1399  0.0007  1.0000  -14.7959   0.0000   0.2716
  20.000   2.2259   0.08494   0.08093  -0.1396  0.0006  1.0000  -15.1983   0.0000   0.2703


