XFLR5 v6.02 Beta

 Calculated polar for: WORTMANN FX 63-137

 1 1 Reynolds number fixed          Mach number fixed         

 xtrf =   1.000 (top)        1.000 (bottom)
 Mach =   0.000     Re =     7.250 e 6     Ncrit =   9.000

  alpha     CL        CD       CDp       CM    Top Xtr Bot Xtr   Cpmin    Chinge    XCp    
 ------- -------- --------- --------- -------- ------- ------- -------- --------- ---------
 -16.500  -0.8615   0.03267   0.02968  -0.1616  0.7799  0.0039  -17.1102   0.0000   0.0356
 -16.000  -0.8584   0.02684   0.02367  -0.1669  0.7590  0.0039  -16.7880   0.0000   0.0303
 -15.500  -0.8481   0.02261   0.01926  -0.1701  0.7332  0.0039  -16.3280   0.0000   0.0256
 -15.000  -0.8110   0.01919   0.01570  -0.1761  0.7158  0.0040  -15.5790   0.0000   0.0097
 -14.500  -0.7596   0.01657   0.01287  -0.1830  0.6796  0.0040  -14.6842   0.0000  -0.0138
 -14.000  -0.7067   0.01512   0.01129  -0.1859  0.6646  0.0041  -13.7565   0.0000  -0.0359
 -13.500  -0.6528   0.01396   0.00999  -0.1880  0.6444  0.0042  -12.8395   0.0000  -0.0609
 -13.000  -0.6021   0.01329   0.00899  -0.1887  0.5608  0.0042  -11.9667   0.0000  -0.0865
 -12.500  -0.5463   0.01255   0.00809  -0.1900  0.5325  0.0043  -11.0743   0.0000  -0.1214
 -12.000  -0.4882   0.01183   0.00731  -0.1915  0.5282  0.0044  -10.1866   0.0000  -0.1668
  -3.500   0.5147   0.00818   0.00195  -0.2057  0.1689  0.0080  -1.6593   0.0000   0.6545
  -3.000   0.5747   0.00811   0.00192  -0.2065  0.1669  0.0144  -1.3942   0.0000   0.6129
  -2.500   0.6309   0.00835   0.00201  -0.2066  0.1321  0.0151  -1.1281   0.0000   0.5798
  -2.000   0.6891   0.00841   0.00205  -0.2070  0.1236  0.0151  -0.9414   0.0000   0.5518
  -1.500   0.7473   0.00847   0.00209  -0.2074  0.1226  0.0156  -0.9900   0.0000   0.5281
  -1.000   0.8051   0.00855   0.00216  -0.2078  0.1207  0.0160  -1.0419   0.0000   0.5078
  -0.500   0.8607   0.00881   0.00232  -0.2078  0.0984  0.0163  -1.0925   0.0000   0.4903
   0.000   0.9177   0.00895   0.00243  -0.2080  0.0940  0.0165  -1.1444   0.0000   0.4748
   0.500   0.9745   0.00909   0.00254  -0.2082  0.0876  0.0170  -1.1967   0.0000   0.4610
   1.000   1.0312   0.00923   0.00268  -0.2084  0.0851  0.0173  -1.2584   0.0000   0.4488
   1.500   1.0875   0.00938   0.00283  -0.2085  0.0842  0.0230  -1.3309   0.0000   0.4377
   2.000   1.1438   0.00953   0.00302  -0.2086  0.0837  0.0365  -1.4062   0.0000   0.4277
   2.500   1.1954   0.01005   0.00341  -0.2079  0.0503  0.0418  -1.4888   0.0000   0.4185
   3.000   1.2494   0.01036   0.00371  -0.2076  0.0416  0.0664  -1.5909   0.0000   0.4100
   3.500   1.3034   0.01063   0.00396  -0.2074  0.0380  0.0752  -1.7068   0.0000   0.4022
   4.000   1.3573   0.01088   0.00424  -0.2071  0.0376  0.0847  -1.8344   0.0000   0.3950
   4.500   1.4106   0.01117   0.00454  -0.2068  0.0360  0.1140  -2.0100   0.0000   0.3882
   5.000   1.4597   0.01178   0.00508  -0.2057  0.0168  0.1579  -2.1701   0.0000   0.3818
   5.500   1.5093   0.01238   0.00576  -0.2048  0.0039  0.2481  -2.3562   0.0000   0.3758
   6.000   1.5640   0.01267   0.00629  -0.2051  0.0023  0.4143  -2.5460   0.0000   0.3704
   6.500   1.6135   0.01312   0.00677  -0.2042  0.0016  0.4497  -2.7313   0.0000   0.3650
   7.000   1.6622   0.01359   0.00730  -0.2031  0.0014  0.4957  -2.9199   0.0000   0.3598
   7.500   1.7084   0.01414   0.00787  -0.2016  0.0013  0.5241  -3.1084   0.0000   0.3548
   8.000   1.7518   0.01474   0.00849  -0.1995  0.0013  0.5311  -3.2957   0.0000   0.3498
   8.500   1.7873   0.01539   0.00916  -0.1959  0.0013  0.5461  -3.4709   0.0000   0.3446
   9.000   1.8213   0.01613   0.00994  -0.1921  0.0012  0.5648  -3.6468   0.0000   0.3396
   9.500   1.8554   0.01696   0.01086  -0.1886  0.0012  0.6215  -3.8847   0.0000   0.3348
  10.000   1.8877   0.01793   0.01191  -0.1849  0.0012  0.6558  -4.1232   0.0000   0.3302
  10.500   1.9170   0.01908   0.01314  -0.1809  0.0012  0.6899  -4.5862   0.0000   0.3257
  11.000   1.9449   0.02043   0.01455  -0.1770  0.0011  0.7146  -5.0586   0.0000   0.3213
  11.500   1.9714   0.02199   0.01620  -0.1731  0.0011  0.7498  -5.5331   0.0000   0.3171
  12.000   1.9947   0.02389   0.01824  -0.1693  0.0011  0.8037  -5.9841   0.0000   0.3131
  13.000   2.0370   0.02837   0.02308  -0.1622  0.0011  1.0000  -6.9892   0.0000   0.3057
  13.500   2.0580   0.03083   0.02555  -0.1591  0.0010  1.0000  -7.6114   0.0000   0.3022
  14.000   2.0736   0.03390   0.02869  -0.1558  0.0009  1.0000  -8.1221   0.0000   0.2989
  14.500   2.0866   0.03738   0.03225  -0.1527  0.0009  1.0000  -8.6276   0.0000   0.2958
  15.000   2.0970   0.04121   0.03615  -0.1498  0.0009  1.0000  -9.1263   0.0000   0.2928
  15.500   2.1043   0.04557   0.04059  -0.1471  0.0009  1.0000  -9.6126   0.0000   0.2900
  16.000   2.1143   0.04989   0.04500  -0.1449  0.0009  1.0000  -10.1236   0.0000   0.2874
  16.500   2.1179   0.05520   0.05040  -0.1430  0.0008  1.0000  -10.6012   0.0000   0.2850
  17.000   2.1189   0.06103   0.05634  -0.1414  0.0008  1.0000  -11.0659   0.0000   0.2829
  17.500   2.1175   0.06735   0.06276  -0.1402  0.0008  1.0000  -11.5158   0.0000   0.2810
  18.000   2.1130   0.07420   0.06972  -0.1395  0.0008  1.0000  -11.9437   0.0000   0.2794
  18.500   2.1144   0.08009   0.07571  -0.1389  0.0008  1.0000  -12.4317   0.0000   0.2776
  19.000   2.1031   0.08791   0.08366  -0.1389  0.0007  1.0000  -12.8039   0.0000   0.2765
  19.500   2.0921   0.09608   0.09196  -0.1396  0.0007  1.0000  -13.1854   0.0000   0.2757
  20.000   2.0783   0.10478   0.10080  -0.1409  0.0007  1.0000  -13.5286   0.0000   0.2752


