XFLR5 v6.02 Beta

 Calculated polar for: WORTMANN FX 63-137

 1 1 Reynolds number fixed          Mach number fixed         

 xtrf =   1.000 (top)        1.000 (bottom)
 Mach =   0.000     Re =    71.250 e 6     Ncrit =   9.000

  alpha     CL        CD       CDp       CM    Top Xtr Bot Xtr   Cpmin    Chinge    XCp    
 ------- -------- --------- --------- -------- ------- ------- -------- --------- ---------
 -22.000  -1.2912   0.04512   0.04184  -0.1597  0.4018  0.0014  -28.7495   0.0000   0.0908
 -21.500  -1.3130   0.03675   0.03337  -0.1664  0.4018  0.0014  -28.7649   0.0000   0.0896
 -21.000  -1.3156   0.03123   0.02779  -0.1705  0.4017  0.0014  -28.3981   0.0000   0.0883
 -20.500  -1.3146   0.02624   0.02273  -0.1741  0.4013  0.0014  -27.9546   0.0000   0.0869
 -19.500  -0.3070   0.17721   0.17466  -0.0791  0.1692  0.0015  -5.5827   0.0000  -0.0620
 -19.000  -0.2900   0.17175   0.16918  -0.0824  0.1691  0.0016  -5.3956   0.0000  -0.0896
 -18.500  -0.2732   0.16625   0.16367  -0.0856  0.1692  0.0018  -5.2145   0.0000  -0.1202
 -18.000  -0.2566   0.16073   0.15813  -0.0887  0.1691  0.0019  -5.0396   0.0000  -0.1543
 -17.500  -0.2404   0.15521   0.15261  -0.0918  0.1691  0.0020  -4.8724   0.0000  -0.1922
 -17.000  -0.2252   0.14988   0.14724  -0.0945  0.1457  0.0022  -4.7163   0.0000  -0.2323
 -16.500  -0.2100   0.14450   0.14183  -0.0974  0.1431  0.0024  -4.5668   0.0000  -0.2787
 -16.000  -0.1943   0.13880   0.13612  -0.1003  0.1404  0.0025  -4.4222   0.0000  -0.3342
 -15.500  -0.1789   0.13302   0.13034  -0.1032  0.1378  0.0027  -4.2870   0.0000  -0.3984
 -15.000  -0.1639   0.12717   0.12447  -0.1061  0.1352  0.0029  -4.1670   0.0000  -0.4727
 -14.500  -0.1495   0.12124   0.11854  -0.1089  0.1328  0.0031  -4.0936   0.0000  -0.5588
 -14.000  -0.1358   0.11537   0.11266  -0.1117  0.1265  0.0031  -4.0280   0.0000  -0.6578
 -13.500  -0.1238   0.10948   0.10677  -0.1144  0.1241  0.0033  -3.9866   0.0000  -0.7645
 -13.000  -0.1119   0.10312   0.10040  -0.1175  0.1240  0.0035  -3.9631   0.0000  -0.8962
 -12.500  -0.1017   0.09647   0.09376  -0.1206  0.1239  0.0037  -3.9686   0.0000  -1.0384
 -12.000  -0.0950   0.08952   0.08681  -0.1239  0.1238  0.0038  -4.0209   0.0000  -1.1608
 -11.500  -0.0933   0.08137   0.07867  -0.1280  0.1237  0.0039  -4.1694   0.0000  -1.2258
 -11.000  -0.3579   0.01540   0.01201  -0.1919  0.1415  0.0034  -8.8336   0.0000  -0.3143
 -10.000  -0.2250   0.00684   0.00242  -0.2049  0.1320  0.0040  -7.7683   0.0000  -0.7006
  -9.500  -0.1652   0.00669   0.00225  -0.2057  0.1269  0.0041  -7.0565   0.0000  -1.0459
  -9.000  -0.1053   0.00656   0.00209  -0.2065  0.1237  0.0041  -6.3746   0.0000  -1.7838
  -8.500  -0.0455   0.00644   0.00196  -0.2072  0.1235  0.0041  -5.7205   0.0000  -4.4672
  -8.000   0.0144   0.00634   0.00184  -0.2080  0.1232  0.0042  -5.0962   0.0000  15.1592
  -7.500   0.0742   0.00625   0.00174  -0.2087  0.1228  0.0042  -4.5015   0.0000   3.1452
  -6.500   0.1931   0.00616   0.00158  -0.2099  0.1011  0.0043  -3.6510   0.0000   1.3645
  -6.000   0.2525   0.00612   0.00152  -0.2105  0.0983  0.0043  -3.2747   0.0000   1.1028
  -5.500   0.3120   0.00610   0.00148  -0.2111  0.0956  0.0044  -2.9136   0.0000   0.9409
  -5.000   0.3713   0.00608   0.00144  -0.2117  0.0928  0.0044  -2.5679   0.0000   0.8309
  -4.500   0.4306   0.00607   0.00142  -0.2123  0.0862  0.0044  -2.2377   0.0000   0.7512
  -4.000   0.4898   0.00607   0.00141  -0.2129  0.0842  0.0045  -1.9230   0.0000   0.6909
  -3.500   0.5489   0.00608   0.00141  -0.2134  0.0841  0.0045  -1.6243   0.0000   0.6436
  -3.000   0.6079   0.00610   0.00142  -0.2140  0.0840  0.0046  -1.3415   0.0000   0.6054
  -2.500   0.6667   0.00613   0.00144  -0.2145  0.0838  0.0046  -1.0740   0.0000   0.5740
  -2.000   0.7236   0.00631   0.00153  -0.2146  0.0474  0.0048  -0.9628   0.0000   0.5479
  -1.500   0.7818   0.00638   0.00158  -0.2150  0.0444  0.0055  -1.0134   0.0000   0.5254
  -1.000   0.8399   0.00646   0.00165  -0.2154  0.0420  0.0064  -1.0657   0.0000   0.5061
  -0.500   0.8978   0.00654   0.00172  -0.2157  0.0398  0.0071  -1.1184   0.0000   0.4891
   0.000   0.9556   0.00664   0.00180  -0.2161  0.0382  0.0076  -1.1713   0.0000   0.4742
   0.500   1.0131   0.00674   0.00189  -0.2164  0.0381  0.0094  -1.2264   0.0000   0.4610
   1.000   1.0707   0.00683   0.00198  -0.2167  0.0390  0.0169  -1.2917   0.0000   0.4491
   1.500   1.1277   0.00696   0.00209  -0.2169  0.0384  0.0171  -1.3675   0.0000   0.4383
   2.000   1.1830   0.00722   0.00229  -0.2168  0.0242  0.0202  -1.4423   0.0000   0.4285
   2.500   1.2375   0.00754   0.00257  -0.2165  0.0014  0.0371  -1.5328   0.0000   0.4195
   3.000   1.2932   0.00774   0.00274  -0.2165  0.0013  0.0379  -1.6489   0.0000   0.4113
   3.500   1.3486   0.00794   0.00293  -0.2165  0.0013  0.0387  -1.7671   0.0000   0.4037
   4.000   1.4036   0.00817   0.00314  -0.2164  0.0013  0.0412  -1.9142   0.0000   0.3966
   4.500   1.4582   0.00840   0.00336  -0.2163  0.0013  0.0468  -2.0933   0.0000   0.3899
   5.000   1.5126   0.00864   0.00360  -0.2161  0.0013  0.0664  -2.2768   0.0000   0.3837
   5.500   1.5663   0.00891   0.00385  -0.2158  0.0013  0.0721  -2.4643   0.0000   0.3778
   6.000   1.6199   0.00918   0.00414  -0.2156  0.0012  0.1042  -2.6562   0.0000   0.3723
   6.500   1.6725   0.00949   0.00442  -0.2151  0.0012  0.1160  -2.8514   0.0000   0.3670
   7.500   1.7763   0.01014   0.00507  -0.2140  0.0012  0.1462  -3.2528   0.0000   0.3572
   8.000   1.8268   0.01050   0.00542  -0.2133  0.0012  0.1459  -3.4579   0.0000   0.3525
   8.500   1.8766   0.01089   0.00579  -0.2124  0.0012  0.1545  -3.6656   0.0000   0.3480
   9.000   1.9260   0.01128   0.00621  -0.2115  0.0012  0.2097  -3.9451   0.0000   0.3437
  10.500   2.0666   0.01265   0.00765  -0.2075  0.0011  0.3283  -5.5263   0.0000   0.3314
  11.000   2.1092   0.01320   0.00820  -0.2054  0.0011  0.3381  -6.1468   0.0000   0.3273
  12.000   2.1678   0.01452   0.00956  -0.1959  0.0010  0.3692  -7.2947   0.0000   0.3183
  12.500   2.1967   0.01536   0.01041  -0.1914  0.0010  0.3695  -7.8983   0.0000   0.3140
  13.000   2.2244   0.01634   0.01141  -0.1870  0.0009  0.3958  -8.5144   0.0000   0.3099
  14.000   2.2437   0.02074   0.01606  -0.1735  0.0016  0.4625  -9.4709   0.0000   0.3010
  14.500   2.2585   0.02280   0.01817  -0.1683  0.0018  0.4674  -10.0382   0.0000   0.2971
  15.000   2.2777   0.02494   0.02036  -0.1644  0.0022  0.4996  -10.6848   0.0000   0.2936
  15.500   2.2935   0.02754   0.02302  -0.1605  0.0027  0.5318  -11.2865   0.0000   0.2901
  16.000   2.3063   0.03056   0.02611  -0.1567  0.0031  0.5600  -11.8758   0.0000   0.2869
  16.500   2.3164   0.03399   0.02960  -0.1531  0.0035  0.5802  -12.4538   0.0000   0.2837
  17.000   2.3244   0.03787   0.03357  -0.1499  0.0038  0.6191  -13.0246   0.0000   0.2808
  17.500   2.3275   0.04222   0.03800  -0.1467  0.0043  0.6309  -13.5614   0.0000   0.2780
  18.000   2.3300   0.04716   0.04302  -0.1441  0.0045  0.6576  -14.1022   0.0000   0.2755
  19.500   2.3339   0.06387   0.06002  -0.1391  0.0047  0.7506  -15.7484   0.0000   0.2689
  20.000   2.3249   0.07116   0.06742  -0.1383  0.0047  0.7886  -16.2083   0.0000   0.2672
  20.500   2.3123   0.07902   0.07539  -0.1381  0.0047  0.8220  -16.6323   0.0000   0.2659


