XFLR5 v6.02 Beta

 Calculated polar for: WORTMANN FX 63-137

 1 1 Reynolds number fixed          Mach number fixed         

 xtrf =   1.000 (top)        1.000 (bottom)
 Mach =   0.000     Re =    46.000 e 6     Ncrit =   9.000

  alpha     CL        CD       CDp       CM    Top Xtr Bot Xtr   Cpmin    Chinge    XCp    
 ------- -------- --------- --------- -------- ------- ------- -------- --------- ---------
 -22.000  -1.1615   0.06197   0.05886  -0.1449  0.4718  0.0016  -26.2220   0.0000   0.0877
 -21.500  -1.2273   0.04720   0.04394  -0.1567  0.4816  0.0016  -27.1490   0.0000   0.0874
 -21.000  -1.2411   0.03971   0.03634  -0.1626  0.4670  0.0017  -27.0378   0.0000   0.0858
 -20.500  -1.2543   0.03271   0.02925  -0.1681  0.4660  0.0017  -26.8844   0.0000   0.0845
 -20.000  -1.2500   0.02797   0.02445  -0.1715  0.4658  0.0017  -26.4075   0.0000   0.0828
 -19.500  -1.2413   0.02365   0.02007  -0.1746  0.4657  0.0018  -25.8539   0.0000   0.0807
 -19.000  -1.2285   0.02027   0.01665  -0.1761  0.4655  0.0018  -25.2108   0.0000   0.0794
 -18.500  -1.1978   0.01762   0.01390  -0.1794  0.4356  0.0019  -24.3392   0.0000   0.0739
 -18.000  -1.1482   0.01532   0.01150  -0.1853  0.4079  0.0020  -23.2491   0.0000   0.0631
 -17.500  -1.0966   0.01409   0.01012  -0.1881  0.3455  0.0021  -22.1183   0.0000   0.0536
 -17.000  -1.0431   0.01316   0.00915  -0.1897  0.3389  0.0022  -20.9738   0.0000   0.0438
 -16.500  -0.9883   0.01236   0.00832  -0.1911  0.3380  0.0023  -19.8369   0.0000   0.0327
 -15.500  -0.8756   0.01099   0.00689  -0.1936  0.3375  0.0025  -17.6092   0.0000   0.0056
 -15.000  -0.8192   0.01046   0.00628  -0.1946  0.3062  0.0027  -16.5364   0.0000  -0.0106
 -14.500  -0.7626   0.01001   0.00573  -0.1954  0.2508  0.0029  -15.4914   0.0000  -0.0292
 -14.000  -0.7046   0.00956   0.00522  -0.1964  0.2390  0.0030  -14.4606   0.0000  -0.0518
 -13.500  -0.6460   0.00915   0.00477  -0.1974  0.2221  0.0032  -13.5361   0.0000  -0.0789
 -13.000  -0.5869   0.00876   0.00435  -0.1984  0.2214  0.0034  -12.6355   0.0000  -0.1119
 -12.500  -0.5283   0.00846   0.00397  -0.1992  0.1874  0.0036  -11.7649   0.0000  -0.1516
 -12.000  -0.4690   0.00816   0.00364  -0.2001  0.1698  0.0037  -10.9123   0.0000  -0.2023
 -11.500  -0.4094   0.00789   0.00334  -0.2010  0.1699  0.0039  -10.0830   0.0000  -0.2683
 -11.000  -0.3497   0.00765   0.00308  -0.2019  0.1695  0.0039  -9.2855   0.0000  -0.3570
 -10.500  -0.2899   0.00744   0.00285  -0.2027  0.1689  0.0040  -8.5164   0.0000  -0.4825
 -10.000  -0.2306   0.00729   0.00265  -0.2035  0.1488  0.0040  -7.7794   0.0000  -0.6713
  -9.500  -0.1709   0.00714   0.00246  -0.2042  0.1412  0.0041  -7.0701   0.0000  -0.9936
  -9.000  -0.1112   0.00700   0.00229  -0.2050  0.1311  0.0041  -6.3906   0.0000  -1.6627
  -8.500  -0.0513   0.00687   0.00214  -0.2058  0.1258  0.0041  -5.7371   0.0000  -3.8965
  -8.000   0.0085   0.00676   0.00200  -0.2065  0.1239  0.0042  -5.1131   0.0000  25.3115
  -7.500   0.0683   0.00666   0.00189  -0.2072  0.1236  0.0042  -4.5186   0.0000   3.3730
  -7.000   0.1281   0.00657   0.00178  -0.2080  0.1234  0.0043  -4.0486   0.0000   1.9176
  -6.500   0.1879   0.00650   0.00170  -0.2087  0.1232  0.0043  -3.6570   0.0000   1.3887
  -6.000   0.2475   0.00644   0.00163  -0.2093  0.1226  0.0043  -3.2808   0.0000   1.1153
  -5.500   0.3064   0.00645   0.00159  -0.2099  0.1032  0.0044  -2.9222   0.0000   0.9491
  -5.000   0.3657   0.00644   0.00155  -0.2104  0.1002  0.0044  -2.5768   0.0000   0.8363
  -4.500   0.4248   0.00644   0.00152  -0.2110  0.0974  0.0045  -2.2473   0.0000   0.7549
  -4.000   0.4839   0.00645   0.00151  -0.2115  0.0885  0.0045  -1.9338   0.0000   0.6935
  -3.500   0.5429   0.00646   0.00151  -0.2121  0.0849  0.0046  -1.6353   0.0000   0.6454
  -3.000   0.6018   0.00648   0.00152  -0.2126  0.0843  0.0049  -1.3526   0.0000   0.6068
  -2.500   0.6606   0.00651   0.00154  -0.2131  0.0840  0.0047  -1.0848   0.0000   0.5750
  -2.000   0.7191   0.00655   0.00157  -0.2136  0.0836  0.0055  -0.9603   0.0000   0.5484
  -1.500   0.7760   0.00674   0.00168  -0.2137  0.0534  0.0067  -1.0095   0.0000   0.5259
  -1.000   0.8340   0.00683   0.00174  -0.2141  0.0499  0.0078  -1.0617   0.0000   0.5063
  -0.500   0.8916   0.00693   0.00183  -0.2144  0.0471  0.0086  -1.1141   0.0000   0.4893
   0.000   0.9491   0.00704   0.00192  -0.2147  0.0444  0.0093  -1.1667   0.0000   0.4743
   0.500   1.0067   0.00714   0.00202  -0.2150  0.0420  0.0156  -1.2214   0.0000   0.4610
   1.000   1.0640   0.00725   0.00212  -0.2153  0.0447  0.0170  -1.2859   0.0000   0.4490
   1.500   1.1209   0.00738   0.00224  -0.2155  0.0434  0.0172  -1.3614   0.0000   0.4382
   2.000   1.1775   0.00753   0.00237  -0.2156  0.0417  0.0193  -1.4376   0.0000   0.4284
   2.500   1.2301   0.00801   0.00275  -0.2150  0.0022  0.0373  -1.5250   0.0000   0.4193
   3.500   1.3407   0.00844   0.00314  -0.2149  0.0013  0.0414  -1.7569   0.0000   0.4034
   4.000   1.3954   0.00868   0.00336  -0.2147  0.0015  0.0448  -1.9001   0.0000   0.3963
   4.500   1.4497   0.00893   0.00361  -0.2146  0.0013  0.0513  -2.0781   0.0000   0.3896
   5.000   1.5037   0.00919   0.00386  -0.2143  0.0013  0.0669  -2.2605   0.0000   0.3834
   5.500   1.5570   0.00948   0.00414  -0.2140  0.0013  0.0793  -2.4468   0.0000   0.3775
   6.000   1.6102   0.00977   0.00445  -0.2136  0.0012  0.1191  -2.6374   0.0000   0.3719
   6.500   1.6628   0.01008   0.00477  -0.2132  0.0012  0.1457  -2.8317   0.0000   0.3666
   7.000   1.7142   0.01043   0.00510  -0.2126  0.0012  0.1540  -3.0288   0.0000   0.3616
   7.500   1.7650   0.01079   0.00546  -0.2118  0.0012  0.1679  -3.2292   0.0000   0.3567
   8.000   1.8146   0.01119   0.00584  -0.2109  0.0012  0.1644  -3.4318   0.0000   0.3520
   8.500   1.8641   0.01159   0.00627  -0.2100  0.0012  0.2095  -3.6381   0.0000   0.3475
   9.000   1.9126   0.01202   0.00673  -0.2089  0.0012  0.2590  -3.9063   0.0000   0.3432
   9.500   1.9593   0.01249   0.00722  -0.2075  0.0012  0.2850  -4.2495   0.0000   0.3389
  10.000   2.0063   0.01296   0.00777  -0.2063  0.0011  0.3844  -4.8285   0.0000   0.3348
  10.500   2.0491   0.01351   0.00833  -0.2042  0.0011  0.3982  -5.4147   0.0000   0.3307
  12.500   2.1670   0.01670   0.01161  -0.1863  0.0010  0.4604  -7.6842   0.0000   0.3130
  13.000   2.1952   0.01782   0.01280  -0.1823  0.0010  0.5001  -8.2955   0.0000   0.3090
  13.500   2.2209   0.01914   0.01414  -0.1781  0.0009  0.5111  -8.9091   0.0000   0.3050
  14.000   2.2452   0.02067   0.01571  -0.1740  0.0009  0.5339  -9.5315   0.0000   0.3012
  14.500   2.2652   0.02251   0.01763  -0.1697  0.0009  0.5876  -10.1388   0.0000   0.2975
  15.000   2.2845   0.02466   0.01985  -0.1657  0.0008  0.6277  -10.7584   0.0000   0.2939
  16.000   2.2680   0.03411   0.02959  -0.1537  0.0014  0.6723  -11.5059   0.0000   0.2867
  16.500   2.2765   0.03796   0.03355  -0.1505  0.0018  0.6967  -12.0676   0.0000   0.2837
  17.000   2.2832   0.04207   0.03774  -0.1476  0.0021  0.7297  -12.6570   0.0000   0.2810
  17.500   2.2878   0.04695   0.04273  -0.1453  0.0024  0.7749  -13.2056   0.0000   0.2784
  18.000   2.2897   0.05252   0.04842  -0.1434  0.0030  0.8285  -13.7321   0.0000   0.2762
  18.500   2.2949   0.05899   0.05515  -0.1434  0.0033  1.0000  -14.2991   0.0000   0.2745
  19.000   2.2986   0.06435   0.06057  -0.1419  0.0036  1.0000  -14.8611   0.0000   0.2723
  19.500   2.2889   0.07166   0.06798  -0.1409  0.0038  1.0000  -15.2977   0.0000   0.2707


