XFLR5 v6.02 Beta

 Calculated polar for: WORTMANN FX 63-137

 1 1 Reynolds number fixed          Mach number fixed         

 xtrf =   1.000 (top)        1.000 (bottom)
 Mach =   0.000     Re =    32.750 e 6     Ncrit =   9.000

  alpha     CL        CD       CDp       CM    Top Xtr Bot Xtr   Cpmin    Chinge    XCp    
 ------- -------- --------- --------- -------- ------- ------- -------- --------- ---------
 -21.000  -1.1857   0.04666   0.04345  -0.1559  0.5619  0.0021  -25.9928   0.0000   0.0844
 -20.500  -1.1996   0.03904   0.03569  -0.1620  0.5388  0.0021  -25.8948   0.0000   0.0826
 -19.500  -1.2100   0.02696   0.02344  -0.1715  0.5308  0.0022  -25.3107   0.0000   0.0791
 -18.500  -1.1847   0.01987   0.01618  -0.1754  0.4995  0.0023  -24.0749   0.0000   0.0754
 -18.000  -1.1465   0.01713   0.01336  -0.1801  0.4893  0.0024  -23.1358   0.0000   0.0673
 -17.500  -1.0948   0.01494   0.01100  -0.1862  0.4275  0.0025  -22.0476   0.0000   0.0550
 -17.000  -1.0431   0.01384   0.00982  -0.1882  0.4008  0.0027  -20.9335   0.0000   0.0453
 -16.500  -0.9899   0.01296   0.00886  -0.1896  0.3775  0.0028  -19.8208   0.0000   0.0346
 -16.000  -0.9349   0.01217   0.00800  -0.1910  0.3634  0.0029  -18.7111   0.0000   0.0222
 -15.500  -0.8788   0.01148   0.00726  -0.1923  0.3568  0.0031  -17.6140   0.0000   0.0080
 -15.000  -0.8217   0.01086   0.00660  -0.1935  0.3474  0.0033  -16.5342   0.0000  -0.0084
 -14.000  -0.7075   0.00994   0.00551  -0.1953  0.2780  0.0036  -14.4586   0.0000  -0.0490
 -13.500  -0.6496   0.00957   0.00506  -0.1962  0.2497  0.0036  -13.5231   0.0000  -0.0752
 -13.000  -0.5910   0.00921   0.00465  -0.1971  0.2405  0.0037  -12.6242   0.0000  -0.1071
 -12.500  -0.5320   0.00888   0.00428  -0.1980  0.2320  0.0038  -11.7486   0.0000  -0.1465
 -12.000  -0.4737   0.00864   0.00394  -0.1987  0.1850  0.0038  -10.9067   0.0000  -0.1949
 -11.500  -0.4140   0.00835   0.00363  -0.1997  0.1901  0.0039  -10.0771   0.0000  -0.2591
 -11.000  -0.3546   0.00811   0.00335  -0.2005  0.1786  0.0039  -9.2828   0.0000  -0.3446
 -10.500  -0.2949   0.00788   0.00309  -0.2014  0.1712  0.0040  -8.5148   0.0000  -0.4654
 -10.000  -0.2351   0.00767   0.00286  -0.2022  0.1698  0.0040  -7.7754   0.0000  -0.6483
  -9.500  -0.1752   0.00748   0.00265  -0.2031  0.1691  0.0041  -7.0663   0.0000  -0.9566
  -9.000  -0.1159   0.00736   0.00246  -0.2038  0.1438  0.0041  -6.3931   0.0000  -1.5741
  -8.500  -0.0562   0.00723   0.00229  -0.2045  0.1382  0.0041  -5.7421   0.0000  -3.5138
  -8.000   0.0036   0.00711   0.00215  -0.2053  0.1330  0.0042  -5.1198   0.0000  59.7329
  -7.500   0.0634   0.00700   0.00202  -0.2060  0.1280  0.0042  -4.5267   0.0000   3.5975
  -7.000   0.1232   0.00691   0.00190  -0.2068  0.1247  0.0043  -4.0512   0.0000   1.9748
  -6.500   0.1829   0.00683   0.00181  -0.2075  0.1239  0.0043  -3.6610   0.0000   1.4129
  -6.000   0.2426   0.00677   0.00173  -0.2082  0.1235  0.0043  -3.2859   0.0000   1.1279
  -5.500   0.3022   0.00672   0.00167  -0.2088  0.1232  0.0044  -2.9260   0.0000   0.9556
  -5.000   0.3617   0.00668   0.00162  -0.2095  0.1226  0.0044  -2.5795   0.0000   0.8402
  -4.500   0.4203   0.00672   0.00162  -0.2100  0.1053  0.0045  -2.2535   0.0000   0.7579
  -4.000   0.4792   0.00674   0.00160  -0.2105  0.0995  0.0045  -1.9410   0.0000   0.6956
  -3.500   0.5379   0.00678   0.00160  -0.2110  0.0903  0.0046  -1.6438   0.0000   0.6470
  -3.000   0.5968   0.00680   0.00161  -0.2115  0.0872  0.0055  -1.3614   0.0000   0.6079
  -2.500   0.6555   0.00683   0.00163  -0.2120  0.0843  0.0052  -1.0935   0.0000   0.5758
  -2.000   0.7140   0.00687   0.00166  -0.2125  0.0841  0.0064  -0.9571   0.0000   0.5489
  -1.500   0.7724   0.00693   0.00171  -0.2129  0.0833  0.0079  -1.0072   0.0000   0.5261
  -1.000   0.8296   0.00708   0.00181  -0.2131  0.0668  0.0091  -1.0588   0.0000   0.5066
   0.000   0.9444   0.00733   0.00200  -0.2137  0.0507  0.0153  -1.1634   0.0000   0.4744
   0.500   1.0014   0.00746   0.00211  -0.2139  0.0477  0.0158  -1.2174   0.0000   0.4610
   1.000   1.0588   0.00756   0.00221  -0.2142  0.0500  0.0171  -1.2815   0.0000   0.4490
   1.500   1.1156   0.00770   0.00234  -0.2144  0.0489  0.0173  -1.3568   0.0000   0.4382
   2.000   1.1718   0.00788   0.00249  -0.2145  0.0462  0.0205  -1.4325   0.0000   0.4283
   2.500   1.2238   0.00840   0.00290  -0.2137  0.0030  0.0375  -1.5184   0.0000   0.4192
   3.000   1.2791   0.00863   0.00310  -0.2136  0.0022  0.0382  -1.6311   0.0000   0.4109
   3.500   1.3340   0.00886   0.00332  -0.2135  0.0017  0.0444  -1.7482   0.0000   0.4032
   4.000   1.3885   0.00911   0.00356  -0.2133  0.0021  0.0479  -1.8883   0.0000   0.3960
   5.000   1.4962   0.00965   0.00409  -0.2128  0.0013  0.0690  -2.2467   0.0000   0.3831
   6.500   1.6541   0.01059   0.00505  -0.2115  0.0012  0.1591  -2.8145   0.0000   0.3663
   7.500   1.7557   0.01133   0.00581  -0.2100  0.0012  0.2017  -3.2095   0.0000   0.3563
   8.000   1.8046   0.01176   0.00622  -0.2090  0.0012  0.1967  -3.4102   0.0000   0.3516
   8.500   1.8550   0.01214   0.00670  -0.2083  0.0012  0.3070  -3.6175   0.0000   0.3472
   9.000   1.9015   0.01263   0.00718  -0.2069  0.0012  0.3149  -3.8739   0.0000   0.3428
   9.500   1.9470   0.01314   0.00771  -0.2053  0.0011  0.3430  -4.1784   0.0000   0.3384
  10.000   1.9927   0.01365   0.00833  -0.2038  0.0011  0.4446  -4.7460   0.0000   0.3343
  10.500   2.0257   0.01426   0.00896  -0.1997  0.0011  0.4634  -5.2714   0.0000   0.3297
  11.000   2.0560   0.01497   0.00969  -0.1952  0.0011  0.4683  -5.8034   0.0000   0.3251
  11.500   2.0866   0.01581   0.01057  -0.1910  0.0011  0.4976  -6.3624   0.0000   0.3207
  12.000   2.1155   0.01678   0.01156  -0.1867  0.0010  0.5086  -6.9302   0.0000   0.3164
  12.500   2.1430   0.01791   0.01273  -0.1825  0.0010  0.5302  -7.5113   0.0000   0.3122
  13.000   2.1697   0.01920   0.01406  -0.1784  0.0010  0.5561  -8.1059   0.0000   0.3082
  13.500   2.1952   0.02068   0.01560  -0.1745  0.0009  0.5873  -8.7105   0.0000   0.3043
  14.000   2.2177   0.02242   0.01741  -0.1704  0.0009  0.6294  -9.3126   0.0000   0.3006
  14.500   2.2369   0.02453   0.01959  -0.1664  0.0009  0.6703  -9.9064   0.0000   0.2970
  15.000   2.2556   0.02690   0.02203  -0.1627  0.0009  0.7001  -10.5128   0.0000   0.2935
  15.500   2.2727   0.02963   0.02484  -0.1593  0.0008  0.7432  -11.1229   0.0000   0.2902
  16.000   2.2885   0.03265   0.02795  -0.1562  0.0008  0.7853  -11.7365   0.0000   0.2871
  17.000   2.3213   0.03960   0.03521  -0.1519  0.0007  1.0000  -13.0231   0.0000   0.2817
  19.000   2.2554   0.06966   0.06582  -0.1411  0.0022  1.0000  -14.4413   0.0000   0.2731
  19.500   2.2439   0.07739   0.07365  -0.1405  0.0024  1.0000  -14.8510   0.0000   0.2717


