XFLR5 v6.02 Beta

 Calculated polar for: WORTMANN FX 63-137

 1 1 Reynolds number fixed          Mach number fixed         

 xtrf =   1.000 (top)        1.000 (bottom)
 Mach =   0.000     Re =    68.500 e 6     Ncrit =   9.000

  alpha     CL        CD       CDp       CM    Top Xtr Bot Xtr   Cpmin    Chinge    XCp    
 ------- -------- --------- --------- -------- ------- ------- -------- --------- ---------
 -22.500  -1.2422   0.05715   0.05399  -0.1501  0.4034  0.0014  -28.1713   0.0000   0.0913
 -22.000  -1.2853   0.04584   0.04256  -0.1590  0.4030  0.0014  -28.6364   0.0000   0.0906
 -21.500  -1.3081   0.03729   0.03392  -0.1659  0.4034  0.0014  -28.6737   0.0000   0.0894
 -21.000  -1.3103   0.03182   0.02838  -0.1699  0.4023  0.0014  -28.3015   0.0000   0.0881
 -20.500  -1.3109   0.02662   0.02311  -0.1738  0.4019  0.0014  -27.8897   0.0000   0.0868
 -20.000  -1.2963   0.02308   0.01952  -0.1761  0.4015  0.0014  -27.2132   0.0000   0.0849
 -19.000  -1.2514   0.01721   0.01356  -0.1806  0.4011  0.0014  -25.6341   0.0000   0.0787
 -18.500  -1.2006   0.01494   0.01125  -0.1866  0.4010  0.0015  -24.4982   0.0000   0.0684
 -18.000  -1.1491   0.01377   0.00996  -0.1892  0.3379  0.0016  -23.3370   0.0000   0.0598
 -17.500  -1.0969   0.01296   0.00906  -0.1905  0.3022  0.0016  -22.1761   0.0000   0.0514
 -17.000  -1.0425   0.01222   0.00828  -0.1917  0.2949  0.0017  -21.0125   0.0000   0.0417
 -16.500  -0.9869   0.01156   0.00759  -0.1929  0.2878  0.0018  -19.8612   0.0000   0.0306
 -16.000  -0.9305   0.01097   0.00697  -0.1940  0.2806  0.0019  -18.7277   0.0000   0.0180
 -15.500  -0.8734   0.01042   0.00639  -0.1950  0.2786  0.0020  -17.6151   0.0000   0.0034
 -15.000  -0.8166   0.00997   0.00587  -0.1959  0.2459  0.0021  -16.5355   0.0000  -0.0130
 -14.500  -0.7588   0.00953   0.00539  -0.1968  0.2220  0.0023  -15.4757   0.0000  -0.0324
 -14.000  -0.7003   0.00911   0.00494  -0.1978  0.2213  0.0024  -14.4390   0.0000  -0.0556
 -13.500  -0.6420   0.00876   0.00453  -0.1986  0.1950  0.0025  -13.5179   0.0000  -0.0828
 -13.000  -0.5831   0.00842   0.00415  -0.1995  0.1885  0.0026  -12.6215   0.0000  -0.1161
 -12.500  -0.5239   0.00809   0.00379  -0.2005  0.1691  0.0028  -11.7495   0.0000  -0.1573
 -12.000  -0.4647   0.00781   0.00346  -0.2013  0.1458  0.0031  -10.9042   0.0000  -0.2091
 -11.500  -0.4048   0.00750   0.00315  -0.2023  0.1484  0.0034  -10.0798   0.0000  -0.2772
 -11.000  -0.3451   0.00726   0.00286  -0.2032  0.1431  0.0037  -9.2823   0.0000  -0.3688
 -10.500  -0.2853   0.00705   0.00263  -0.2040  0.1382  0.0039  -8.5113   0.0000  -0.4988
 -10.000  -0.2255   0.00688   0.00243  -0.2048  0.1332  0.0040  -7.7697   0.0000  -0.6979
  -9.500  -0.1657   0.00673   0.00226  -0.2056  0.1282  0.0041  -7.0580   0.0000  -1.0411
  -9.000  -0.1058   0.00660   0.00211  -0.2063  0.1238  0.0041  -6.3762   0.0000  -1.7729
  -8.500  -0.0460   0.00648   0.00197  -0.2071  0.1235  0.0041  -5.7222   0.0000  -4.4123
  -8.000   0.0139   0.00637   0.00185  -0.2078  0.1232  0.0042  -5.0978   0.0000  15.6949
  -7.500   0.0737   0.00628   0.00175  -0.2085  0.1228  0.0042  -4.5032   0.0000   3.1636
  -7.000   0.1335   0.00621   0.00166  -0.2092  0.1227  0.0043  -4.0415   0.0000   1.8604
  -6.500   0.1926   0.00619   0.00159  -0.2098  0.1019  0.0043  -3.6517   0.0000   1.3667
  -6.000   0.2520   0.00615   0.00153  -0.2104  0.0989  0.0043  -3.2755   0.0000   1.1040
  -5.500   0.3115   0.00613   0.00149  -0.2110  0.0962  0.0044  -2.9145   0.0000   0.9417
  -5.000   0.3708   0.00611   0.00145  -0.2116  0.0936  0.0044  -2.5688   0.0000   0.8314
  -4.500   0.4301   0.00610   0.00143  -0.2122  0.0873  0.0044  -2.2386   0.0000   0.7516
  -4.000   0.4893   0.00610   0.00142  -0.2128  0.0843  0.0045  -1.9239   0.0000   0.6911
  -3.500   0.5484   0.00611   0.00142  -0.2133  0.0842  0.0045  -1.6253   0.0000   0.6437
  -3.000   0.6073   0.00613   0.00143  -0.2138  0.0841  0.0046  -1.3424   0.0000   0.6056
  -2.500   0.6661   0.00616   0.00145  -0.2143  0.0838  0.0046  -1.0750   0.0000   0.5741
  -2.000   0.7231   0.00634   0.00154  -0.2145  0.0481  0.0048  -0.9625   0.0000   0.5480
  -1.500   0.7813   0.00642   0.00159  -0.2149  0.0451  0.0056  -1.0130   0.0000   0.5255
  -1.000   0.8394   0.00649   0.00166  -0.2152  0.0426  0.0065  -1.0654   0.0000   0.5061
  -0.500   0.8973   0.00658   0.00173  -0.2156  0.0404  0.0072  -1.1180   0.0000   0.4892
   0.000   0.9550   0.00667   0.00181  -0.2159  0.0384  0.0077  -1.1709   0.0000   0.4742
   0.500   1.0125   0.00677   0.00190  -0.2162  0.0381  0.0096  -1.2260   0.0000   0.4610
   1.000   1.0701   0.00687   0.00200  -0.2166  0.0395  0.0169  -1.2912   0.0000   0.4491
   1.500   1.1271   0.00699   0.00211  -0.2168  0.0387  0.0171  -1.3670   0.0000   0.4383
   2.000   1.1828   0.00722   0.00228  -0.2168  0.0265  0.0204  -1.4422   0.0000   0.4285
   2.500   1.2369   0.00758   0.00258  -0.2164  0.0014  0.0371  -1.5321   0.0000   0.4195
   3.500   1.3479   0.00799   0.00295  -0.2164  0.0013  0.0388  -1.7662   0.0000   0.4036
   4.000   1.4029   0.00821   0.00316  -0.2163  0.0013  0.0415  -1.9130   0.0000   0.3965
   4.500   1.4575   0.00845   0.00338  -0.2161  0.0013  0.0472  -2.0919   0.0000   0.3899
   5.000   1.5119   0.00869   0.00362  -0.2160  0.0013  0.0665  -2.2754   0.0000   0.3837
   5.500   1.5655   0.00896   0.00388  -0.2157  0.0013  0.0727  -2.4628   0.0000   0.3778
   6.000   1.6190   0.00924   0.00416  -0.2154  0.0012  0.1053  -2.6545   0.0000   0.3723
   6.500   1.6717   0.00954   0.00445  -0.2150  0.0012  0.1173  -2.8497   0.0000   0.3670
   7.000   1.7240   0.00985   0.00477  -0.2145  0.0012  0.1455  -3.0489   0.0000   0.3620
   7.500   1.7753   0.01020   0.00510  -0.2138  0.0012  0.1464  -3.2508   0.0000   0.3571
   8.000   1.8258   0.01056   0.00546  -0.2131  0.0012  0.1461  -3.4556   0.0000   0.3525
   8.500   1.8754   0.01095   0.00583  -0.2121  0.0012  0.1574  -3.6632   0.0000   0.3480
   9.000   1.9249   0.01134   0.00625  -0.2113  0.0012  0.2130  -3.9417   0.0000   0.3437
  10.500   2.0652   0.01272   0.00770  -0.2072  0.0011  0.3339  -5.5172   0.0000   0.3313
  14.000   2.2408   0.02090   0.01620  -0.1731  0.0015  0.4661  -9.4491   0.0000   0.3009
  14.500   2.2556   0.02299   0.01834  -0.1680  0.0016  0.4796  -10.0102   0.0000   0.2970
  15.000   2.2738   0.02522   0.02063  -0.1639  0.0021  0.5062  -10.6504   0.0000   0.2935
  15.500   2.2907   0.02776   0.02324  -0.1602  0.0026  0.5393  -11.2631   0.0000   0.2901
  16.000   2.3037   0.03079   0.02633  -0.1564  0.0030  0.5643  -11.8537   0.0000   0.2869
  16.500   2.3142   0.03424   0.02986  -0.1530  0.0034  0.5950  -12.4347   0.0000   0.2838
  17.000   2.3215   0.03815   0.03385  -0.1497  0.0037  0.6281  -12.9998   0.0000   0.2808
  17.500   2.3241   0.04257   0.03834  -0.1465  0.0042  0.6438  -13.5311   0.0000   0.2780
  18.000   2.3264   0.04756   0.04342  -0.1439  0.0044  0.6665  -14.0693   0.0000   0.2755
  18.500   2.3267   0.05309   0.04905  -0.1419  0.0046  0.6932  -14.5975   0.0000   0.2732
  19.000   2.3230   0.05937   0.05543  -0.1402  0.0046  0.7260  -15.0961   0.0000   0.2711
  19.500   2.3310   0.06437   0.06053  -0.1392  0.0046  0.7749  -15.7184   0.0000   0.2690
  20.000   2.3219   0.07169   0.06796  -0.1385  0.0047  0.8058  -16.1761   0.0000   0.2674
  20.500   2.3087   0.07952   0.07590  -0.1382  0.0047  0.8360  -16.5943   0.0000   0.2660


