XFLR5 v6.02 Beta

 Calculated polar for: WORTMANN FX 63-137

 1 1 Reynolds number fixed          Mach number fixed         

 xtrf =   1.000 (top)        1.000 (bottom)
 Mach =   0.000     Re =    53.500 e 6     Ncrit =   9.000

  alpha     CL        CD       CDp       CM    Top Xtr Bot Xtr   Cpmin    Chinge    XCp    
 ------- -------- --------- --------- -------- ------- ------- -------- --------- ---------
 -22.000  -1.2280   0.05294   0.04976  -0.1527  0.4660  0.0015  -27.5304   0.0000   0.0892
 -21.500  -1.2504   0.04435   0.04107  -0.1593  0.4658  0.0015  -27.5919   0.0000   0.0880
 -20.500  -1.2790   0.03005   0.02655  -0.1706  0.4326  0.0015  -27.3224   0.0000   0.0855
 -20.000  -1.2699   0.02592   0.02235  -0.1734  0.4285  0.0016  -26.7520   0.0000   0.0838
 -19.500  -1.2563   0.02222   0.01860  -0.1758  0.4239  0.0016  -26.1057   0.0000   0.0817
 -19.000  -1.2414   0.01924   0.01557  -0.1768  0.4190  0.0017  -25.4208   0.0000   0.0804
 -18.500  -1.2012   0.01662   0.01289  -0.1816  0.4125  0.0017  -24.4278   0.0000   0.0726
 -18.000  -1.1481   0.01462   0.01077  -0.1874  0.3657  0.0018  -23.2842   0.0000   0.0613
 -17.500  -1.0964   0.01363   0.00971  -0.1891  0.3380  0.0019  -22.1368   0.0000   0.0526
 -16.500  -0.9880   0.01208   0.00806  -0.1917  0.3146  0.0021  -19.8486   0.0000   0.0320
 -16.000  -0.9322   0.01143   0.00735  -0.1929  0.3032  0.0022  -18.7247   0.0000   0.0196
 -15.500  -0.8755   0.01083   0.00672  -0.1940  0.2986  0.0023  -17.6191   0.0000   0.0052
 -15.000  -0.8182   0.01029   0.00614  -0.1951  0.2877  0.0025  -16.5358   0.0000  -0.0115
 -14.500  -0.7614   0.00985   0.00561  -0.1959  0.2369  0.0026  -15.4878   0.0000  -0.0303
 -14.000  -0.7030   0.00940   0.00512  -0.1969  0.2276  0.0028  -14.4533   0.0000  -0.0532
 -13.500  -0.6443   0.00900   0.00469  -0.1979  0.2212  0.0029  -13.5290   0.0000  -0.0805
 -12.500  -0.5267   0.00832   0.00390  -0.1997  0.1703  0.0033  -11.7634   0.0000  -0.1537
 -12.000  -0.4671   0.00800   0.00356  -0.2007  0.1692  0.0035  -10.9121   0.0000  -0.2053
 -11.500  -0.4074   0.00771   0.00324  -0.2016  0.1694  0.0038  -10.0814   0.0000  -0.2723
 -11.000  -0.3476   0.00747   0.00298  -0.2025  0.1690  0.0039  -9.2827   0.0000  -0.3622
 -10.500  -0.2883   0.00730   0.00277  -0.2032  0.1482  0.0040  -8.5165   0.0000  -0.4883
 -10.000  -0.2286   0.00713   0.00256  -0.2040  0.1414  0.0040  -7.7770   0.0000  -0.6812
  -9.500  -0.1689   0.00698   0.00238  -0.2048  0.1359  0.0041  -7.0667   0.0000  -1.0113
  -9.000  -0.1091   0.00684   0.00222  -0.2055  0.1259  0.0041  -6.3858   0.0000  -1.7043
  -8.500  -0.0493   0.00672   0.00207  -0.2063  0.1239  0.0041  -5.7320   0.0000  -4.0839
  -8.000   0.0106   0.00661   0.00194  -0.2070  0.1236  0.0042  -5.1077   0.0000  20.4086
  -7.500   0.0704   0.00651   0.00183  -0.2077  0.1234  0.0042  -4.5131   0.0000   3.2877
  -7.000   0.1302   0.00643   0.00173  -0.2085  0.1232  0.0043  -4.0462   0.0000   1.8948
  -6.500   0.1899   0.00636   0.00165  -0.2091  0.1227  0.0043  -3.6544   0.0000   1.3789
  -6.000   0.2490   0.00635   0.00161  -0.2097  0.1037  0.0043  -3.2800   0.0000   1.1115
  -5.500   0.3084   0.00633   0.00155  -0.2103  0.1004  0.0044  -2.9195   0.0000   0.9463
  -5.000   0.3676   0.00632   0.00151  -0.2109  0.0976  0.0044  -2.5741   0.0000   0.8344
  -4.500   0.4269   0.00631   0.00149  -0.2115  0.0944  0.0045  -2.2441   0.0000   0.7536
  -4.000   0.4860   0.00631   0.00148  -0.2120  0.0852  0.0045  -1.9301   0.0000   0.6926
  -3.500   0.5450   0.00632   0.00148  -0.2126  0.0843  0.0046  -1.6315   0.0000   0.6448
  -3.000   0.6040   0.00634   0.00149  -0.2131  0.0842  0.0047  -1.3487   0.0000   0.6063
  -2.500   0.6627   0.00637   0.00151  -0.2136  0.0839  0.0046  -1.0810   0.0000   0.5746
  -2.000   0.7213   0.00642   0.00154  -0.2141  0.0829  0.0052  -0.9616   0.0000   0.5481
  -1.500   0.7781   0.00661   0.00164  -0.2142  0.0498  0.0062  -1.0109   0.0000   0.5257
  -1.000   0.8360   0.00670   0.00171  -0.2145  0.0470  0.0073  -1.0631   0.0000   0.5062
  -0.500   0.8938   0.00680   0.00179  -0.2148  0.0444  0.0080  -1.1156   0.0000   0.4893
   0.000   0.9514   0.00690   0.00188  -0.2152  0.0420  0.0086  -1.1683   0.0000   0.4743
   0.500   1.0090   0.00700   0.00197  -0.2155  0.0397  0.0154  -1.2232   0.0000   0.4610
   1.000   1.0663   0.00711   0.00207  -0.2158  0.0426  0.0170  -1.2880   0.0000   0.4490
   1.500   1.1233   0.00723   0.00219  -0.2160  0.0415  0.0171  -1.3635   0.0000   0.4383
   2.000   1.1800   0.00737   0.00232  -0.2162  0.0399  0.0194  -1.4399   0.0000   0.4285
   2.500   1.2327   0.00784   0.00269  -0.2155  0.0018  0.0372  -1.5278   0.0000   0.4194
   3.500   1.3435   0.00826   0.00307  -0.2155  0.0013  0.0403  -1.7605   0.0000   0.4035
   4.000   1.3983   0.00850   0.00328  -0.2153  0.0014  0.0435  -1.9051   0.0000   0.3964
   4.500   1.4528   0.00874   0.00352  -0.2152  0.0013  0.0496  -2.0835   0.0000   0.3897
   5.000   1.5069   0.00900   0.00377  -0.2150  0.0013  0.0667  -2.2663   0.0000   0.3835
   5.500   1.5603   0.00928   0.00403  -0.2146  0.0013  0.0766  -2.4530   0.0000   0.3776
   6.000   1.6136   0.00956   0.00433  -0.2143  0.0012  0.1136  -2.6440   0.0000   0.3721
   6.500   1.6664   0.00986   0.00465  -0.2139  0.0012  0.1453  -2.8390   0.0000   0.3668
   7.000   1.7180   0.01020   0.00497  -0.2133  0.0012  0.1465  -3.0366   0.0000   0.3617
   7.500   1.7689   0.01056   0.00532  -0.2126  0.0012  0.1575  -3.2374   0.0000   0.3569
   8.000   1.8189   0.01095   0.00569  -0.2117  0.0012  0.1542  -3.4410   0.0000   0.3522
   8.500   1.8687   0.01134   0.00610  -0.2109  0.0012  0.1948  -3.6483   0.0000   0.3477
  10.000   2.0124   0.01266   0.00755  -0.2075  0.0011  0.3690  -4.8646   0.0000   0.3351
  10.500   2.0555   0.01320   0.00809  -0.2054  0.0011  0.3715  -5.4555   0.0000   0.3309
  11.000   2.0897   0.01380   0.00869  -0.2016  0.0011  0.3826  -6.0223   0.0000   0.3265
  11.500   2.1190   0.01448   0.00938  -0.1968  0.0011  0.3924  -6.5796   0.0000   0.3219
  12.000   2.1482   0.01529   0.01020  -0.1923  0.0010  0.3943  -7.1591   0.0000   0.3175
  12.500   2.1786   0.01620   0.01116  -0.1883  0.0010  0.4330  -7.7669   0.0000   0.3134
  13.000   2.2056   0.01728   0.01230  -0.1839  0.0010  0.4782  -8.3730   0.0000   0.3093
  13.500   2.2318   0.01854   0.01360  -0.1797  0.0009  0.4985  -8.9936   0.0000   0.3053
  14.000   2.2555   0.02001   0.01509  -0.1754  0.0009  0.5005  -9.6152   0.0000   0.3014
  14.500   2.2780   0.02168   0.01683  -0.1713  0.0008  0.5519  -10.2445   0.0000   0.2977
  15.500   2.2672   0.02974   0.02518  -0.1580  0.0016  0.5971  -11.0238   0.0000   0.2899
  16.000   2.2789   0.03305   0.02857  -0.1545  0.0020  0.6293  -11.6340   0.0000   0.2867
  16.500   2.2911   0.03650   0.03209  -0.1515  0.0024  0.6584  -12.2346   0.0000   0.2838
  17.000   2.2969   0.04061   0.03629  -0.1483  0.0027  0.6899  -12.7829   0.0000   0.2809
  17.500   2.2986   0.04551   0.04128  -0.1455  0.0032  0.7150  -13.3027   0.0000   0.2783
  18.000   2.3079   0.04994   0.04580  -0.1434  0.0036  0.7539  -13.8994   0.0000   0.2758
  18.500   2.3072   0.05590   0.05188  -0.1418  0.0039  0.8030  -14.4139   0.0000   0.2736
  19.000   2.3045   0.06246   0.05858  -0.1407  0.0041  0.8608  -14.9167   0.0000   0.2717
  19.500   2.3042   0.06986   0.06621  -0.1413  0.0043  1.0000  -15.4489   0.0000   0.2704


