XFLR5 v6.02 Beta

 Calculated polar for: WORTMANN FX 63-137

 1 1 Reynolds number fixed          Mach number fixed         

 xtrf =   1.000 (top)        1.000 (bottom)
 Mach =   0.000     Re =    16.000 e 6     Ncrit =   9.000

  alpha     CL        CD       CDp       CM    Top Xtr Bot Xtr   Cpmin    Chinge    XCp    
 ------- -------- --------- --------- -------- ------- ------- -------- --------- ---------
 -20.000  -1.1059   0.04555   0.04263  -0.1534  0.7452  0.0032  -23.7210   0.0000   0.0789
 -19.500  -1.1178   0.03766   0.03458  -0.1604  0.7258  0.0032  -23.6202   0.0000   0.0758
 -19.000  -1.1203   0.03142   0.02822  -0.1659  0.7178  0.0033  -23.3245   0.0000   0.0728
 -18.500  -1.1143   0.02652   0.02310  -0.1701  0.6709  0.0033  -22.8668   0.0000   0.0697
 -18.000  -1.0969   0.02294   0.01945  -0.1727  0.6598  0.0033  -22.2182   0.0000   0.0661
 -17.500  -1.0757   0.01978   0.01622  -0.1751  0.6583  0.0034  -21.5180   0.0000   0.0619
 -17.000  -1.0342   0.01725   0.01358  -0.1798  0.6343  0.0034  -20.5799   0.0000   0.0516
 -16.500  -0.9835   0.01535   0.01142  -0.1851  0.5606  0.0035  -19.5438   0.0000   0.0379
 -16.000  -0.9317   0.01433   0.01028  -0.1869  0.5303  0.0035  -18.4791   0.0000   0.0259
 -15.500  -0.8768   0.01343   0.00933  -0.1886  0.5296  0.0036  -17.4008   0.0000   0.0117
 -15.000  -0.8231   0.01277   0.00853  -0.1897  0.4916  0.0036  -16.3595   0.0000  -0.0033
 -14.500  -0.7673   0.01214   0.00782  -0.1908  0.4746  0.0037  -15.3210   0.0000  -0.0215
 -14.000  -0.7101   0.01153   0.00716  -0.1920  0.4648  0.0037  -14.2987   0.0000  -0.0433
 -13.500  -0.6575   0.01126   0.00659  -0.1923  0.3517  0.0038  -13.3559   0.0000  -0.0653
 -13.000  -0.5994   0.01078   0.00605  -0.1934  0.3388  0.0038  -12.3815   0.0000  -0.0959
 -12.500  -0.5407   0.01033   0.00555  -0.1944  0.3370  0.0039  -11.4467   0.0000  -0.1335
 -12.000  -0.4828   0.00999   0.00512  -0.1953  0.3084  0.0040  -10.5841   0.0000  -0.1794
 -11.500  -0.4240   0.00966   0.00472  -0.1963  0.3003  0.0040  -9.7034   0.0000  -0.2390
 -11.000  -0.3650   0.00932   0.00432  -0.1972  0.2857  0.0041  -8.8900   0.0000  -0.3187
 -10.500  -0.3071   0.00912   0.00397  -0.1979  0.2329  0.0041  -8.1201   0.0000  -0.4256
 -10.000  -0.2473   0.00881   0.00362  -0.1989  0.2218  0.0042  -7.3721   0.0000  -0.5905
  -9.500  -0.1872   0.00852   0.00330  -0.2000  0.2201  0.0042  -6.6684   0.0000  -0.8622
  -9.000  -0.1282   0.00836   0.00302  -0.2007  0.1883  0.0043  -6.0414   0.0000  -1.3757
  -8.500  -0.0683   0.00816   0.00276  -0.2016  0.1794  0.0043  -5.3939   0.0000  -2.8080
  -8.000  -0.0081   0.00796   0.00253  -0.2025  0.1709  0.0044  -4.7663   0.0000  -25.5032
  -4.500   0.4096   0.00740   0.00179  -0.2075  0.1272  0.0045  -2.2523   0.0000   0.7651
  -3.500   0.5279   0.00738   0.00175  -0.2087  0.1234  0.0046  -1.6543   0.0000   0.6502
  -3.000   0.5856   0.00750   0.00180  -0.2090  0.1017  0.0079  -1.3770   0.0000   0.6105
  -2.500   0.6440   0.00756   0.00182  -0.2095  0.0979  0.0090  -1.1136   0.0000   0.5777
  -2.000   0.7022   0.00762   0.00186  -0.2099  0.0922  0.0091  -0.9496   0.0000   0.5503
  -1.500   0.7607   0.00767   0.00190  -0.2104  0.0889  0.0147  -0.9992   0.0000   0.5271
  -1.000   0.8186   0.00775   0.00197  -0.2107  0.0843  0.0153  -1.0512   0.0000   0.5071
  -0.500   0.8763   0.00784   0.00205  -0.2111  0.0837  0.0156  -1.1035   0.0000   0.4898
   0.000   0.9338   0.00794   0.00214  -0.2114  0.0830  0.0159  -1.1561   0.0000   0.4745
   0.500   0.9911   0.00805   0.00225  -0.2117  0.0821  0.0162  -1.2095   0.0000   0.4610
   1.000   1.0484   0.00815   0.00235  -0.2119  0.0832  0.0172  -1.2723   0.0000   0.4489
   1.500   1.1051   0.00828   0.00248  -0.2121  0.0824  0.0185  -1.3474   0.0000   0.4380
   2.000   1.1594   0.00861   0.00272  -0.2119  0.0641  0.0244  -1.4214   0.0000   0.4280
   2.500   1.2130   0.00899   0.00303  -0.2115  0.0374  0.0380  -1.5079   0.0000   0.4189
   3.000   1.2640   0.00957   0.00348  -0.2105  0.0041  0.0424  -1.6122   0.0000   0.4104
   3.500   1.3183   0.00983   0.00374  -0.2103  0.0034  0.0523  -1.7280   0.0000   0.4027
   4.000   1.3726   0.01009   0.00400  -0.2101  0.0040  0.0662  -1.8607   0.0000   0.3955
   4.500   1.4256   0.01040   0.00430  -0.2097  0.0033  0.0719  -2.0352   0.0000   0.3888
   5.000   1.4787   0.01072   0.00463  -0.2093  0.0025  0.1015  -2.2147   0.0000   0.3824
   5.500   1.5308   0.01106   0.00497  -0.2088  0.0018  0.1194  -2.3971   0.0000   0.3765
   6.000   1.5840   0.01136   0.00537  -0.2086  0.0013  0.2130  -2.5858   0.0000   0.3709
   6.500   1.6353   0.01173   0.00577  -0.2079  0.0013  0.2526  -2.7763   0.0000   0.3656
   7.000   1.6862   0.01212   0.00621  -0.2073  0.0012  0.3068  -2.9704   0.0000   0.3605
   7.500   1.7370   0.01251   0.00669  -0.2067  0.0012  0.3935  -3.1688   0.0000   0.3558
   8.000   1.7817   0.01306   0.00715  -0.2047  0.0012  0.3311  -3.3606   0.0000   0.3508
   8.500   1.8305   0.01351   0.00774  -0.2039  0.0012  0.4386  -3.5635   0.0000   0.3463
   9.000   1.8747   0.01407   0.00832  -0.2020  0.0012  0.4656  -3.7959   0.0000   0.3418
   9.500   1.9107   0.01469   0.00898  -0.1985  0.0012  0.4953  -4.0442   0.0000   0.3370
  10.000   1.9438   0.01538   0.00973  -0.1946  0.0011  0.5315  -4.4601   0.0000   0.3323
  10.500   1.9748   0.01622   0.01059  -0.1904  0.0011  0.5471  -4.9589   0.0000   0.3276
  11.000   2.0060   0.01717   0.01159  -0.1865  0.0011  0.5737  -5.4801   0.0000   0.3232
  11.500   2.0351   0.01827   0.01277  -0.1825  0.0011  0.6201  -6.0099   0.0000   0.3189
  12.000   2.0627   0.01956   0.01412  -0.1785  0.0011  0.6498  -6.5504   0.0000   0.3147
  12.500   2.0894   0.02103   0.01567  -0.1747  0.0010  0.6888  -7.1222   0.0000   0.3107
  13.000   2.1131   0.02274   0.01743  -0.1707  0.0010  0.7132  -7.6805   0.0000   0.3068
  13.500   2.1345   0.02475   0.01952  -0.1669  0.0009  0.7533  -8.2404   0.0000   0.3031
  14.000   2.1560   0.02706   0.02195  -0.1636  0.0009  0.8180  -8.8186   0.0000   0.2996
  14.500   2.1787   0.02964   0.02479  -0.1611  0.0009  1.0000  -9.4218   0.0000   0.2965
  15.000   2.1942   0.03261   0.02781  -0.1577  0.0009  1.0000  -9.9858   0.0000   0.2932
  15.500   2.2068   0.03602   0.03128  -0.1545  0.0008  1.0000  -10.5419   0.0000   0.2901
  16.000   2.2200   0.03947   0.03478  -0.1516  0.0008  1.0000  -11.1173   0.0000   0.2872
  16.500   2.2270   0.04367   0.03904  -0.1488  0.0008  1.0000  -11.6533   0.0000   0.2844
  17.000   2.2323   0.04840   0.04385  -0.1463  0.0008  1.0000  -12.1846   0.0000   0.2818
  17.500   2.2351   0.05368   0.04921  -0.1442  0.0008  1.0000  -12.7025   0.0000   0.2794
  18.000   2.2350   0.05954   0.05515  -0.1425  0.0007  1.0000  -13.2044   0.0000   0.2772
  18.500   2.2372   0.06517   0.06086  -0.1412  0.0007  1.0000  -13.7355   0.0000   0.2751
  19.000   2.2373   0.07118   0.06695  -0.1402  0.0007  1.0000  -14.2526   0.0000   0.2732
  19.500   2.2292   0.07840   0.07428  -0.1397  0.0007  1.0000  -14.6947   0.0000   0.2717
  20.000   2.2157   0.08620   0.08218  -0.1395  0.0006  1.0000  -15.0859   0.0000   0.2705


