XFLR5 v6.02 Beta

 Calculated polar for: WORTMANN FX 63-137

 1 1 Reynolds number fixed          Mach number fixed         

 xtrf =   1.000 (top)        1.000 (bottom)
 Mach =   0.000     Re =    22.250 e 6     Ncrit =   9.000

  alpha     CL        CD       CDp       CM    Top Xtr Bot Xtr   Cpmin    Chinge    XCp    
 ------- -------- --------- --------- -------- ------- ------- -------- --------- ---------
 -21.000  -1.1159   0.05641   0.05352  -0.1462  0.6826  0.0027  -24.6142   0.0000   0.0838
 -20.500  -1.1545   0.04500   0.04194  -0.1556  0.6749  0.0027  -25.0216   0.0000   0.0821
 -20.000  -1.1733   0.03658   0.03338  -0.1628  0.6601  0.0027  -25.0206   0.0000   0.0800
 -19.500  -1.1746   0.03089   0.02755  -0.1674  0.6346  0.0028  -24.6774   0.0000   0.0777
 -19.000  -1.1706   0.02596   0.02247  -0.1713  0.6029  0.0029  -24.2306   0.0000   0.0754
 -18.500  -1.1566   0.02214   0.01857  -0.1740  0.5962  0.0030  -23.6139   0.0000   0.0726
 -18.000  -1.1353   0.01902   0.01540  -0.1765  0.5948  0.0030  -22.8917   0.0000   0.0688
 -17.500  -1.0921   0.01645   0.01272  -0.1817  0.5733  0.0031  -21.9121   0.0000   0.0587
 -17.000  -1.0411   0.01475   0.01078  -0.1862  0.4945  0.0033  -20.8369   0.0000   0.0467
 -16.500  -0.9889   0.01377   0.00970  -0.1880  0.4653  0.0034  -19.7384   0.0000   0.0361
 -16.000  -0.9353   0.01298   0.00882  -0.1893  0.4355  0.0034  -18.6455   0.0000   0.0242
 -15.500  -0.8799   0.01228   0.00804  -0.1905  0.4259  0.0035  -17.5555   0.0000   0.0103
 -15.000  -0.8236   0.01166   0.00736  -0.1917  0.4127  0.0036  -16.4844   0.0000  -0.0057
 -14.500  -0.7663   0.01109   0.00674  -0.1928  0.4021  0.0036  -15.4310   0.0000  -0.0245
 -14.000  -0.7108   0.01070   0.00620  -0.1935  0.3391  0.0037  -14.4253   0.0000  -0.0451
 -13.500  -0.6540   0.01032   0.00569  -0.1943  0.2972  0.0037  -13.4596   0.0000  -0.0701
 -13.000  -0.5956   0.00991   0.00523  -0.1953  0.2844  0.0038  -12.5616   0.0000  -0.1013
 -12.500  -0.5366   0.00952   0.00480  -0.1963  0.2781  0.0038  -11.6858   0.0000  -0.1400
 -12.000  -0.4783   0.00923   0.00442  -0.1971  0.2479  0.0039  -10.8419   0.0000  -0.1872
 -11.500  -0.4186   0.00890   0.00408  -0.1981  0.2578  0.0039  -10.0005   0.0000  -0.2498
 -11.000  -0.3599   0.00867   0.00375  -0.1989  0.2217  0.0040  -9.2072   0.0000  -0.3313
 -10.500  -0.3009   0.00845   0.00347  -0.1997  0.1997  0.0040  -8.4400   0.0000  -0.4454
 -10.000  -0.2414   0.00824   0.00320  -0.2005  0.1881  0.0041  -7.7002   0.0000  -0.6174
  -9.500  -0.1817   0.00803   0.00295  -0.2014  0.1794  0.0041  -6.9972   0.0000  -0.9038
  -9.000  -0.1217   0.00782   0.00271  -0.2023  0.1698  0.0041  -6.3411   0.0000  -1.4757
  -8.500  -0.0617   0.00765   0.00251  -0.2031  0.1690  0.0042  -5.6945   0.0000  -3.1593
  -8.000  -0.0017   0.00749   0.00233  -0.2040  0.1683  0.0042  -5.0802   0.0000  -126.8233
  -7.500   0.0575   0.00742   0.00219  -0.2046  0.1435  0.0042  -4.5015   0.0000   3.9147
  -7.000   0.1172   0.00733   0.00206  -0.2053  0.1395  0.0043  -4.0334   0.0000   2.0510
  -6.500   0.1769   0.00724   0.00195  -0.2061  0.1348  0.0043  -3.6519   0.0000   1.4445
  -6.000   0.2366   0.00717   0.00186  -0.2068  0.1298  0.0043  -3.2832   0.0000   1.1443
  -5.500   0.2962   0.00712   0.00179  -0.2075  0.1246  0.0044  -2.9241   0.0000   0.9652
  -5.000   0.3557   0.00707   0.00173  -0.2081  0.1238  0.0044  -2.5813   0.0000   0.8462
  -4.500   0.4151   0.00705   0.00169  -0.2087  0.1233  0.0045  -2.2571   0.0000   0.7614
  -4.000   0.4743   0.00703   0.00167  -0.2094  0.1228  0.0045  -1.9455   0.0000   0.6978
  -3.000   0.5907   0.00718   0.00171  -0.2102  0.0944  0.0065  -1.3710   0.0000   0.6093
  -2.500   0.6493   0.00722   0.00173  -0.2106  0.0911  0.0074  -1.1029   0.0000   0.5768
  -2.000   0.7078   0.00727   0.00176  -0.2111  0.0856  0.0078  -0.9531   0.0000   0.5496
  -1.500   0.7662   0.00732   0.00181  -0.2116  0.0842  0.0094  -1.0030   0.0000   0.5266
  -1.000   0.8245   0.00738   0.00187  -0.2120  0.0835  0.0149  -1.0553   0.0000   0.5068
  -0.500   0.8823   0.00747   0.00195  -0.2124  0.0827  0.0154  -1.1077   0.0000   0.4896
   0.000   0.9387   0.00766   0.00210  -0.2124  0.0678  0.0156  -1.1595   0.0000   0.4745
   0.500   0.9951   0.00785   0.00222  -0.2125  0.0567  0.0160  -1.2125   0.0000   0.4610
   1.000   1.0528   0.00792   0.00231  -0.2129  0.0643  0.0171  -1.2763   0.0000   0.4489
   1.500   1.1091   0.00809   0.00245  -0.2130  0.0608  0.0175  -1.3511   0.0000   0.4381
   2.000   1.1653   0.00826   0.00261  -0.2131  0.0520  0.0225  -1.4267   0.0000   0.4282
   2.500   1.2163   0.00888   0.00308  -0.2121  0.0042  0.0377  -1.5106   0.0000   0.4190
   3.000   1.2712   0.00912   0.00330  -0.2120  0.0031  0.0389  -1.6211   0.0000   0.4106
   3.500   1.3258   0.00937   0.00354  -0.2118  0.0026  0.0481  -1.7376   0.0000   0.4029
   4.500   1.4338   0.00991   0.00407  -0.2113  0.0024  0.0669  -2.0499   0.0000   0.3890
   5.000   1.4869   0.01022   0.00436  -0.2109  0.0017  0.0779  -2.2297   0.0000   0.3827
   5.500   1.5398   0.01053   0.00468  -0.2105  0.0014  0.1035  -2.4140   0.0000   0.3768
   6.000   1.5926   0.01084   0.00505  -0.2102  0.0013  0.1692  -2.6028   0.0000   0.3713
   6.500   1.6441   0.01119   0.00542  -0.2096  0.0012  0.1984  -2.7943   0.0000   0.3659
   7.000   1.6954   0.01156   0.00582  -0.2090  0.0012  0.2484  -2.9897   0.0000   0.3609
   7.500   1.7450   0.01197   0.00625  -0.2081  0.0012  0.2740  -3.1867   0.0000   0.3560
   8.000   1.7923   0.01245   0.00669  -0.2067  0.0012  0.2536  -3.3838   0.0000   0.3511
   8.500   1.8423   0.01285   0.00723  -0.2060  0.0012  0.3721  -3.5896   0.0000   0.3467
   9.000   1.8879   0.01337   0.00776  -0.2044  0.0012  0.3972  -3.8343   0.0000   0.3423
   9.500   1.9318   0.01393   0.00836  -0.2025  0.0011  0.4325  -4.1049   0.0000   0.3379
  10.000   1.9673   0.01452   0.00904  -0.1990  0.0011  0.4995  -4.5976   0.0000   0.3333
  10.500   1.9982   0.01525   0.00978  -0.1946  0.0011  0.5065  -5.1032   0.0000   0.3285
  11.000   2.0292   0.01609   0.01065  -0.1904  0.0011  0.5276  -5.6309   0.0000   0.3240
  11.500   2.0597   0.01705   0.01166  -0.1864  0.0011  0.5582  -6.1771   0.0000   0.3197
  12.000   2.0869   0.01819   0.01283  -0.1821  0.0010  0.5721  -6.7306   0.0000   0.3154
  12.500   2.1146   0.01948   0.01419  -0.1782  0.0010  0.6106  -7.3059   0.0000   0.3114
  13.000   2.1407   0.02097   0.01575  -0.1744  0.0010  0.6486  -7.8884   0.0000   0.3075
  13.500   2.1639   0.02271   0.01756  -0.1704  0.0009  0.6896  -8.4693   0.0000   0.3037
  14.000   2.1833   0.02482   0.01974  -0.1664  0.0009  0.7163  -9.0394   0.0000   0.3000
  14.500   2.2032   0.02719   0.02219  -0.1629  0.0009  0.7633  -9.6299   0.0000   0.2965
  15.000   2.2219   0.02990   0.02502  -0.1597  0.0009  0.8242  -10.2264   0.0000   0.2933
  15.500   2.2437   0.03283   0.02820  -0.1577  0.0008  1.0000  -10.8650   0.0000   0.2904
  16.000   2.2555   0.03631   0.03172  -0.1544  0.0008  1.0000  -11.4375   0.0000   0.2873
  16.500   2.2675   0.03985   0.03531  -0.1515  0.0008  1.0000  -12.0249   0.0000   0.2844
  17.000   2.2759   0.04391   0.03943  -0.1488  0.0008  1.0000  -12.5949   0.0000   0.2816
  17.500   2.2805   0.04872   0.04431  -0.1464  0.0007  1.0000  -13.1409   0.0000   0.2791
  18.000   2.2821   0.05413   0.04979  -0.1443  0.0007  1.0000  -13.6704   0.0000   0.2767
  18.500   2.2806   0.06012   0.05587  -0.1426  0.0007  1.0000  -14.1779   0.0000   0.2746
  19.000   2.2778   0.06642   0.06224  -0.1413  0.0006  1.0000  -14.6799   0.0000   0.2726
  19.500   2.2804   0.07200   0.06789  -0.1403  0.0005  1.0000  -15.2419   0.0000   0.2706


