XFLR5 v6.02 Beta

 Calculated polar for: WORTMANN FX 63-137

 1 1 Reynolds number fixed          Mach number fixed         

 xtrf =   1.000 (top)        1.000 (bottom)
 Mach =   0.000     Re =    37.000 e 6     Ncrit =   9.000

  alpha     CL        CD       CDp       CM    Top Xtr Bot Xtr   Cpmin    Chinge    XCp    
 ------- -------- --------- --------- -------- ------- ------- -------- --------- ---------
 -21.500  -1.1613   0.05586   0.05273  -0.1490  0.5313  0.0019  -25.8789   0.0000   0.0857
 -19.500  -1.2206   0.02599   0.02239  -0.1723  0.4875  0.0020  -25.4929   0.0000   0.0799
 -19.000  -1.2078   0.02216   0.01850  -0.1748  0.4813  0.0021  -24.8759   0.0000   0.0776
 -18.500  -1.1901   0.01913   0.01543  -0.1765  0.4742  0.0022  -24.1759   0.0000   0.0752
 -18.000  -1.1474   0.01650   0.01273  -0.1817  0.4668  0.0022  -23.1790   0.0000   0.0661
 -17.500  -1.0952   0.01464   0.01069  -0.1869  0.4009  0.0023  -22.0702   0.0000   0.0544
 -17.000  -1.0438   0.01365   0.00959  -0.1886  0.3651  0.0025  -20.9553   0.0000   0.0450
 -16.500  -0.9898   0.01277   0.00867  -0.1901  0.3557  0.0026  -19.8317   0.0000   0.0341
 -16.000  -0.9343   0.01200   0.00785  -0.1915  0.3462  0.0027  -18.7162   0.0000   0.0216
 -15.500  -0.8778   0.01130   0.00712  -0.1927  0.3399  0.0029  -17.6154   0.0000   0.0072
 -15.000  -0.8205   0.01068   0.00647  -0.1939  0.3384  0.0031  -16.5336   0.0000  -0.0094
 -14.500  -0.7642   0.01023   0.00590  -0.1948  0.2915  0.0033  -15.4913   0.0000  -0.0278
 -13.500  -0.6484   0.00940   0.00493  -0.1966  0.2389  0.0035  -13.5337   0.0000  -0.0765
 -13.000  -0.5895   0.00903   0.00452  -0.1976  0.2300  0.0037  -12.6311   0.0000  -0.1089
 -12.500  -0.5303   0.00869   0.00415  -0.1985  0.2218  0.0038  -11.7534   0.0000  -0.1488
 -12.000  -0.4720   0.00846   0.00382  -0.1993  0.1768  0.0038  -10.9107   0.0000  -0.1976
 -11.500  -0.4124   0.00818   0.00352  -0.2002  0.1779  0.0039  -10.0825   0.0000  -0.2623
 -11.000  -0.3528   0.00794   0.00325  -0.2010  0.1712  0.0039  -9.2860   0.0000  -0.3491
 -10.500  -0.2931   0.00772   0.00300  -0.2019  0.1698  0.0040  -8.5176   0.0000  -0.4717
 -10.000  -0.2332   0.00751   0.00278  -0.2027  0.1692  0.0040  -7.7778   0.0000  -0.6575
  -9.000  -0.1143   0.00724   0.00239  -0.2042  0.1389  0.0041  -6.3944   0.0000  -1.6045
  -8.500  -0.0545   0.00710   0.00223  -0.2050  0.1336  0.0041  -5.7420   0.0000  -3.6443
  -8.000   0.0054   0.00698   0.00209  -0.2057  0.1286  0.0042  -5.1187   0.0000  39.7833
  -7.500   0.0652   0.00688   0.00197  -0.2065  0.1241  0.0042  -4.5249   0.0000   3.5111
  -7.000   0.1250   0.00678   0.00186  -0.2072  0.1239  0.0043  -4.0509   0.0000   1.9532
  -6.500   0.1847   0.00671   0.00177  -0.2079  0.1236  0.0043  -3.6600   0.0000   1.4039
  -6.000   0.2444   0.00665   0.00169  -0.2086  0.1233  0.0043  -3.2844   0.0000   1.1232
  -5.500   0.3040   0.00660   0.00163  -0.2093  0.1228  0.0044  -2.9240   0.0000   0.9528
  -5.000   0.3635   0.00657   0.00159  -0.2099  0.1223  0.0044  -2.5777   0.0000   0.8384
  -4.500   0.4220   0.00662   0.00158  -0.2103  0.1012  0.0045  -2.2515   0.0000   0.7568
  -4.000   0.4808   0.00664   0.00157  -0.2109  0.0955  0.0045  -1.9388   0.0000   0.6949
  -3.500   0.5397   0.00666   0.00157  -0.2114  0.0881  0.0046  -1.6408   0.0000   0.6464
  -3.000   0.5986   0.00668   0.00158  -0.2119  0.0854  0.0053  -1.3582   0.0000   0.6075
  -2.500   0.6573   0.00672   0.00160  -0.2124  0.0842  0.0050  -1.0903   0.0000   0.5755
  -2.000   0.7159   0.00676   0.00163  -0.2129  0.0840  0.0060  -0.9582   0.0000   0.5487
  -1.500   0.7742   0.00682   0.00168  -0.2133  0.0825  0.0074  -1.0085   0.0000   0.5260
  -1.000   0.8308   0.00702   0.00180  -0.2134  0.0580  0.0086  -1.0596   0.0000   0.5065
  -0.500   0.8886   0.00711   0.00188  -0.2137  0.0510  0.0095  -1.1120   0.0000   0.4894
   0.000   0.9462   0.00722   0.00197  -0.2140  0.0483  0.0150  -1.1646   0.0000   0.4744
   0.500   1.0033   0.00735   0.00208  -0.2143  0.0455  0.0158  -1.2188   0.0000   0.4610
   1.000   1.0607   0.00745   0.00218  -0.2146  0.0480  0.0170  -1.2831   0.0000   0.4490
   1.500   1.1174   0.00760   0.00231  -0.2147  0.0465  0.0172  -1.3584   0.0000   0.4382
   2.000   1.1738   0.00775   0.00245  -0.2149  0.0444  0.0200  -1.4343   0.0000   0.4283
   2.500   1.2261   0.00826   0.00285  -0.2142  0.0027  0.0374  -1.5208   0.0000   0.4192
   3.000   1.2815   0.00848   0.00304  -0.2141  0.0019  0.0381  -1.6341   0.0000   0.4109
   3.500   1.3365   0.00871   0.00325  -0.2140  0.0015  0.0433  -1.7514   0.0000   0.4033
   4.000   1.3910   0.00895   0.00349  -0.2138  0.0019  0.0467  -1.8926   0.0000   0.3961
   5.000   1.4990   0.00948   0.00400  -0.2134  0.0013  0.0673  -2.2518   0.0000   0.3832
   5.500   1.5521   0.00978   0.00429  -0.2130  0.0013  0.0836  -2.4375   0.0000   0.3773
   7.000   1.7086   0.01076   0.00530  -0.2115  0.0012  0.1693  -3.0173   0.0000   0.3613
   7.500   1.7593   0.01113   0.00568  -0.2107  0.0012  0.1951  -3.2171   0.0000   0.3565
   8.000   1.8085   0.01154   0.00608  -0.2097  0.0012  0.1946  -3.4186   0.0000   0.3518
   8.500   1.8579   0.01195   0.00654  -0.2088  0.0012  0.2554  -3.6243   0.0000   0.3473
   9.000   1.9060   0.01239   0.00702  -0.2077  0.0012  0.3073  -3.8869   0.0000   0.3429
   9.500   1.9514   0.01290   0.00752  -0.2061  0.0011  0.3179  -4.2040   0.0000   0.3386
  10.500   2.0351   0.01398   0.00873  -0.2016  0.0011  0.4369  -5.3290   0.0000   0.3301
  11.000   2.0643   0.01466   0.00942  -0.1967  0.0011  0.4524  -5.8568   0.0000   0.3254
  12.000   2.1243   0.01637   0.01117  -0.1882  0.0010  0.4664  -6.9925   0.0000   0.3167
  12.500   2.1518   0.01745   0.01230  -0.1839  0.0010  0.5033  -7.5748   0.0000   0.3125
  13.000   2.1786   0.01870   0.01360  -0.1797  0.0010  0.5313  -8.1720   0.0000   0.3084
  13.500   2.2039   0.02014   0.01508  -0.1757  0.0009  0.5609  -8.7782   0.0000   0.3046
  14.000   2.2270   0.02179   0.01680  -0.1716  0.0009  0.5959  -9.3876   0.0000   0.3008
  14.500   2.2482   0.02371   0.01879  -0.1677  0.0009  0.6403  -9.9990   0.0000   0.2971
  15.000   2.2684   0.02593   0.02108  -0.1640  0.0009  0.6805  -10.6207   0.0000   0.2937
  15.500   2.2859   0.02847   0.02369  -0.1604  0.0008  0.7057  -11.2367   0.0000   0.2903
  16.500   2.3161   0.03469   0.03007  -0.1542  0.0007  0.7983  -12.4760   0.0000   0.2842
  17.500   2.2761   0.04956   0.04552  -0.1462  0.0016  1.0000  -13.0486   0.0000   0.2791
  18.000   2.2781   0.05499   0.05101  -0.1443  0.0021  1.0000  -13.6228   0.0000   0.2768
  18.500   2.2741   0.06135   0.05746  -0.1426  0.0024  1.0000  -14.1032   0.0000   0.2747
  19.000   2.2671   0.06828   0.06447  -0.1414  0.0027  1.0000  -14.5572   0.0000   0.2729
  19.500   2.2561   0.07591   0.07220  -0.1407  0.0029  1.0000  -14.9739   0.0000   0.2714


