XFLR5 v6.02 Beta

 Calculated polar for: WORTMANN FX 63-137

 1 1 Reynolds number fixed          Mach number fixed         

 xtrf =   1.000 (top)        1.000 (bottom)
 Mach =   0.000     Re =    65.250 e 6     Ncrit =   9.000

  alpha     CL        CD       CDp       CM    Top Xtr Bot Xtr   Cpmin    Chinge    XCp    
 ------- -------- --------- --------- -------- ------- ------- -------- --------- ---------
 -22.000  -0.3933   0.20382   0.20138  -0.0616  0.2214  0.0014  -6.5967   0.0000   0.0426
 -21.000  -1.3046   0.03244   0.02900  -0.1693  0.4079  0.0014  -28.1977   0.0000   0.0879
 -20.500  -1.3010   0.02772   0.02422  -0.1727  0.4045  0.0014  -27.7157   0.0000   0.0865
 -20.000  -1.2923   0.02351   0.01994  -0.1757  0.4022  0.0014  -27.1428   0.0000   0.0847
 -19.500  -1.2774   0.02017   0.01656  -0.1773  0.4017  0.0014  -26.4557   0.0000   0.0831
 -19.000  -1.2501   0.01755   0.01389  -0.1799  0.4012  0.0015  -25.6030   0.0000   0.0791
 -18.500  -1.2014   0.01527   0.01157  -0.1854  0.4010  0.0015  -24.4916   0.0000   0.0695
 -17.500  -1.0968   0.01309   0.00918  -0.1902  0.3066  0.0017  -22.1688   0.0000   0.0517
 -17.000  -1.0426   0.01234   0.00839  -0.1915  0.2991  0.0018  -21.0086   0.0000   0.0420
 -16.500  -0.9872   0.01167   0.00768  -0.1926  0.2921  0.0018  -19.8598   0.0000   0.0310
 -16.000  -0.9309   0.01106   0.00705  -0.1937  0.2852  0.0020  -18.7278   0.0000   0.0183
 -15.500  -0.8738   0.01051   0.00646  -0.1948  0.2805  0.0021  -17.6162   0.0000   0.0038
 -15.000  -0.8162   0.01000   0.00592  -0.1958  0.2774  0.0022  -16.5284   0.0000  -0.0131
 -14.500  -0.7594   0.00960   0.00543  -0.1966  0.2227  0.0023  -15.4782   0.0000  -0.0320
 -14.000  -0.7009   0.00917   0.00498  -0.1976  0.2216  0.0025  -14.4418   0.0000  -0.0551
 -13.000  -0.5836   0.00846   0.00418  -0.1994  0.1913  0.0027  -12.6240   0.0000  -0.1156
 -11.500  -0.4050   0.00752   0.00315  -0.2022  0.1690  0.0035  -10.0784   0.0000  -0.2769
 -11.000  -0.3456   0.00730   0.00288  -0.2031  0.1448  0.0038  -9.2827   0.0000  -0.3675
 -10.500  -0.2859   0.00710   0.00265  -0.2039  0.1398  0.0039  -8.5124   0.0000  -0.4967
 -10.000  -0.2261   0.00693   0.00246  -0.2047  0.1347  0.0040  -7.7713   0.0000  -0.6946
  -9.500  -0.1663   0.00678   0.00229  -0.2054  0.1296  0.0041  -7.0599   0.0000  -1.0353
  -9.000  -0.1065   0.00664   0.00213  -0.2062  0.1239  0.0041  -6.3782   0.0000  -1.7594
  -8.500  -0.0466   0.00652   0.00199  -0.2069  0.1236  0.0041  -5.7242   0.0000  -4.3456
  -8.000   0.0133   0.00642   0.00187  -0.2077  0.1233  0.0042  -5.0998   0.0000  16.4206
  -7.500   0.0731   0.00633   0.00177  -0.2084  0.1229  0.0042  -4.5052   0.0000   3.1867
  -7.000   0.1329   0.00625   0.00167  -0.2091  0.1228  0.0043  -4.0425   0.0000   1.8669
  -6.500   0.1920   0.00623   0.00161  -0.2097  0.1028  0.0043  -3.6525   0.0000   1.3693
  -6.000   0.2515   0.00619   0.00155  -0.2103  0.0998  0.0043  -3.2764   0.0000   1.1055
  -5.500   0.3109   0.00617   0.00150  -0.2109  0.0970  0.0044  -2.9155   0.0000   0.9426
  -5.000   0.3702   0.00615   0.00146  -0.2115  0.0945  0.0044  -2.5699   0.0000   0.8320
  -4.500   0.4295   0.00614   0.00144  -0.2121  0.0888  0.0044  -2.2397   0.0000   0.7520
  -4.000   0.4887   0.00614   0.00143  -0.2126  0.0843  0.0045  -1.9251   0.0000   0.6914
  -3.500   0.5477   0.00615   0.00143  -0.2132  0.0842  0.0045  -1.6265   0.0000   0.6439
  -3.000   0.6067   0.00617   0.00144  -0.2137  0.0841  0.0046  -1.3436   0.0000   0.6057
  -2.500   0.6655   0.00620   0.00146  -0.2142  0.0838  0.0046  -1.0762   0.0000   0.5742
  -2.000   0.7225   0.00638   0.00155  -0.2143  0.0494  0.0049  -0.9622   0.0000   0.5480
  -1.500   0.7806   0.00646   0.00160  -0.2147  0.0460  0.0057  -1.0126   0.0000   0.5255
  -1.000   0.8387   0.00654   0.00167  -0.2151  0.0434  0.0067  -1.0649   0.0000   0.5061
  -0.500   0.8966   0.00662   0.00174  -0.2154  0.0412  0.0073  -1.1175   0.0000   0.4892
   0.000   0.9543   0.00672   0.00182  -0.2158  0.0390  0.0079  -1.1704   0.0000   0.4742
   0.500   1.0118   0.00682   0.00191  -0.2161  0.0382  0.0098  -1.2254   0.0000   0.4610
   1.000   1.0694   0.00692   0.00201  -0.2164  0.0401  0.0169  -1.2906   0.0000   0.4491
   1.500   1.1264   0.00704   0.00212  -0.2166  0.0392  0.0171  -1.3663   0.0000   0.4383
   2.000   1.1830   0.00719   0.00225  -0.2168  0.0373  0.0208  -1.4425   0.0000   0.4285
   3.000   1.2918   0.00783   0.00278  -0.2162  0.0013  0.0379  -1.6470   0.0000   0.4112
   3.500   1.3471   0.00804   0.00297  -0.2162  0.0013  0.0391  -1.7651   0.0000   0.4036
   4.000   1.4020   0.00827   0.00318  -0.2161  0.0013  0.0419  -1.9115   0.0000   0.3965
   4.500   1.4566   0.00850   0.00341  -0.2159  0.0013  0.0477  -2.0903   0.0000   0.3899
   5.500   1.5645   0.00902   0.00391  -0.2155  0.0013  0.0734  -2.4609   0.0000   0.3778
   6.000   1.6180   0.00930   0.00420  -0.2152  0.0012  0.1069  -2.6525   0.0000   0.3722
   6.500   1.6706   0.00960   0.00449  -0.2147  0.0012  0.1190  -2.8475   0.0000   0.3669
   7.000   1.7229   0.00992   0.00481  -0.2143  0.0012  0.1455  -3.0465   0.0000   0.3619
   7.500   1.7741   0.01027   0.00514  -0.2136  0.0012  0.1466  -3.2482   0.0000   0.3571
   8.000   1.8245   0.01064   0.00550  -0.2128  0.0012  0.1463  -3.4528   0.0000   0.3524
   8.500   1.8741   0.01103   0.00588  -0.2119  0.0012  0.1614  -3.6602   0.0000   0.3479
   9.000   1.9235   0.01142   0.00631  -0.2110  0.0012  0.2171  -3.9376   0.0000   0.3436
   9.500   1.9714   0.01186   0.00676  -0.2098  0.0012  0.2491  -4.3185   0.0000   0.3394
  10.000   2.0186   0.01231   0.00726  -0.2086  0.0012  0.3083  -4.9031   0.0000   0.3353
  10.500   2.0634   0.01281   0.00778  -0.2069  0.0011  0.3418  -5.5058   0.0000   0.3312
  11.000   2.1058   0.01337   0.00835  -0.2048  0.0011  0.3692  -6.1244   0.0000   0.3272
  11.500   2.1327   0.01400   0.00899  -0.1994  0.0011  0.3694  -6.6708   0.0000   0.3225
  12.500   2.1908   0.01561   0.01062  -0.1903  0.0010  0.3706  -7.8556   0.0000   0.3138
  13.500   2.2468   0.01777   0.01288  -0.1820  0.0009  0.4664  -9.1096   0.0000   0.3058
  14.500   2.2526   0.02322   0.01856  -0.1677  0.0014  0.4976  -9.9890   0.0000   0.2970
  15.000   2.2695   0.02556   0.02097  -0.1635  0.0019  0.5220  -10.5972   0.0000   0.2934
  15.500   2.2875   0.02804   0.02351  -0.1599  0.0024  0.5570  -11.2366   0.0000   0.2901
  16.000   2.3003   0.03108   0.02661  -0.1561  0.0028  0.5740  -11.8252   0.0000   0.2868
  16.500   2.3111   0.03455   0.03016  -0.1528  0.0031  0.6128  -12.4085   0.0000   0.2838
  17.000   2.3176   0.03848   0.03417  -0.1494  0.0035  0.6328  -12.9655   0.0000   0.2808
  17.500   2.3206   0.04299   0.03877  -0.1463  0.0040  0.6578  -13.4989   0.0000   0.2781
  18.000   2.3227   0.04805   0.04392  -0.1439  0.0043  0.6884  -14.0350   0.0000   0.2756
  18.500   2.3225   0.05366   0.04962  -0.1418  0.0045  0.7146  -14.5576   0.0000   0.2732
  19.000   2.3191   0.05997   0.05603  -0.1403  0.0046  0.7492  -15.0573   0.0000   0.2712
  19.500   2.3270   0.06502   0.06119  -0.1393  0.0046  0.7997  -15.6772   0.0000   0.2691
  20.000   2.3181   0.07236   0.06864  -0.1387  0.0046  0.8300  -16.1359   0.0000   0.2675
  20.500   2.3096   0.08048   0.07694  -0.1395  0.0047  0.9241  -16.6032   0.0000   0.2665


