XFLR5 v6.02 Beta

 Calculated polar for: WORTMANN FX 63-137

 1 1 Reynolds number fixed          Mach number fixed         

 xtrf =   1.000 (top)        1.000 (bottom)
 Mach =   0.000     Re =    79.000 e 6     Ncrit =   9.000

  alpha     CL        CD       CDp       CM    Top Xtr Bot Xtr   Cpmin    Chinge    XCp    
 ------- -------- --------- --------- -------- ------- ------- -------- --------- ---------
 -23.000  -1.2283   0.06485   0.06181  -0.1445  0.4013  0.0014  -28.2469   0.0000   0.0928
 -22.500  -1.2862   0.05137   0.04818  -0.1552  0.4013  0.0014  -29.0411   0.0000   0.0922
 -21.500  -1.3265   0.03525   0.03189  -0.1678  0.4012  0.0014  -29.0148   0.0000   0.0900
 -21.000  -1.3336   0.02927   0.02583  -0.1723  0.4012  0.0014  -28.7203   0.0000   0.0889
 -20.500  -1.3238   0.02523   0.02174  -0.1751  0.4012  0.0014  -28.1207   0.0000   0.0873
 -20.000  -1.3108   0.02147   0.01793  -0.1776  0.4011  0.0014  -27.4662   0.0000   0.0854
 -19.000  -1.2552   0.01621   0.01254  -0.1828  0.3688  0.0014  -25.7280   0.0000   0.0775
 -18.500  -1.2009   0.01423   0.01050  -0.1887  0.3635  0.0014  -24.5382   0.0000   0.0667
 -18.000  -1.1504   0.01336   0.00952  -0.1900  0.2981  0.0014  -23.3743   0.0000   0.0594
 -17.500  -1.0967   0.01257   0.00870  -0.1913  0.2901  0.0015  -22.1926   0.0000   0.0507
 -17.000  -1.0418   0.01188   0.00798  -0.1925  0.2827  0.0016  -21.0207   0.0000   0.0409
 -16.500  -0.9859   0.01126   0.00733  -0.1936  0.2786  0.0017  -19.8641   0.0000   0.0297
 -16.000  -0.9293   0.01069   0.00674  -0.1946  0.2781  0.0017  -18.7269   0.0000   0.0170
 -15.500  -0.8721   0.01017   0.00620  -0.1956  0.2778  0.0018  -17.6117   0.0000   0.0023
 -15.000  -0.8155   0.00976   0.00570  -0.1964  0.2255  0.0020  -16.5335   0.0000  -0.0140
 -14.500  -0.7573   0.00933   0.00524  -0.1973  0.2214  0.0021  -15.4687   0.0000  -0.0337
 -13.500  -0.6406   0.00861   0.00443  -0.1991  0.1883  0.0023  -13.5101   0.0000  -0.0842
 -13.000  -0.5816   0.00827   0.00407  -0.2000  0.1769  0.0024  -12.6128   0.0000  -0.1178
 -12.500  -0.5227   0.00798   0.00373  -0.2008  0.1477  0.0026  -11.7427   0.0000  -0.1590
 -12.000  -0.4633   0.00769   0.00341  -0.2017  0.1406  0.0028  -10.8961   0.0000  -0.2113
 -11.500  -0.4034   0.00740   0.00309  -0.2027  0.1420  0.0031  -10.0733   0.0000  -0.2800
 -11.000  -0.3436   0.00716   0.00282  -0.2036  0.1383  0.0034  -9.2779   0.0000  -0.3725
 -10.500  -0.2837   0.00693   0.00258  -0.2044  0.1338  0.0037  -8.5082   0.0000  -0.5046
 -10.000  -0.2237   0.00675   0.00237  -0.2053  0.1290  0.0039  -7.7649   0.0000  -0.7074
  -9.500  -0.1639   0.00659   0.00221  -0.2061  0.1242  0.0040  -7.0525   0.0000  -1.0582
  -9.000  -0.1040   0.00646   0.00205  -0.2068  0.1236  0.0041  -6.3704   0.0000  -1.8125
  -8.500  -0.0441   0.00635   0.00192  -0.2075  0.1233  0.0041  -5.7161   0.0000  -4.6147
  -8.000   0.0157   0.00624   0.00181  -0.2083  0.1229  0.0042  -5.0917   0.0000  13.9387
  -7.000   0.1348   0.00612   0.00162  -0.2096  0.1020  0.0043  -4.0407   0.0000   1.8476
  -6.500   0.1943   0.00608   0.00155  -0.2102  0.0993  0.0043  -3.6490   0.0000   1.3590
  -6.000   0.2538   0.00604   0.00150  -0.2108  0.0966  0.0043  -3.2725   0.0000   1.0997
  -5.500   0.3133   0.00601   0.00145  -0.2114  0.0941  0.0044  -2.9112   0.0000   0.9390
  -5.000   0.3727   0.00599   0.00142  -0.2120  0.0902  0.0044  -2.5655   0.0000   0.8297
  -4.500   0.4320   0.00598   0.00140  -0.2126  0.0843  0.0044  -2.2353   0.0000   0.7504
  -4.000   0.4912   0.00598   0.00139  -0.2132  0.0842  0.0045  -1.9205   0.0000   0.6903
  -3.500   0.5502   0.00599   0.00139  -0.2137  0.0841  0.0045  -1.6218   0.0000   0.6432
  -3.000   0.6092   0.00601   0.00140  -0.2143  0.0840  0.0046  -1.3390   0.0000   0.6051
  -2.500   0.6680   0.00604   0.00142  -0.2148  0.0838  0.0046  -1.0716   0.0000   0.5738
  -2.000   0.7249   0.00623   0.00151  -0.2149  0.0454  0.0046  -0.9636   0.0000   0.5478
  -1.500   0.7832   0.00630   0.00156  -0.2153  0.0426  0.0053  -1.0143   0.0000   0.5253
  -1.000   0.8413   0.00637   0.00162  -0.2157  0.0404  0.0061  -1.0667   0.0000   0.5060
  -0.500   0.8993   0.00645   0.00169  -0.2160  0.0384  0.0068  -1.1194   0.0000   0.4891
   0.000   0.9570   0.00655   0.00177  -0.2164  0.0381  0.0073  -1.1724   0.0000   0.4742
   0.500   1.0146   0.00665   0.00186  -0.2167  0.0380  0.0091  -1.2275   0.0000   0.4610
   1.000   1.0722   0.00674   0.00195  -0.2170  0.0382  0.0169  -1.2930   0.0000   0.4491
   1.500   1.1293   0.00686   0.00206  -0.2172  0.0382  0.0171  -1.3689   0.0000   0.4384
   2.000   1.1842   0.00715   0.00228  -0.2170  0.0175  0.0197  -1.4433   0.0000   0.4286
   2.500   1.2392   0.00744   0.00253  -0.2169  0.0013  0.0369  -1.5347   0.0000   0.4196
   3.000   1.2950   0.00763   0.00270  -0.2169  0.0013  0.0379  -1.6511   0.0000   0.4113
   3.500   1.3504   0.00783   0.00289  -0.2169  0.0013  0.0384  -1.7694   0.0000   0.4037
   4.000   1.4055   0.00805   0.00309  -0.2168  0.0013  0.0404  -1.9174   0.0000   0.3966
   4.500   1.4601   0.00828   0.00331  -0.2167  0.0013  0.0459  -2.0966   0.0000   0.3900
   5.500   1.5684   0.00879   0.00379  -0.2163  0.0013  0.0706  -2.4682   0.0000   0.3779
   6.000   1.6220   0.00905   0.00407  -0.2160  0.0012  0.1035  -2.6604   0.0000   0.3724
   6.500   1.6748   0.00935   0.00435  -0.2156  0.0012  0.1128  -2.8559   0.0000   0.3671
   7.000   1.7271   0.00966   0.00466  -0.2151  0.0012  0.1238  -3.0552   0.0000   0.3621
   7.500   1.7788   0.00999   0.00498  -0.2145  0.0012  0.1457  -3.2581   0.0000   0.3573
   8.000   1.8295   0.01035   0.00533  -0.2138  0.0012  0.1457  -3.4637   0.0000   0.3526
   8.500   1.8794   0.01073   0.00569  -0.2129  0.0012  0.1478  -3.6719   0.0000   0.3481
   9.000   1.9291   0.01111   0.00610  -0.2121  0.0012  0.2014  -3.9539   0.0000   0.3438
  10.000   2.0244   0.01198   0.00699  -0.2097  0.0012  0.2609  -4.9392   0.0000   0.3355
  10.500   2.0705   0.01246   0.00751  -0.2082  0.0011  0.3135  -5.5512   0.0000   0.3315
  11.000   2.1134   0.01300   0.00804  -0.2062  0.0011  0.3236  -6.1747   0.0000   0.3275
  11.500   2.1461   0.01358   0.00863  -0.2020  0.0011  0.3308  -6.7605   0.0000   0.3231
  12.000   2.1746   0.01427   0.00932  -0.1971  0.0010  0.3317  -7.3418   0.0000   0.3186
  12.500   2.2034   0.01508   0.01015  -0.1926  0.0010  0.3397  -7.9464   0.0000   0.3143
  13.000   2.2316   0.01602   0.01113  -0.1882  0.0009  0.3703  -8.5678   0.0000   0.3102
  14.000   2.2506   0.02030   0.01564  -0.1744  0.0020  0.4429  -9.5545   0.0000   0.3012
  14.500   2.2703   0.02206   0.01743  -0.1698  0.0022  0.4529  -10.1629   0.0000   0.2974
  15.000   2.2862   0.02431   0.01975  -0.1653  0.0027  0.4784  -10.7547   0.0000   0.2937
  15.500   2.3006   0.02694   0.02245  -0.1611  0.0031  0.5073  -11.3448   0.0000   0.2902
  16.000   2.3130   0.02995   0.02552  -0.1572  0.0035  0.5317  -11.9318   0.0000   0.2869
  16.500   2.3237   0.03330   0.02894  -0.1536  0.0039  0.5570  -12.5163   0.0000   0.2838
  17.000   2.3317   0.03710   0.03280  -0.1503  0.0042  0.5776  -13.0887   0.0000   0.2808
  17.500   2.3365   0.04124   0.03704  -0.1471  0.0046  0.6048  -13.6429   0.0000   0.2780
  18.000   2.3388   0.04613   0.04201  -0.1445  0.0046  0.6291  -14.1863   0.0000   0.2754
  18.500   2.3494   0.05027   0.04621  -0.1424  0.0046  0.6540  -14.8179   0.0000   0.2729
  19.000   2.3475   0.05617   0.05221  -0.1405  0.0047  0.6881  -15.3402   0.0000   0.2707
  20.000   2.3334   0.06986   0.06611  -0.1382  0.0047  0.7457  -16.2978   0.0000   0.2670
  20.500   2.3208   0.07771   0.07407  -0.1378  0.0047  0.7751  -16.7243   0.0000   0.2656
  21.000   2.3031   0.08602   0.08250  -0.1379  0.0047  0.8019  -17.0979   0.0000   0.2644


