XFLR5 v6.02 Beta

 Calculated polar for: WORTMANN FX 63-137

 1 1 Reynolds number fixed          Mach number fixed         

 xtrf =   1.000 (top)        1.000 (bottom)
 Mach =   0.000     Re =    76.000 e 6     Ncrit =   9.000

  alpha     CL        CD       CDp       CM    Top Xtr Bot Xtr   Cpmin    Chinge    XCp    
 ------- -------- --------- --------- -------- ------- ------- -------- --------- ---------
 -23.000  -1.2182   0.06612   0.06308  -0.1435  0.4014  0.0014  -28.0419   0.0000   0.0926
 -22.500  -1.2797   0.05219   0.04901  -0.1545  0.4014  0.0014  -28.9127   0.0000   0.0921
 -22.000  -1.3141   0.04219   0.03890  -0.1624  0.4013  0.0014  -29.1856   0.0000   0.0912
 -21.500  -1.3211   0.03586   0.03249  -0.1672  0.4013  0.0014  -28.9149   0.0000   0.0899
 -21.000  -1.3297   0.02969   0.02624  -0.1720  0.4013  0.0014  -28.6495   0.0000   0.0888
 -20.500  -1.3203   0.02561   0.02212  -0.1747  0.4012  0.0014  -28.0576   0.0000   0.0872
 -20.000  -1.3080   0.02177   0.01823  -0.1774  0.4011  0.0014  -27.4157   0.0000   0.0852
 -19.500  -1.2928   0.01900   0.01542  -0.1779  0.4010  0.0014  -26.7022   0.0000   0.0845
 -19.000  -1.2546   0.01644   0.01279  -0.1823  0.3777  0.0014  -25.7090   0.0000   0.0778
 -18.500  -1.2005   0.01437   0.01065  -0.1884  0.3673  0.0014  -24.5261   0.0000   0.0669
 -18.000  -1.1503   0.01348   0.00964  -0.1897  0.3014  0.0015  -23.3671   0.0000   0.0596
 -17.500  -1.0968   0.01268   0.00880  -0.1911  0.2933  0.0015  -22.1888   0.0000   0.0509
 -17.000  -1.0420   0.01197   0.00806  -0.1923  0.2860  0.0016  -21.0187   0.0000   0.0411
 -16.500  -0.9862   0.01134   0.00740  -0.1934  0.2791  0.0017  -19.8635   0.0000   0.0300
 -16.000  -0.9296   0.01077   0.00680  -0.1944  0.2783  0.0018  -18.7271   0.0000   0.0173
 -15.500  -0.8724   0.01024   0.00625  -0.1955  0.2780  0.0019  -17.6126   0.0000   0.0026
 -15.000  -0.8158   0.00982   0.00575  -0.1962  0.2307  0.0020  -16.5347   0.0000  -0.0137
 -14.500  -0.7577   0.00939   0.00528  -0.1972  0.2215  0.0021  -15.4706   0.0000  -0.0334
 -14.000  -0.6992   0.00898   0.00485  -0.1982  0.2210  0.0022  -14.4331   0.0000  -0.0566
 -13.500  -0.6410   0.00865   0.00446  -0.1989  0.1900  0.0023  -13.5123   0.0000  -0.0838
 -13.000  -0.5821   0.00831   0.00409  -0.1999  0.1805  0.0025  -12.6153   0.0000  -0.1173
 -12.500  -0.5228   0.00800   0.00375  -0.2008  0.1691  0.0027  -11.7424   0.0000  -0.1588
 -12.000  -0.4637   0.00773   0.00342  -0.2016  0.1420  0.0029  -10.8985   0.0000  -0.2107
 -11.500  -0.4038   0.00743   0.00310  -0.2026  0.1433  0.0032  -10.0753   0.0000  -0.2793
 -11.000  -0.3440   0.00718   0.00283  -0.2035  0.1396  0.0035  -9.2796   0.0000  -0.3715
 -10.500  -0.2841   0.00696   0.00259  -0.2043  0.1349  0.0038  -8.5092   0.0000  -0.5031
 -10.000  -0.2242   0.00678   0.00239  -0.2052  0.1301  0.0040  -7.7661   0.0000  -0.7049
  -9.500  -0.1643   0.00663   0.00222  -0.2059  0.1251  0.0040  -7.0540   0.0000  -1.0536
  -9.000  -0.1045   0.00650   0.00207  -0.2067  0.1236  0.0041  -6.3719   0.0000  -1.8018
  -8.500  -0.0446   0.00638   0.00194  -0.2074  0.1234  0.0041  -5.7178   0.0000  -4.5588
  -8.000   0.0152   0.00628   0.00182  -0.2082  0.1230  0.0042  -5.0934   0.0000  14.3691
  -7.500   0.0750   0.00619   0.00172  -0.2089  0.1228  0.0042  -4.4987   0.0000   3.1160
  -7.000   0.1343   0.00616   0.00163  -0.2095  0.1027  0.0043  -4.0414   0.0000   1.8522
  -6.500   0.1938   0.00611   0.00156  -0.2101  0.1000  0.0043  -3.6498   0.0000   1.3611
  -6.000   0.2533   0.00607   0.00151  -0.2107  0.0972  0.0043  -3.2733   0.0000   1.1009
  -5.500   0.3128   0.00604   0.00146  -0.2113  0.0947  0.0044  -2.9121   0.0000   0.9397
  -5.000   0.3722   0.00602   0.00143  -0.2119  0.0912  0.0044  -2.5664   0.0000   0.8301
  -4.500   0.4315   0.00602   0.00141  -0.2125  0.0846  0.0044  -2.2362   0.0000   0.7507
  -4.000   0.4907   0.00601   0.00140  -0.2131  0.0842  0.0045  -1.9214   0.0000   0.6905
  -3.500   0.5497   0.00602   0.00140  -0.2136  0.0841  0.0045  -1.6227   0.0000   0.6433
  -3.000   0.6087   0.00604   0.00141  -0.2142  0.0840  0.0046  -1.3399   0.0000   0.6053
  -2.500   0.6675   0.00607   0.00142  -0.2147  0.0838  0.0046  -1.0725   0.0000   0.5739
  -2.000   0.7244   0.00626   0.00152  -0.2148  0.0461  0.0047  -0.9633   0.0000   0.5478
  -1.500   0.7827   0.00633   0.00157  -0.2152  0.0433  0.0053  -1.0139   0.0000   0.5254
  -1.000   0.8408   0.00641   0.00163  -0.2155  0.0410  0.0062  -1.0663   0.0000   0.5060
  -0.500   0.8987   0.00649   0.00170  -0.2159  0.0388  0.0069  -1.1190   0.0000   0.4891
   0.000   0.9565   0.00658   0.00178  -0.2162  0.0382  0.0074  -1.1720   0.0000   0.4742
   0.500   1.0140   0.00668   0.00187  -0.2166  0.0381  0.0092  -1.2271   0.0000   0.4610
   1.000   1.0716   0.00678   0.00196  -0.2169  0.0384  0.0169  -1.2926   0.0000   0.4491
   1.500   1.1287   0.00689   0.00207  -0.2171  0.0382  0.0171  -1.3684   0.0000   0.4384
   2.000   1.1836   0.00719   0.00229  -0.2169  0.0201  0.0199  -1.4428   0.0000   0.4286
   2.500   1.2386   0.00748   0.00254  -0.2167  0.0014  0.0370  -1.5339   0.0000   0.4196
   3.000   1.2943   0.00767   0.00272  -0.2168  0.0013  0.0379  -1.6503   0.0000   0.4113
   3.500   1.3497   0.00787   0.00290  -0.2167  0.0013  0.0384  -1.7685   0.0000   0.4037
   4.000   1.4048   0.00809   0.00311  -0.2167  0.0013  0.0407  -1.9162   0.0000   0.3966
   4.500   1.4594   0.00833   0.00333  -0.2165  0.0013  0.0462  -2.0954   0.0000   0.3900
   5.500   1.5676   0.00883   0.00381  -0.2161  0.0013  0.0712  -2.4667   0.0000   0.3779
   6.000   1.6212   0.00910   0.00409  -0.2158  0.0012  0.1036  -2.6588   0.0000   0.3724
   6.500   1.6739   0.00940   0.00438  -0.2154  0.0012  0.1140  -2.8542   0.0000   0.3671
   7.000   1.7262   0.00972   0.00469  -0.2149  0.0012  0.1289  -3.0534   0.0000   0.3620
   7.500   1.7779   0.01005   0.00502  -0.2144  0.0012  0.1459  -3.2561   0.0000   0.3572
   8.000   1.8285   0.01041   0.00536  -0.2136  0.0012  0.1457  -3.4615   0.0000   0.3526
   8.500   1.8784   0.01079   0.00573  -0.2127  0.0012  0.1502  -3.6696   0.0000   0.3481
   9.000   1.9280   0.01118   0.00614  -0.2118  0.0012  0.2045  -3.9506   0.0000   0.3438
  10.000   2.0232   0.01205   0.00704  -0.2094  0.0012  0.2687  -4.9316   0.0000   0.3355
  10.500   2.0690   0.01253   0.00756  -0.2079  0.0011  0.3191  -5.5418   0.0000   0.3315
  11.000   2.1118   0.01307   0.00809  -0.2059  0.0011  0.3290  -6.1641   0.0000   0.3274
  11.500   2.1432   0.01367   0.00870  -0.2014  0.0011  0.3362  -6.7407   0.0000   0.3229
  12.000   2.1718   0.01436   0.00940  -0.1966  0.0010  0.3371  -7.3230   0.0000   0.3185
  13.000   2.2284   0.01615   0.01125  -0.1876  0.0009  0.3769  -8.5448   0.0000   0.3100
  13.500   2.2245   0.01895   0.01422  -0.1783  0.0012  0.4340  -8.9030   0.0000   0.3050
  14.000   2.2485   0.02043   0.01577  -0.1741  0.0019  0.4505  -9.5226   0.0000   0.3011
  14.500   2.2649   0.02240   0.01777  -0.1692  0.0020  0.4613  -10.1151   0.0000   0.2973
  15.000   2.2831   0.02455   0.01999  -0.1650  0.0025  0.4945  -10.7295   0.0000   0.2937
  15.500   2.2978   0.02717   0.02267  -0.1609  0.0029  0.5195  -11.3217   0.0000   0.2902
  16.000   2.3102   0.03018   0.02575  -0.1570  0.0034  0.5363  -11.9082   0.0000   0.2869
  16.500   2.3210   0.03357   0.02919  -0.1534  0.0038  0.5641  -12.4933   0.0000   0.2838
  17.000   2.3290   0.03740   0.03310  -0.1502  0.0041  0.5933  -13.0653   0.0000   0.2808
  18.000   2.3353   0.04651   0.04238  -0.1443  0.0046  0.6378  -14.1523   0.0000   0.2754
  18.500   2.3364   0.05185   0.04780  -0.1421  0.0046  0.6595  -14.6928   0.0000   0.2730
  19.000   2.3439   0.05659   0.05263  -0.1404  0.0047  0.6913  -15.3042   0.0000   0.2707
  19.500   2.3389   0.06310   0.05923  -0.1390  0.0047  0.7211  -15.8008   0.0000   0.2687
  20.000   2.3299   0.07033   0.06658  -0.1382  0.0047  0.7560  -16.2614   0.0000   0.2671
  20.500   2.3174   0.07819   0.07455  -0.1379  0.0047  0.7901  -16.6877   0.0000   0.2657
  21.000   2.2994   0.08659   0.08307  -0.1380  0.0047  0.8153  -17.0572   0.0000   0.2646
  21.500   2.2794   0.09589   0.09250  -0.1389  0.0047  0.8321  -17.3985   0.0000   0.2639
  22.000   2.2787   0.10233   0.09901  -0.1397  0.0047  0.8525  -17.9517   0.0000   0.2626


