XFLR5 v6.02 Beta

 Calculated polar for: WORTMANN FX 63-137

 1 1 Reynolds number fixed          Mach number fixed         

 xtrf =   1.000 (top)        1.000 (bottom)
 Mach =   0.000     Re =     8.250 e 6     Ncrit =   9.000

  alpha     CL        CD       CDp       CM    Top Xtr Bot Xtr   Cpmin    Chinge    XCp    
 ------- -------- --------- --------- -------- ------- ------- -------- --------- ---------
 -17.500  -0.8820   0.04303   0.04021  -0.1526  0.7910  0.0037  -18.0316   0.0000   0.0476
 -17.000  -0.8988   0.03423   0.03122  -0.1606  0.7744  0.0037  -18.0529   0.0000   0.0439
 -16.500  -0.8974   0.02820   0.02499  -0.1661  0.7464  0.0038  -17.7471   0.0000   0.0390
 -16.000  -0.8877   0.02368   0.02033  -0.1696  0.7303  0.0038  -17.2880   0.0000   0.0344
 -15.500  -0.8606   0.02014   0.01667  -0.1741  0.7162  0.0039  -16.6216   0.0000   0.0241
 -15.000  -0.8156   0.01735   0.01364  -0.1805  0.6696  0.0039  -15.7663   0.0000   0.0057
 -14.500  -0.7606   0.01550   0.01169  -0.1852  0.6593  0.0040  -14.7975   0.0000  -0.0164
 -14.000  -0.7061   0.01425   0.01037  -0.1876  0.6555  0.0040  -13.8401   0.0000  -0.0386
 -13.500  -0.6547   0.01341   0.00926  -0.1888  0.5927  0.0041  -12.9361   0.0000  -0.0612
 -12.500  -0.5466   0.01210   0.00754  -0.1908  0.4877  0.0042  -11.1446   0.0000  -0.1227
 -12.000  -0.4889   0.01145   0.00679  -0.1921  0.4667  0.0043  -10.2598   0.0000  -0.1675
 -11.500  -0.4302   0.01093   0.00620  -0.1934  0.4638  0.0044  -9.3816   0.0000  -0.2253
  -3.500   0.5176   0.00799   0.00189  -0.2063  0.1670  0.0069  -1.6621   0.0000   0.6535
  -3.000   0.5757   0.00809   0.00193  -0.2068  0.1422  0.0141  -1.3975   0.0000   0.6128
  -2.500   0.6335   0.00819   0.00197  -0.2071  0.1240  0.0149  -1.1279   0.0000   0.5794
  -2.000   0.6918   0.00824   0.00200  -0.2076  0.1227  0.0149  -0.9431   0.0000   0.5515
  -1.500   0.7499   0.00830   0.00205  -0.2080  0.1211  0.0155  -0.9918   0.0000   0.5279
  -1.000   0.8062   0.00851   0.00218  -0.2081  0.1007  0.0159  -1.0426   0.0000   0.5078
  -0.500   0.8633   0.00866   0.00228  -0.2083  0.0948  0.0162  -1.0943   0.0000   0.4902
   0.000   0.9205   0.00878   0.00238  -0.2085  0.0903  0.0164  -1.1464   0.0000   0.4747
   0.500   0.9774   0.00891   0.00250  -0.2088  0.0843  0.0169  -1.1988   0.0000   0.4610
   1.000   1.0342   0.00904   0.00262  -0.2090  0.0843  0.0173  -1.2608   0.0000   0.4488
   1.500   1.0906   0.00918   0.00277  -0.2091  0.0839  0.0218  -1.3339   0.0000   0.4377
   2.000   1.1470   0.00933   0.00295  -0.2093  0.0834  0.0361  -1.4093   0.0000   0.4278
   2.500   1.1983   0.00988   0.00336  -0.2085  0.0472  0.0404  -1.4920   0.0000   0.4186
   3.000   1.2527   0.01016   0.00363  -0.2083  0.0382  0.0655  -1.5960   0.0000   0.4101
   3.500   1.3070   0.01041   0.00387  -0.2081  0.0375  0.0702  -1.7118   0.0000   0.4024
   4.000   1.3608   0.01067   0.00413  -0.2078  0.0369  0.0797  -1.8414   0.0000   0.3951
   4.500   1.4114   0.01119   0.00458  -0.2069  0.0225  0.1035  -2.0066   0.0000   0.3883
   5.000   1.4603   0.01181   0.00519  -0.2058  0.0045  0.1451  -2.1807   0.0000   0.3818
   5.500   1.5121   0.01219   0.00561  -0.2052  0.0035  0.2013  -2.3617   0.0000   0.3758
   6.000   1.5674   0.01245   0.00612  -0.2057  0.0020  0.3778  -2.5524   0.0000   0.3705
   6.500   1.6180   0.01286   0.00660  -0.2050  0.0014  0.4295  -2.7401   0.0000   0.3652
   7.000   1.6665   0.01333   0.00711  -0.2039  0.0013  0.4631  -2.9289   0.0000   0.3600
   7.500   1.7137   0.01385   0.00767  -0.2025  0.0013  0.5074  -3.1195   0.0000   0.3550
   8.000   1.7580   0.01443   0.00826  -0.2006  0.0013  0.5177  -3.3088   0.0000   0.3500
   8.500   1.7970   0.01505   0.00890  -0.1977  0.0013  0.5316  -3.4913   0.0000   0.3450
   9.000   1.8303   0.01575   0.00964  -0.1937  0.0012  0.5502  -3.6718   0.0000   0.3400
   9.500   1.8641   0.01654   0.01050  -0.1900  0.0012  0.5879  -3.9099   0.0000   0.3351
  10.000   1.8970   0.01746   0.01149  -0.1864  0.0012  0.6291  -4.1812   0.0000   0.3305
  10.500   1.9274   0.01854   0.01265  -0.1825  0.0011  0.6714  -4.6561   0.0000   0.3260
  11.000   1.9555   0.01982   0.01399  -0.1785  0.0011  0.6982  -5.1373   0.0000   0.3216
  11.500   1.9821   0.02130   0.01555  -0.1746  0.0011  0.7247  -5.6249   0.0000   0.3174
  12.000   2.0073   0.02303   0.01739  -0.1709  0.0011  0.7706  -6.1155   0.0000   0.3134
  12.500   2.0295   0.02510   0.01960  -0.1671  0.0011  0.8351  -6.5860   0.0000   0.3095
  13.500   2.0740   0.02957   0.02435  -0.1607  0.0010  1.0000  -7.7474   0.0000   0.3024
  14.000   2.0904   0.03249   0.02733  -0.1573  0.0009  1.0000  -8.2694   0.0000   0.2990
  14.500   2.1045   0.03579   0.03069  -0.1542  0.0009  1.0000  -8.7882   0.0000   0.2958
  15.000   2.1170   0.03938   0.03435  -0.1512  0.0009  1.0000  -9.3089   0.0000   0.2928
  15.500   2.1246   0.04352   0.03858  -0.1483  0.0009  1.0000  -9.7995   0.0000   0.2899
  16.000   2.1309   0.04817   0.04331  -0.1459  0.0008  1.0000  -10.2939   0.0000   0.2873
  16.500   2.1351   0.05332   0.04855  -0.1438  0.0008  1.0000  -10.7823   0.0000   0.2849
  17.000   2.1367   0.05902   0.05435  -0.1421  0.0008  1.0000  -11.2560   0.0000   0.2827
  17.500   2.1420   0.06432   0.05973  -0.1407  0.0008  1.0000  -11.7718   0.0000   0.2805
  18.000   2.1405   0.07066   0.06617  -0.1398  0.0008  1.0000  -12.2340   0.0000   0.2787
  18.500   2.1345   0.07774   0.07337  -0.1393  0.0007  1.0000  -12.6595   0.0000   0.2772
  19.000   2.1241   0.08527   0.08103  -0.1391  0.0007  1.0000  -13.0517   0.0000   0.2760
  19.500   2.1119   0.09350   0.08938  -0.1396  0.0007  1.0000  -13.4215   0.0000   0.2751
  20.000   2.1099   0.10017   0.09614  -0.1400  0.0007  1.0000  -13.8938   0.0000   0.2738


