XFLR5 v6.02 Beta

 Calculated polar for: WORTMANN FX 63-137

 1 1 Reynolds number fixed          Mach number fixed         

 xtrf =   1.000 (top)        1.000 (bottom)
 Mach =   0.000     Re =    34.250 e 6     Ncrit =   9.000

  alpha     CL        CD       CDp       CM    Top Xtr Bot Xtr   Cpmin    Chinge    XCp    
 ------- -------- --------- --------- -------- ------- ------- -------- --------- ---------
 -24.000  -0.4585   0.22579   0.22342  -0.0436  0.3680  0.0014  -6.8228   0.0000   0.1054
 -21.500  -1.1490   0.05754   0.05444  -0.1474  0.5495  0.0020  -25.6337   0.0000   0.0855
 -21.000  -1.1913   0.04597   0.04272  -0.1566  0.5455  0.0020  -26.0997   0.0000   0.0845
 -20.500  -1.2126   0.03740   0.03403  -0.1636  0.5320  0.0020  -26.1311   0.0000   0.0830
 -20.000  -1.2150   0.03174   0.02829  -0.1679  0.5308  0.0021  -25.7910   0.0000   0.0812
 -19.500  -1.2145   0.02658   0.02303  -0.1718  0.5070  0.0021  -25.3871   0.0000   0.0795
 -19.000  -1.2004   0.02291   0.01928  -0.1742  0.4968  0.0022  -24.7519   0.0000   0.0771
 -18.500  -1.1868   0.01964   0.01594  -0.1757  0.4904  0.0023  -24.1118   0.0000   0.0754
 -18.000  -1.1471   0.01690   0.01312  -0.1807  0.4798  0.0024  -23.1552   0.0000   0.0669
 -17.500  -1.0953   0.01485   0.01089  -0.1864  0.4121  0.0025  -22.0597   0.0000   0.0549
 -17.000  -1.0428   0.01375   0.00973  -0.1884  0.4006  0.0026  -20.9357   0.0000   0.0450
 -16.500  -0.9899   0.01289   0.00878  -0.1898  0.3664  0.0027  -19.8251   0.0000   0.0344
 -16.000  -0.9348   0.01211   0.00795  -0.1912  0.3571  0.0029  -18.7144   0.0000   0.0220
 -15.500  -0.8785   0.01141   0.00720  -0.1924  0.3506  0.0030  -17.6155   0.0000   0.0078
 -15.000  -0.8213   0.01079   0.00655  -0.1936  0.3408  0.0032  -16.5347   0.0000  -0.0088
 -14.500  -0.7644   0.01030   0.00597  -0.1946  0.3086  0.0034  -15.4855   0.0000  -0.0275
 -14.000  -0.7069   0.00987   0.00546  -0.1955  0.2775  0.0035  -14.4586   0.0000  -0.0496
 -13.500  -0.6492   0.00951   0.00501  -0.1963  0.2456  0.0036  -13.5274   0.0000  -0.0757
 -13.000  -0.5905   0.00914   0.00460  -0.1973  0.2365  0.0037  -12.6273   0.0000  -0.1077
 -12.500  -0.5314   0.00881   0.00423  -0.1982  0.2274  0.0038  -11.7508   0.0000  -0.1474
 -12.000  -0.4731   0.00857   0.00390  -0.1989  0.1816  0.0038  -10.9086   0.0000  -0.1959
 -11.500  -0.4135   0.00829   0.00359  -0.1998  0.1852  0.0039  -10.0801   0.0000  -0.2602
 -11.000  -0.3540   0.00805   0.00331  -0.2007  0.1759  0.0039  -9.2844   0.0000  -0.3462
 -10.500  -0.2942   0.00782   0.00306  -0.2016  0.1702  0.0040  -8.5162   0.0000  -0.4677
 -10.000  -0.2344   0.00761   0.00283  -0.2024  0.1696  0.0040  -7.7767   0.0000  -0.6517
  -9.500  -0.1745   0.00743   0.00262  -0.2033  0.1688  0.0041  -7.0673   0.0000  -0.9623
  -9.000  -0.1153   0.00732   0.00244  -0.2039  0.1420  0.0041  -6.3939   0.0000  -1.5851
  -8.500  -0.0556   0.00719   0.00227  -0.2047  0.1364  0.0041  -5.7424   0.0000  -3.5604
  -8.000   0.0042   0.00706   0.00213  -0.2055  0.1314  0.0042  -5.1196   0.0000  50.3822
  -7.500   0.0641   0.00696   0.00200  -0.2062  0.1263  0.0042  -4.5263   0.0000   3.5650
  -7.000   0.1239   0.00686   0.00189  -0.2069  0.1241  0.0043  -4.0512   0.0000   1.9667
  -6.500   0.1836   0.00679   0.00179  -0.2076  0.1238  0.0043  -3.6607   0.0000   1.4095
  -6.000   0.2433   0.00672   0.00172  -0.2083  0.1234  0.0043  -3.2854   0.0000   1.1262
  -5.500   0.3029   0.00668   0.00166  -0.2090  0.1230  0.0044  -2.9253   0.0000   0.9546
  -5.000   0.3623   0.00664   0.00161  -0.2096  0.1223  0.0044  -2.5789   0.0000   0.8395
  -4.500   0.4209   0.00668   0.00160  -0.2101  0.1027  0.0045  -2.2528   0.0000   0.7575
  -4.000   0.4798   0.00671   0.00158  -0.2106  0.0981  0.0045  -1.9403   0.0000   0.6954
  -3.500   0.5386   0.00673   0.00159  -0.2111  0.0895  0.0046  -1.6427   0.0000   0.6468
  -3.000   0.5975   0.00676   0.00160  -0.2116  0.0865  0.0054  -1.3603   0.0000   0.6077
  -2.500   0.6562   0.00679   0.00162  -0.2121  0.0843  0.0051  -1.0923   0.0000   0.5757
  -2.000   0.7147   0.00683   0.00165  -0.2126  0.0841  0.0063  -0.9575   0.0000   0.5489
  -1.500   0.7731   0.00689   0.00170  -0.2131  0.0831  0.0077  -1.0077   0.0000   0.5261
  -1.000   0.8299   0.00707   0.00181  -0.2132  0.0635  0.0089  -1.0590   0.0000   0.5065
  -0.500   0.8874   0.00719   0.00190  -0.2135  0.0523  0.0099  -1.1112   0.0000   0.4894
   0.000   0.9451   0.00729   0.00199  -0.2138  0.0498  0.0152  -1.1639   0.0000   0.4744
   0.500   1.0021   0.00742   0.00210  -0.2140  0.0469  0.0158  -1.2179   0.0000   0.4610
   1.000   1.0595   0.00752   0.00220  -0.2143  0.0493  0.0170  -1.2821   0.0000   0.4490
   1.500   1.1162   0.00767   0.00233  -0.2145  0.0479  0.0173  -1.3573   0.0000   0.4382
   2.000   1.1725   0.00783   0.00248  -0.2146  0.0455  0.0203  -1.4332   0.0000   0.4283
   2.500   1.2247   0.00835   0.00288  -0.2139  0.0029  0.0374  -1.5193   0.0000   0.4192
   3.000   1.2800   0.00857   0.00308  -0.2138  0.0021  0.0382  -1.6322   0.0000   0.4109
   3.500   1.3349   0.00880   0.00329  -0.2137  0.0016  0.0440  -1.7494   0.0000   0.4032
   4.000   1.3894   0.00905   0.00353  -0.2135  0.0020  0.0475  -1.8899   0.0000   0.3961
   4.500   1.4437   0.00931   0.00379  -0.2133  0.0015  0.0659  -2.0673   0.0000   0.3894
   5.000   1.4972   0.00959   0.00405  -0.2130  0.0013  0.0682  -2.2486   0.0000   0.3831
   6.000   1.6036   0.01018   0.00468  -0.2123  0.0012  0.1455  -2.6243   0.0000   0.3717
   6.500   1.6553   0.01052   0.00501  -0.2117  0.0012  0.1557  -2.8168   0.0000   0.3663
   7.500   1.7570   0.01126   0.00576  -0.2103  0.0012  0.1965  -3.2123   0.0000   0.3564
   8.000   1.8060   0.01168   0.00617  -0.2092  0.0012  0.1955  -3.4133   0.0000   0.3517
   8.500   1.8556   0.01208   0.00663  -0.2084  0.0012  0.2741  -3.6193   0.0000   0.3472
   9.000   1.9031   0.01254   0.00712  -0.2072  0.0012  0.3086  -3.8787   0.0000   0.3428
   9.500   1.9486   0.01305   0.00764  -0.2055  0.0011  0.3328  -4.1878   0.0000   0.3385
  10.000   1.9947   0.01355   0.00825  -0.2042  0.0011  0.4350  -4.7582   0.0000   0.3344
  10.500   2.0287   0.01416   0.00887  -0.2003  0.0011  0.4541  -5.2901   0.0000   0.3298
  11.000   2.0594   0.01485   0.00959  -0.1959  0.0011  0.4652  -5.8251   0.0000   0.3252
  11.500   2.0895   0.01568   0.01045  -0.1915  0.0010  0.4883  -6.3823   0.0000   0.3208
  12.000   2.1187   0.01663   0.01142  -0.1873  0.0010  0.4932  -6.9535   0.0000   0.3165
  12.500   2.1461   0.01774   0.01257  -0.1830  0.0010  0.5230  -7.5336   0.0000   0.3123
  13.000   2.1726   0.01902   0.01389  -0.1788  0.0010  0.5426  -8.1277   0.0000   0.3083
  13.500   2.1981   0.02048   0.01541  -0.1748  0.0009  0.5705  -8.7332   0.0000   0.3044
  14.000   2.2217   0.02217   0.01718  -0.1710  0.0009  0.6272  -9.3445   0.0000   0.3007
  14.500   2.2419   0.02418   0.01925  -0.1670  0.0009  0.6579  -9.9472   0.0000   0.2970
  15.000   2.2607   0.02651   0.02165  -0.1632  0.0009  0.6909  -10.5558   0.0000   0.2936
  15.500   2.2767   0.02924   0.02445  -0.1596  0.0008  0.7215  -11.1576   0.0000   0.2903
  16.000   2.2933   0.03219   0.02749  -0.1565  0.0008  0.7699  -11.7795   0.0000   0.2872
  16.500   2.3071   0.03564   0.03105  -0.1537  0.0007  0.8322  -12.3933   0.0000   0.2842
  18.500   2.2669   0.06217   0.05825  -0.1424  0.0021  1.0000  -14.0316   0.0000   0.2748
  19.000   2.2595   0.06918   0.06536  -0.1412  0.0024  1.0000  -14.4821   0.0000   0.2730
  19.500   2.2483   0.07686   0.07313  -0.1406  0.0026  1.0000  -14.8957   0.0000   0.2716


