XFLR5 v6.02 Beta

 Calculated polar for: WORTMANN FX 63-137

 1 1 Reynolds number fixed          Mach number fixed         

 xtrf =   1.000 (top)        1.000 (bottom)
 Mach =   0.000     Re =    25.000 e 6     Ncrit =   9.000

  alpha     CL        CD       CDp       CM    Top Xtr Bot Xtr   Cpmin    Chinge    XCp    
 ------- -------- --------- --------- -------- ------- ------- -------- --------- ---------
 -21.000  -1.1290   0.05448   0.05153  -0.1482  0.6579  0.0025  -24.8849   0.0000   0.0837
 -20.500  -1.1652   0.04351   0.04042  -0.1572  0.6575  0.0025  -25.2368   0.0000   0.0822
 -20.000  -1.1823   0.03552   0.03222  -0.1640  0.6149  0.0026  -25.1943   0.0000   0.0801
 -19.500  -1.1875   0.02940   0.02598  -0.1690  0.5960  0.0026  -24.9110   0.0000   0.0782
 -18.500  -1.1662   0.02137   0.01775  -0.1744  0.5618  0.0028  -23.7723   0.0000   0.0737
 -18.000  -1.1410   0.01839   0.01468  -0.1774  0.5506  0.0028  -23.0000   0.0000   0.0688
 -17.500  -1.0933   0.01583   0.01203  -0.1834  0.5322  0.0030  -21.9672   0.0000   0.0573
 -17.000  -1.0420   0.01438   0.01039  -0.1870  0.4654  0.0031  -20.8780   0.0000   0.0462
 -16.500  -0.9903   0.01348   0.00936  -0.1884  0.4239  0.0032  -19.7838   0.0000   0.0359
 -16.000  -0.9357   0.01267   0.00849  -0.1899  0.4108  0.0034  -18.6767   0.0000   0.0236
 -15.500  -0.8795   0.01196   0.00773  -0.1912  0.4024  0.0035  -17.5789   0.0000   0.0095
 -15.000  -0.8226   0.01133   0.00706  -0.1924  0.4007  0.0035  -16.4998   0.0000  -0.0069
 -14.000  -0.7103   0.01047   0.00597  -0.1940  0.3090  0.0037  -14.4442   0.0000  -0.0461
 -13.500  -0.6526   0.01006   0.00547  -0.1949  0.2809  0.0037  -13.4868   0.0000  -0.0718
 -13.000  -0.5938   0.00965   0.00502  -0.1959  0.2778  0.0038  -12.5869   0.0000  -0.1035
 -12.000  -0.3872   0.03573   0.03270  -0.1594  0.2223  0.0038  -8.7224   0.0000  -0.1916
 -11.500  -0.4088   0.02357   0.02025  -0.1790  0.2223  0.0038  -9.0533   0.0000  -0.2138
 -11.000  -0.3681   0.01799   0.01431  -0.1864  0.1958  0.0039  -8.6776   0.0000  -0.2835
 -10.000  -0.2394   0.00805   0.00307  -0.2011  0.1802  0.0040  -7.7459   0.0000  -0.6269
  -9.500  -0.1796   0.00784   0.00284  -0.2019  0.1715  0.0041  -7.0403   0.0000  -0.9207
  -9.000  -0.1196   0.00765   0.00262  -0.2028  0.1691  0.0041  -6.3711   0.0000  -1.5102
  -8.500  -0.0596   0.00749   0.00243  -0.2036  0.1684  0.0041  -5.7217   0.0000  -3.2856
  -8.000  -0.0004   0.00740   0.00228  -0.2043  0.1439  0.0042  -5.1072   0.0000  -518.5583
  -7.500   0.0593   0.00730   0.00213  -0.2050  0.1385  0.0042  -4.5194   0.0000   3.8135
  -7.000   0.1190   0.00720   0.00201  -0.2058  0.1347  0.0043  -4.0451   0.0000   2.0269
  -6.500   0.1788   0.00712   0.00191  -0.2065  0.1303  0.0043  -3.6583   0.0000   1.4345
  -6.000   0.2384   0.00705   0.00182  -0.2072  0.1251  0.0043  -3.2861   0.0000   1.1391
  -5.500   0.2980   0.00699   0.00175  -0.2079  0.1238  0.0044  -2.9269   0.0000   0.9622
  -5.000   0.3575   0.00695   0.00170  -0.2085  0.1234  0.0044  -2.5820   0.0000   0.8443
  -4.500   0.4169   0.00693   0.00166  -0.2092  0.1230  0.0045  -2.2558   0.0000   0.7601
  -4.000   0.4761   0.00692   0.00164  -0.2098  0.1222  0.0045  -1.9434   0.0000   0.6970
  -3.500   0.5338   0.00704   0.00167  -0.2101  0.0959  0.0046  -1.6501   0.0000   0.6483
  -3.000   0.5926   0.00707   0.00168  -0.2106  0.0921  0.0062  -1.3683   0.0000   0.6088
  -2.500   0.6512   0.00710   0.00170  -0.2111  0.0888  0.0068  -1.1002   0.0000   0.5765
  -2.000   0.7097   0.00715   0.00173  -0.2115  0.0844  0.0074  -0.9544   0.0000   0.5494
  -1.500   0.7681   0.00720   0.00178  -0.2120  0.0840  0.0089  -1.0043   0.0000   0.5265
  -1.000   0.8264   0.00726   0.00184  -0.2124  0.0831  0.0146  -1.0567   0.0000   0.5067
  -0.500   0.8842   0.00734   0.00191  -0.2128  0.0821  0.0153  -1.1091   0.0000   0.4895
   0.000   0.9401   0.00759   0.00207  -0.2127  0.0606  0.0156  -1.1604   0.0000   0.4744
   0.500   0.9971   0.00773   0.00219  -0.2130  0.0516  0.0160  -1.2140   0.0000   0.4610
   1.000   1.0543   0.00784   0.00229  -0.2132  0.0568  0.0171  -1.2776   0.0000   0.4489
   1.500   1.1111   0.00797   0.00242  -0.2134  0.0549  0.0174  -1.3529   0.0000   0.4381
   2.000   1.1675   0.00813   0.00256  -0.2136  0.0512  0.0219  -1.4287   0.0000   0.4282
   2.500   1.2186   0.00873   0.00302  -0.2126  0.0038  0.0376  -1.5130   0.0000   0.4191
   3.000   1.2736   0.00897   0.00324  -0.2125  0.0028  0.0384  -1.6242   0.0000   0.4107
   3.500   1.3283   0.00921   0.00347  -0.2123  0.0023  0.0469  -1.7409   0.0000   0.4030
   4.000   1.3826   0.00947   0.00372  -0.2121  0.0027  0.0508  -1.8782   0.0000   0.3958
   4.500   1.4366   0.00974   0.00399  -0.2119  0.0021  0.0666  -2.0548   0.0000   0.3891
   5.000   1.4898   0.01004   0.00428  -0.2115  0.0015  0.0751  -2.2350   0.0000   0.3828
   5.500   1.5428   0.01034   0.00459  -0.2111  0.0013  0.1029  -2.4197   0.0000   0.3769
   6.000   1.5955   0.01066   0.00494  -0.2108  0.0013  0.1591  -2.6086   0.0000   0.3714
   6.500   1.6475   0.01100   0.00531  -0.2102  0.0012  0.1945  -2.8010   0.0000   0.3660
   7.000   1.6980   0.01138   0.00569  -0.2094  0.0012  0.2124  -2.9954   0.0000   0.3609
   7.500   1.7483   0.01177   0.00611  -0.2087  0.0012  0.2492  -3.1938   0.0000   0.3561
   8.000   1.7965   0.01222   0.00655  -0.2075  0.0012  0.2487  -3.3926   0.0000   0.3513
   9.000   1.8922   0.01314   0.00758  -0.2052  0.0012  0.3710  -3.8468   0.0000   0.3424
   9.500   1.9363   0.01369   0.00815  -0.2033  0.0011  0.3975  -4.1184   0.0000   0.3380
  10.000   1.9771   0.01424   0.00882  -0.2009  0.0011  0.4961  -4.6538   0.0000   0.3337
  10.500   2.0068   0.01493   0.00952  -0.1962  0.0011  0.4989  -5.1555   0.0000   0.3289
  11.000   2.0372   0.01573   0.01034  -0.1918  0.0011  0.5039  -5.6827   0.0000   0.3243
  11.500   2.0685   0.01665   0.01129  -0.1879  0.0011  0.5326  -6.2371   0.0000   0.3200
  12.000   2.0963   0.01773   0.01242  -0.1836  0.0010  0.5618  -6.7967   0.0000   0.3157
  12.500   2.1227   0.01899   0.01372  -0.1794  0.0010  0.5765  -7.3652   0.0000   0.3116
  13.000   2.1495   0.02043   0.01524  -0.1756  0.0010  0.6265  -7.9543   0.0000   0.3077
  13.500   2.1732   0.02209   0.01696  -0.1716  0.0009  0.6584  -8.5410   0.0000   0.3039
  14.000   2.1944   0.02402   0.01896  -0.1676  0.0009  0.6913  -9.1273   0.0000   0.3001
  14.500   2.2148   0.02625   0.02126  -0.1640  0.0009  0.7289  -9.7250   0.0000   0.2966
  15.000   2.2340   0.02878   0.02389  -0.1607  0.0009  0.7758  -10.3286   0.0000   0.2933
  15.500   2.2527   0.03166   0.02689  -0.1579  0.0008  0.8505  -10.9457   0.0000   0.2902
  16.000   2.2716   0.03488   0.03032  -0.1557  0.0008  1.0000  -11.5798   0.0000   0.2874
  16.500   2.2820   0.03856   0.03406  -0.1526  0.0008  1.0000  -12.1575   0.0000   0.2844
  17.000   2.2883   0.04272   0.03828  -0.1496  0.0008  1.0000  -12.7115   0.0000   0.2816
  17.500   2.2926   0.04748   0.04311  -0.1471  0.0007  1.0000  -13.2597   0.0000   0.2790
  18.000   2.2946   0.05277   0.04846  -0.1449  0.0007  1.0000  -13.7966   0.0000   0.2766
  18.500   2.2934   0.05868   0.05445  -0.1431  0.0006  1.0000  -14.3104   0.0000   0.2744
  19.500   2.2120   0.08102   0.07718  -0.1400  0.0011  1.0000  -14.4988   0.0000   0.2723


