XFLR5 v6.02 Beta

 Calculated polar for: WORTMANN FX 63-137

 1 1 Reynolds number fixed          Mach number fixed         

 xtrf =   1.000 (top)        1.000 (bottom)
 Mach =   0.000     Re =    32.250 e 6     Ncrit =   9.000

  alpha     CL        CD       CDp       CM    Top Xtr Bot Xtr   Cpmin    Chinge    XCp    
 ------- -------- --------- --------- -------- ------- ------- -------- --------- ---------
 -20.500  -1.1976   0.03928   0.03594  -0.1618  0.5443  0.0021  -25.8578   0.0000   0.0826
 -20.000  -1.2097   0.03236   0.02891  -0.1673  0.5315  0.0022  -25.6950   0.0000   0.0811
 -19.500  -1.2062   0.02742   0.02390  -0.1710  0.5309  0.0022  -25.2461   0.0000   0.0791
 -19.000  -1.1954   0.02326   0.01968  -0.1740  0.5306  0.0023  -24.6722   0.0000   0.0766
 -18.500  -1.1841   0.01995   0.01627  -0.1753  0.5061  0.0024  -24.0636   0.0000   0.0754
 -18.000  -1.1462   0.01720   0.01344  -0.1799  0.4925  0.0024  -23.1283   0.0000   0.0674
 -17.500  -1.0946   0.01497   0.01104  -0.1862  0.4326  0.0026  -22.0420   0.0000   0.0550
 -17.000  -1.0432   0.01388   0.00985  -0.1881  0.4008  0.0027  -20.9327   0.0000   0.0454
 -16.000  -0.9350   0.01219   0.00802  -0.1910  0.3656  0.0030  -18.7096   0.0000   0.0223
 -15.500  -0.8788   0.01150   0.00727  -0.1922  0.3590  0.0031  -17.6130   0.0000   0.0081
 -15.000  -0.8218   0.01088   0.00662  -0.1934  0.3496  0.0033  -16.5338   0.0000  -0.0083
 -14.000  -0.7077   0.00997   0.00554  -0.1952  0.2782  0.0036  -14.4585   0.0000  -0.0488
 -13.500  -0.6498   0.00960   0.00509  -0.1961  0.2534  0.0036  -13.5218   0.0000  -0.0750
 -13.000  -0.5912   0.00923   0.00467  -0.1970  0.2418  0.0037  -12.6230   0.0000  -0.1069
 -12.500  -0.5322   0.00890   0.00430  -0.1979  0.2334  0.0038  -11.7477   0.0000  -0.1462
 -12.000  -0.4739   0.00866   0.00396  -0.1987  0.1864  0.0038  -10.9058   0.0000  -0.1945
 -11.500  -0.4142   0.00837   0.00365  -0.1996  0.1919  0.0039  -10.0759   0.0000  -0.2588
 -11.000  -0.3549   0.00813   0.00336  -0.2004  0.1795  0.0039  -9.2821   0.0000  -0.3440
 -10.500  -0.2951   0.00790   0.00311  -0.2013  0.1720  0.0040  -8.5142   0.0000  -0.4646
 -10.000  -0.2353   0.00769   0.00287  -0.2022  0.1698  0.0040  -7.7749   0.0000  -0.6471
  -9.500  -0.1754   0.00750   0.00266  -0.2030  0.1692  0.0041  -7.0658   0.0000  -0.9546
  -9.000  -0.1161   0.00738   0.00247  -0.2037  0.1444  0.0041  -6.3927   0.0000  -1.5703
  -8.500  -0.0565   0.00725   0.00230  -0.2045  0.1388  0.0041  -5.7419   0.0000  -3.4981
  -8.000   0.0033   0.00713   0.00215  -0.2052  0.1336  0.0042  -5.1198   0.0000  63.8213
  -7.500   0.0632   0.00702   0.00202  -0.2060  0.1286  0.0042  -4.5268   0.0000   3.6089
  -7.000   0.1230   0.00693   0.00191  -0.2067  0.1251  0.0043  -4.0511   0.0000   1.9776
  -6.500   0.1827   0.00685   0.00181  -0.2074  0.1239  0.0043  -3.6610   0.0000   1.4141
  -6.000   0.2424   0.00678   0.00174  -0.2081  0.1236  0.0043  -3.2860   0.0000   1.1285
  -5.500   0.3020   0.00673   0.00167  -0.2088  0.1232  0.0044  -2.9262   0.0000   0.9560
  -5.000   0.3614   0.00670   0.00163  -0.2094  0.1227  0.0044  -2.5797   0.0000   0.8404
  -4.000   0.4790   0.00675   0.00160  -0.2104  0.1000  0.0045  -1.9413   0.0000   0.6957
  -3.500   0.5377   0.00679   0.00160  -0.2109  0.0906  0.0046  -1.6442   0.0000   0.6471
  -3.000   0.5965   0.00681   0.00161  -0.2114  0.0874  0.0055  -1.3618   0.0000   0.6079
  -2.500   0.6552   0.00685   0.00163  -0.2119  0.0843  0.0052  -1.0939   0.0000   0.5758
  -2.000   0.7138   0.00689   0.00166  -0.2124  0.0841  0.0065  -0.9569   0.0000   0.5490
  -1.500   0.7721   0.00695   0.00171  -0.2128  0.0833  0.0079  -1.0071   0.0000   0.5261
  -1.000   0.8294   0.00709   0.00182  -0.2131  0.0688  0.0091  -1.0587   0.0000   0.5066
  -0.500   0.8867   0.00723   0.00191  -0.2133  0.0561  0.0148  -1.1106   0.0000   0.4895
   0.000   0.9442   0.00734   0.00200  -0.2136  0.0508  0.0153  -1.1632   0.0000   0.4744
   0.500   1.0012   0.00748   0.00211  -0.2138  0.0480  0.0158  -1.2172   0.0000   0.4610
   1.000   1.0586   0.00757   0.00221  -0.2141  0.0503  0.0171  -1.2813   0.0000   0.4490
   1.500   1.1153   0.00772   0.00234  -0.2143  0.0493  0.0173  -1.3566   0.0000   0.4381
   2.000   1.1715   0.00789   0.00249  -0.2144  0.0464  0.0206  -1.4323   0.0000   0.4283
   2.500   1.2235   0.00842   0.00291  -0.2136  0.0030  0.0375  -1.5181   0.0000   0.4192
   3.000   1.2788   0.00864   0.00311  -0.2136  0.0022  0.0382  -1.6307   0.0000   0.4109
   3.500   1.3337   0.00888   0.00333  -0.2134  0.0017  0.0445  -1.7478   0.0000   0.4032
   4.000   1.3881   0.00913   0.00357  -0.2133  0.0022  0.0481  -1.8877   0.0000   0.3960
   4.500   1.4424   0.00939   0.00383  -0.2131  0.0016  0.0661  -2.0650   0.0000   0.3894
   5.000   1.4958   0.00967   0.00410  -0.2127  0.0013  0.0693  -2.2461   0.0000   0.3831
   6.000   1.6021   0.01027   0.00473  -0.2120  0.0012  0.1460  -2.6214   0.0000   0.3716
   6.500   1.6537   0.01061   0.00507  -0.2114  0.0012  0.1603  -2.8137   0.0000   0.3663
   7.000   1.7053   0.01096   0.00544  -0.2108  0.0012  0.1944  -3.0103   0.0000   0.3612
   7.500   1.7552   0.01136   0.00582  -0.2099  0.0012  0.2036  -3.2086   0.0000   0.3563
   8.000   1.8041   0.01178   0.00624  -0.2089  0.0012  0.1985  -3.4092   0.0000   0.3516
   9.000   1.9009   0.01266   0.00720  -0.2067  0.0012  0.3181  -3.8722   0.0000   0.3427
  11.000   2.0548   0.01502   0.00973  -0.1950  0.0011  0.4718  -5.7958   0.0000   0.3250
  11.500   2.0855   0.01586   0.01061  -0.1908  0.0011  0.4983  -6.3548   0.0000   0.3206
  12.000   2.1144   0.01683   0.01160  -0.1866  0.0010  0.5146  -6.9226   0.0000   0.3163
  12.500   2.1419   0.01796   0.01278  -0.1823  0.0010  0.5312  -7.5033   0.0000   0.3122
  13.000   2.1688   0.01926   0.01412  -0.1783  0.0010  0.5606  -8.0989   0.0000   0.3082
  13.500   2.1942   0.02075   0.01567  -0.1743  0.0009  0.5924  -8.7034   0.0000   0.3043
  14.000   2.2160   0.02252   0.01750  -0.1702  0.0009  0.6330  -9.2995   0.0000   0.3005
  14.500   2.2356   0.02464   0.01970  -0.1663  0.0009  0.6778  -9.8956   0.0000   0.2969
  15.000   2.2541   0.02702   0.02214  -0.1625  0.0009  0.7045  -10.5007   0.0000   0.2935
  15.500   2.2713   0.02975   0.02496  -0.1592  0.0008  0.7462  -11.1108   0.0000   0.2902
  16.000   2.2874   0.03279   0.02810  -0.1561  0.0008  0.7960  -11.7268   0.0000   0.2872
  16.500   2.3077   0.03626   0.03183  -0.1547  0.0008  1.0000  -12.3953   0.0000   0.2846
  17.000   2.3169   0.04002   0.03563  -0.1516  0.0007  1.0000  -12.9834   0.0000   0.2817
  18.500   2.2586   0.06313   0.05919  -0.1421  0.0019  1.0000  -13.9443   0.0000   0.2749
  19.000   2.2540   0.06982   0.06597  -0.1411  0.0021  1.0000  -14.4277   0.0000   0.2731
  19.500   2.2424   0.07756   0.07382  -0.1405  0.0023  1.0000  -14.8367   0.0000   0.2717


