XFLR5 v6.02 Beta

 Calculated polar for: WORTMANN FX 63-137

 1 1 Reynolds number fixed          Mach number fixed         

 xtrf =   1.000 (top)        1.000 (bottom)
 Mach =   0.000     Re =    61.250 e 6     Ncrit =   9.000

  alpha     CL        CD       CDp       CM    Top Xtr Bot Xtr   Cpmin    Chinge    XCp    
 ------- -------- --------- --------- -------- ------- ------- -------- --------- ---------
 -22.500  -1.2205   0.05998   0.05685  -0.1476  0.4295  0.0014  -27.7352   0.0000   0.0910
 -22.000  -1.2539   0.04969   0.04644  -0.1556  0.4259  0.0014  -28.0352   0.0000   0.0898
 -21.500  -1.2822   0.04043   0.03707  -0.1630  0.4213  0.0014  -28.1905   0.0000   0.0888
 -21.000  -1.2973   0.03324   0.02979  -0.1686  0.4169  0.0014  -28.0636   0.0000   0.0877
 -20.500  -1.2936   0.02853   0.02502  -0.1719  0.4134  0.0014  -27.5828   0.0000   0.0862
 -20.000  -1.2870   0.02408   0.02051  -0.1751  0.4093  0.0014  -27.0485   0.0000   0.0844
 -19.500  -1.2690   0.02095   0.01734  -0.1768  0.4042  0.0015  -26.3185   0.0000   0.0824
 -19.000  -1.2477   0.01812   0.01446  -0.1788  0.4021  0.0015  -25.5479   0.0000   0.0797
 -18.500  -1.2019   0.01572   0.01201  -0.1840  0.4014  0.0016  -24.4772   0.0000   0.0707
 -18.000  -1.1490   0.01416   0.01031  -0.1884  0.3387  0.0017  -23.3175   0.0000   0.0605
 -17.000  -1.0427   0.01249   0.00852  -0.1912  0.3049  0.0018  -21.0024   0.0000   0.0423
 -16.500  -0.9875   0.01181   0.00780  -0.1923  0.2977  0.0019  -19.8573   0.0000   0.0313
 -16.000  -0.9314   0.01119   0.00715  -0.1934  0.2908  0.0020  -18.7276   0.0000   0.0188
 -15.500  -0.8744   0.01062   0.00655  -0.1945  0.2864  0.0021  -17.6176   0.0000   0.0042
 -15.000  -0.8169   0.01010   0.00600  -0.1956  0.2776  0.0023  -16.5310   0.0000  -0.0125
 -14.500  -0.7600   0.00968   0.00549  -0.1964  0.2272  0.0024  -15.4814   0.0000  -0.0314
 -14.000  -0.7015   0.00925   0.00503  -0.1974  0.2218  0.0025  -14.4455   0.0000  -0.0545
 -13.500  -0.6428   0.00885   0.00461  -0.1983  0.2209  0.0027  -13.5205   0.0000  -0.0820
 -13.000  -0.5842   0.00851   0.00421  -0.1992  0.1944  0.0028  -12.6272   0.0000  -0.1149
 -12.500  -0.5252   0.00820   0.00384  -0.2001  0.1694  0.0030  -11.7566   0.0000  -0.1557
 -11.000  -0.3463   0.00735   0.00292  -0.2029  0.1496  0.0039  -9.2832   0.0000  -0.3657
 -10.500  -0.2866   0.00716   0.00268  -0.2037  0.1420  0.0040  -8.5137   0.0000  -0.4941
 -10.000  -0.2269   0.00699   0.00249  -0.2044  0.1368  0.0040  -7.7734   0.0000  -0.6903
  -9.500  -0.1671   0.00684   0.00231  -0.2052  0.1316  0.0041  -7.0622   0.0000  -1.0277
  -9.000  -0.1073   0.00671   0.00216  -0.2060  0.1240  0.0041  -6.3807   0.0000  -1.7418
  -8.500  -0.0474   0.00658   0.00202  -0.2067  0.1237  0.0041  -5.7268   0.0000  -4.2602
  -8.000   0.0124   0.00648   0.00189  -0.2075  0.1234  0.0042  -5.1024   0.0000  17.4896
  -7.500   0.0722   0.00638   0.00179  -0.2082  0.1231  0.0042  -4.5078   0.0000   3.2175
  -7.000   0.1320   0.00631   0.00169  -0.2089  0.1228  0.0043  -4.0437   0.0000   1.8756
  -5.500   0.3101   0.00622   0.00151  -0.2107  0.0980  0.0044  -2.9169   0.0000   0.9437
  -5.000   0.3694   0.00620   0.00148  -0.2113  0.0955  0.0044  -2.5714   0.0000   0.8327
  -4.500   0.4287   0.00619   0.00146  -0.2119  0.0907  0.0045  -2.2411   0.0000   0.7525
  -4.000   0.4878   0.00620   0.00144  -0.2124  0.0843  0.0045  -1.9267   0.0000   0.6918
  -3.500   0.5469   0.00621   0.00144  -0.2130  0.0842  0.0045  -1.6281   0.0000   0.6442
  -3.000   0.6058   0.00623   0.00145  -0.2135  0.0841  0.0046  -1.3452   0.0000   0.6059
  -2.500   0.6646   0.00626   0.00147  -0.2140  0.0839  0.0046  -1.0777   0.0000   0.5744
  -2.000   0.7218   0.00642   0.00156  -0.2142  0.0515  0.0050  -0.9617   0.0000   0.5481
  -1.500   0.7798   0.00651   0.00161  -0.2145  0.0471  0.0058  -1.0120   0.0000   0.5256
  -1.000   0.8378   0.00659   0.00168  -0.2149  0.0445  0.0068  -1.0643   0.0000   0.5062
  -0.500   0.8957   0.00668   0.00176  -0.2153  0.0422  0.0075  -1.1169   0.0000   0.4892
   0.000   0.9534   0.00677   0.00184  -0.2156  0.0399  0.0081  -1.1698   0.0000   0.4743
   1.000   1.0684   0.00698   0.00203  -0.2162  0.0409  0.0170  -1.2898   0.0000   0.4491
   1.500   1.1254   0.00710   0.00214  -0.2164  0.0399  0.0171  -1.3654   0.0000   0.4383
   2.500   1.2350   0.00770   0.00263  -0.2160  0.0016  0.0372  -1.5302   0.0000   0.4195
   4.000   1.4009   0.00834   0.00322  -0.2159  0.0013  0.0424  -1.9095   0.0000   0.3965
   4.500   1.4554   0.00858   0.00344  -0.2157  0.0013  0.0483  -2.0882   0.0000   0.3898
   5.000   1.5096   0.00883   0.00369  -0.2155  0.0013  0.0666  -2.2714   0.0000   0.3836
   5.500   1.5632   0.00910   0.00395  -0.2152  0.0013  0.0744  -2.4584   0.0000   0.3777
   6.000   1.6166   0.00938   0.00424  -0.2149  0.0012  0.1091  -2.6499   0.0000   0.3722
   6.500   1.6692   0.00969   0.00454  -0.2145  0.0012  0.1212  -2.8447   0.0000   0.3669
   7.000   1.7214   0.01001   0.00486  -0.2140  0.0012  0.1459  -3.0434   0.0000   0.3618
   7.500   1.7724   0.01036   0.00520  -0.2133  0.0012  0.1486  -3.2448   0.0000   0.3570
   8.000   1.8227   0.01073   0.00556  -0.2125  0.0012  0.1467  -3.4491   0.0000   0.3523
   8.500   1.8723   0.01113   0.00595  -0.2115  0.0012  0.1674  -3.6563   0.0000   0.3478
   9.000   1.9216   0.01153   0.00639  -0.2106  0.0012  0.2227  -3.9323   0.0000   0.3435
   9.500   1.9692   0.01197   0.00684  -0.2094  0.0012  0.2497  -4.3061   0.0000   0.3393
  10.000   2.0163   0.01243   0.00734  -0.2081  0.0011  0.3190  -4.8892   0.0000   0.3352
  11.000   2.1027   0.01351   0.00845  -0.2042  0.0011  0.3695  -6.1040   0.0000   0.3271
  11.500   2.1280   0.01415   0.00911  -0.1985  0.0011  0.3706  -6.6396   0.0000   0.3223
  12.000   2.1570   0.01492   0.00989  -0.1939  0.0010  0.3708  -7.2204   0.0000   0.3179
  12.500   2.1867   0.01580   0.01078  -0.1896  0.0010  0.3801  -7.8262   0.0000   0.3137
  13.000   2.2156   0.01680   0.01185  -0.1855  0.0010  0.4434  -8.4475   0.0000   0.3096
  13.500   2.2423   0.01800   0.01309  -0.1813  0.0009  0.4774  -9.0743   0.0000   0.3056
  15.000   2.2653   0.02591   0.02130  -0.1630  0.0017  0.5325  -10.5439   0.0000   0.2934
  15.500   2.2824   0.02847   0.02392  -0.1594  0.0021  0.5648  -11.1914   0.0000   0.2900
  16.000   2.2965   0.03147   0.02699  -0.1559  0.0025  0.5951  -11.7924   0.0000   0.2868
  16.500   2.3071   0.03496   0.03057  -0.1525  0.0029  0.6287  -12.3738   0.0000   0.2838
  17.000   2.3132   0.03892   0.03459  -0.1491  0.0032  0.6520  -12.9270   0.0000   0.2808
  17.500   2.3160   0.04353   0.03930  -0.1461  0.0038  0.6817  -13.4582   0.0000   0.2781
  18.000   2.3173   0.04867   0.04452  -0.1436  0.0041  0.7023  -13.9852   0.0000   0.2756
  18.500   2.3173   0.05440   0.05036  -0.1418  0.0043  0.7438  -14.5089   0.0000   0.2734
  19.000   2.3139   0.06076   0.05683  -0.1403  0.0045  0.7777  -15.0059   0.0000   0.2713
  19.500   2.3091   0.06761   0.06381  -0.1395  0.0046  0.8252  -15.4963   0.0000   0.2696


