XFLR5 v6.02 Beta

 Calculated polar for: WORTMANN FX 63-137

 1 1 Reynolds number fixed          Mach number fixed         

 xtrf =   1.000 (top)        1.000 (bottom)
 Mach =   0.000     Re =    54.750 e 6     Ncrit =   9.000

  alpha     CL        CD       CDp       CM    Top Xtr Bot Xtr   Cpmin    Chinge    XCp    
 ------- -------- --------- --------- -------- ------- ------- -------- --------- ---------
 -22.500  -1.1455   0.07000   0.06697  -0.1394  0.4372  0.0015  -26.2320   0.0000   0.0891
 -22.000  -1.2160   0.05459   0.05144  -0.1513  0.4658  0.0015  -27.2997   0.0000   0.0889
 -20.500  -1.2816   0.02979   0.02628  -0.1708  0.4293  0.0015  -27.3682   0.0000   0.0857
 -20.000  -1.2721   0.02570   0.02212  -0.1736  0.4252  0.0015  -26.7906   0.0000   0.0839
 -19.500  -1.2596   0.02187   0.01824  -0.1761  0.4206  0.0016  -26.1616   0.0000   0.0818
 -19.000  -1.2428   0.01902   0.01534  -0.1772  0.4157  0.0016  -25.4479   0.0000   0.0803
 -18.500  -1.2015   0.01648   0.01275  -0.1820  0.4089  0.0017  -24.4377   0.0000   0.0723
 -18.000  -1.1484   0.01455   0.01069  -0.1876  0.3603  0.0018  -23.2921   0.0000   0.0612
 -16.500  -0.9879   0.01203   0.00801  -0.1918  0.3081  0.0020  -19.8499   0.0000   0.0319
 -16.000  -0.9321   0.01139   0.00732  -0.1930  0.3010  0.0022  -18.7256   0.0000   0.0194
 -15.500  -0.8753   0.01080   0.00669  -0.1941  0.2965  0.0023  -17.6191   0.0000   0.0050
 -15.000  -0.8180   0.01026   0.00612  -0.1951  0.2840  0.0024  -16.5350   0.0000  -0.0117
 -14.500  -0.7612   0.00983   0.00559  -0.1960  0.2352  0.0026  -15.4868   0.0000  -0.0305
 -14.000  -0.7028   0.00937   0.00511  -0.1970  0.2259  0.0027  -14.4520   0.0000  -0.0534
 -13.500  -0.6440   0.00897   0.00467  -0.1980  0.2211  0.0028  -13.5277   0.0000  -0.0808
 -12.500  -0.5264   0.00830   0.00389  -0.1998  0.1701  0.0032  -11.7624   0.0000  -0.1541
 -12.000  -0.4669   0.00798   0.00355  -0.2007  0.1691  0.0035  -10.9116   0.0000  -0.2057
 -10.500  -0.2880   0.00728   0.00275  -0.2033  0.1461  0.0040  -8.5160   0.0000  -0.4893
 -10.000  -0.2283   0.00711   0.00255  -0.2041  0.1406  0.0040  -7.7765   0.0000  -0.6828
  -9.500  -0.1686   0.00696   0.00237  -0.2048  0.1351  0.0041  -7.0660   0.0000  -1.0141
  -9.000  -0.1088   0.00682   0.00221  -0.2056  0.1252  0.0041  -6.3850   0.0000  -1.7107
  -8.500  -0.0489   0.00669   0.00206  -0.2064  0.1239  0.0041  -5.7311   0.0000  -4.1134
  -8.000   0.0109   0.00658   0.00194  -0.2071  0.1236  0.0042  -5.1069   0.0000  19.8349
  -7.500   0.0707   0.00649   0.00183  -0.2078  0.1233  0.0042  -4.5122   0.0000   3.2753
  -6.500   0.1902   0.00634   0.00165  -0.2092  0.1227  0.0043  -3.6539   0.0000   1.3775
  -6.000   0.2493   0.00633   0.00159  -0.2098  0.1030  0.0043  -3.2796   0.0000   1.1108
  -5.500   0.3086   0.00631   0.00154  -0.2104  0.1000  0.0044  -2.9191   0.0000   0.9458
  -5.000   0.3679   0.00630   0.00151  -0.2110  0.0972  0.0044  -2.5737   0.0000   0.8341
  -4.500   0.4272   0.00629   0.00148  -0.2115  0.0938  0.0045  -2.2436   0.0000   0.7534
  -4.000   0.4863   0.00629   0.00147  -0.2121  0.0850  0.0045  -1.9295   0.0000   0.6924
  -3.500   0.5453   0.00630   0.00147  -0.2126  0.0843  0.0046  -1.6309   0.0000   0.6447
  -3.000   0.6043   0.00632   0.00148  -0.2132  0.0842  0.0047  -1.3481   0.0000   0.6062
  -2.500   0.6630   0.00635   0.00150  -0.2137  0.0839  0.0046  -1.0804   0.0000   0.5746
  -1.500   0.7784   0.00660   0.00164  -0.2142  0.0493  0.0062  -1.0111   0.0000   0.5257
  -1.000   0.8363   0.00668   0.00171  -0.2146  0.0465  0.0072  -1.0633   0.0000   0.5062
  -0.500   0.8941   0.00678   0.00178  -0.2149  0.0440  0.0079  -1.1158   0.0000   0.4892
   0.000   0.9517   0.00688   0.00187  -0.2152  0.0416  0.0085  -1.1686   0.0000   0.4743
   0.500   1.0094   0.00698   0.00196  -0.2156  0.0394  0.0154  -1.2234   0.0000   0.4610
   1.000   1.0667   0.00708   0.00206  -0.2158  0.0423  0.0170  -1.2883   0.0000   0.4490
   1.500   1.1236   0.00721   0.00218  -0.2161  0.0413  0.0171  -1.3639   0.0000   0.4383
   2.000   1.1803   0.00735   0.00231  -0.2162  0.0380  0.0217  -1.4401   0.0000   0.4285
   2.500   1.2331   0.00782   0.00268  -0.2156  0.0018  0.0372  -1.5282   0.0000   0.4194
   3.500   1.3439   0.00824   0.00306  -0.2155  0.0013  0.0401  -1.7610   0.0000   0.4035
   4.000   1.3988   0.00847   0.00327  -0.2154  0.0014  0.0433  -1.9059   0.0000   0.3964
   4.500   1.4532   0.00871   0.00351  -0.2153  0.0013  0.0494  -2.0843   0.0000   0.3897
   5.000   1.5074   0.00897   0.00376  -0.2151  0.0013  0.0667  -2.2672   0.0000   0.3835
   5.500   1.5608   0.00925   0.00402  -0.2147  0.0013  0.0762  -2.4539   0.0000   0.3776
   6.000   1.6141   0.00953   0.00432  -0.2144  0.0012  0.1128  -2.6450   0.0000   0.3721
   6.500   1.6667   0.00984   0.00463  -0.2140  0.0012  0.1307  -2.8397   0.0000   0.3668
   7.000   1.7186   0.01017   0.00495  -0.2134  0.0012  0.1464  -3.0378   0.0000   0.3617
   7.500   1.7695   0.01053   0.00530  -0.2127  0.0012  0.1560  -3.2387   0.0000   0.3569
   8.000   1.8196   0.01091   0.00567  -0.2118  0.0012  0.1527  -3.4424   0.0000   0.3522
   9.000   1.9185   0.01171   0.00652  -0.2101  0.0012  0.2490  -3.9230   0.0000   0.3434
   9.500   1.9653   0.01217   0.00698  -0.2086  0.0012  0.2583  -4.2836   0.0000   0.3391
  10.500   2.0566   0.01315   0.00805  -0.2056  0.0011  0.3705  -5.4620   0.0000   0.3310
  11.000   2.0918   0.01375   0.00865  -0.2020  0.0011  0.3784  -6.0357   0.0000   0.3266
  11.500   2.1204   0.01442   0.00934  -0.1971  0.0011  0.3883  -6.5892   0.0000   0.3220
  12.000   2.1498   0.01522   0.01014  -0.1926  0.0010  0.3901  -7.1698   0.0000   0.3176
  12.500   2.1796   0.01613   0.01108  -0.1884  0.0010  0.4118  -7.7747   0.0000   0.3134
  13.000   2.2074   0.01720   0.01222  -0.1842  0.0010  0.4695  -8.3861   0.0000   0.3093
  13.500   2.2336   0.01845   0.01352  -0.1800  0.0009  0.4976  -9.0071   0.0000   0.3054
  14.000   2.2572   0.01992   0.01500  -0.1756  0.0009  0.4995  -9.6284   0.0000   0.3015
  14.500   2.2794   0.02158   0.01673  -0.1715  0.0008  0.5425  -10.2566   0.0000   0.2978
  15.500   2.2688   0.02960   0.02505  -0.1581  0.0017  0.5943  -11.0387   0.0000   0.2899
  16.000   2.2832   0.03268   0.02820  -0.1549  0.0021  0.6286  -11.6752   0.0000   0.2868
  16.500   2.2932   0.03630   0.03189  -0.1516  0.0024  0.6549  -12.2532   0.0000   0.2838
  17.000   2.2994   0.04036   0.03604  -0.1485  0.0028  0.6878  -12.8052   0.0000   0.2809
  17.500   2.3005   0.04526   0.04102  -0.1455  0.0033  0.7067  -13.3192   0.0000   0.2782
  18.000   2.3097   0.04973   0.04559  -0.1435  0.0037  0.7478  -13.9155   0.0000   0.2757
  18.500   2.3087   0.05565   0.05163  -0.1417  0.0040  0.7931  -14.4281   0.0000   0.2736
  19.000   2.3055   0.06216   0.05826  -0.1405  0.0042  0.8383  -14.9255   0.0000   0.2716
  19.500   2.3067   0.06956   0.06591  -0.1414  0.0044  1.0000  -15.4740   0.0000   0.2704


