XFLR5 v6.02 Beta

 Calculated polar for: WORTMANN FX 63-137

 1 1 Reynolds number fixed          Mach number fixed         

 xtrf =   1.000 (top)        1.000 (bottom)
 Mach =   0.000     Re =    69.500 e 6     Ncrit =   9.000

  alpha     CL        CD       CDp       CM    Top Xtr Bot Xtr   Cpmin    Chinge    XCp    
 ------- -------- --------- --------- -------- ------- ------- -------- --------- ---------
 -27.000  -0.5322   0.26410   0.26193  -0.0202  0.3022  0.0013  -6.4900   0.0000   0.1618
 -26.500  -0.5158   0.25897   0.25678  -0.0244  0.2997  0.0013  -6.2490   0.0000   0.1529
 -26.000  -0.4992   0.25383   0.25163  -0.0286  0.2958  0.0013  -6.0201   0.0000   0.1434
 -25.500  -0.4825   0.24873   0.24650  -0.0327  0.2916  0.0013  -5.8004   0.0000   0.1332
 -25.000  -0.4656   0.24367   0.24142  -0.0368  0.2788  0.0013  -5.5881   0.0000   0.1222
 -24.500  -0.4487   0.23872   0.23640  -0.0407  0.2366  0.0013  -5.3837   0.0000   0.1107
 -24.000  -0.4315   0.23383   0.23149  -0.0446  0.2281  0.0013  -5.1842   0.0000   0.0979
 -23.500  -0.4140   0.22909   0.22673  -0.0485  0.2217  0.0013  -4.9878   0.0000   0.0841
 -23.000  -0.3963   0.22459   0.22222  -0.0523  0.2211  0.0013  -4.7976   0.0000   0.0690
 -22.500  -0.3782   0.22054   0.21815  -0.0561  0.2210  0.0013  -4.6102   0.0000   0.0524
 -22.000  -0.3599   0.21676   0.21436  -0.0597  0.2210  0.0013  -4.4262   0.0000   0.0342
 -21.500  -0.3427   0.21155   0.20909  -0.0632  0.1909  0.0013  -4.2548   0.0000   0.0150
 -21.000  -0.3254   0.20616   0.20367  -0.0667  0.1698  0.0013  -4.0888   0.0000  -0.0064
 -20.500  -0.3080   0.20069   0.19819  -0.0702  0.1692  0.0013  -3.9286   0.0000  -0.0303
 -20.000  -0.2907   0.19515   0.19264  -0.0736  0.1692  0.0013  -3.7767   0.0000  -0.0570
 -19.500  -0.2734   0.18955   0.18702  -0.0769  0.1692  0.0013  -3.6318   0.0000  -0.0867
 -19.000  -0.2563   0.18386   0.18132  -0.0802  0.1692  0.0013  -3.4980   0.0000  -0.1202
 -18.500  -0.2394   0.17806   0.17550  -0.0834  0.1691  0.0013  -3.3795   0.0000  -0.1578
 -18.000  -0.2232   0.17214   0.16955  -0.0865  0.1491  0.0014  -3.2840   0.0000  -0.1993
 -17.500  -0.3683   0.12506   0.12243  -0.1028  0.1699  0.0023  -8.4560   0.0000  -0.0782
 -16.500  -0.9868   0.01153   0.00757  -0.1929  0.2866  0.0018  -19.8616   0.0000   0.0306
 -16.000  -0.9304   0.01094   0.00695  -0.1940  0.2795  0.0019  -18.7276   0.0000   0.0179
 -15.500  -0.8732   0.01040   0.00637  -0.1951  0.2785  0.0020  -17.6147   0.0000   0.0033
 -15.000  -0.8165   0.00995   0.00585  -0.1959  0.2437  0.0021  -16.5358   0.0000  -0.0131
 -14.500  -0.7587   0.00951   0.00537  -0.1968  0.2219  0.0022  -15.4750   0.0000  -0.0326
 -14.000  -0.7002   0.00909   0.00493  -0.1978  0.2213  0.0024  -14.4382   0.0000  -0.0557
 -13.500  -0.6419   0.00875   0.00452  -0.1987  0.1943  0.0025  -13.5171   0.0000  -0.0830
 -13.000  -0.5830   0.00840   0.00414  -0.1996  0.1876  0.0026  -12.6207   0.0000  -0.1163
 -12.000  -0.4646   0.00780   0.00346  -0.2014  0.1453  0.0030  -10.9035   0.0000  -0.2093
 -11.500  -0.4047   0.00749   0.00313  -0.2023  0.1464  0.0034  -10.0792   0.0000  -0.2775
 -11.000  -0.3449   0.00725   0.00286  -0.2032  0.1426  0.0037  -9.2821   0.0000  -0.3692
 -10.500  -0.2851   0.00704   0.00262  -0.2041  0.1378  0.0039  -8.5110   0.0000  -0.4994
 -10.000  -0.2253   0.00687   0.00243  -0.2049  0.1328  0.0040  -7.7692   0.0000  -0.6989
  -9.500  -0.1655   0.00672   0.00226  -0.2056  0.1277  0.0041  -7.0575   0.0000  -1.0429
  -9.000  -0.1056   0.00658   0.00210  -0.2064  0.1238  0.0041  -6.3756   0.0000  -1.7769
  -8.500  -0.0458   0.00646   0.00197  -0.2071  0.1235  0.0041  -5.7216   0.0000  -4.4325
  -8.000   0.0141   0.00636   0.00185  -0.2079  0.1232  0.0042  -5.0972   0.0000  15.4926
  -7.500   0.0739   0.00627   0.00175  -0.2086  0.1228  0.0042  -4.5026   0.0000   3.1568
  -7.000   0.1337   0.00619   0.00165  -0.2093  0.1227  0.0043  -4.0412   0.0000   1.8585
  -6.500   0.1928   0.00618   0.00159  -0.2098  0.1016  0.0043  -3.6514   0.0000   1.3659
  -6.000   0.2522   0.00614   0.00153  -0.2105  0.0987  0.0043  -3.2752   0.0000   1.1036
  -5.500   0.3117   0.00612   0.00148  -0.2111  0.0960  0.0044  -2.9142   0.0000   0.9414
  -5.000   0.3710   0.00610   0.00145  -0.2117  0.0933  0.0044  -2.5685   0.0000   0.8312
  -4.500   0.4303   0.00609   0.00143  -0.2123  0.0869  0.0044  -2.2382   0.0000   0.7515
  -4.000   0.4895   0.00609   0.00142  -0.2128  0.0843  0.0045  -1.9236   0.0000   0.6910
  -3.500   0.5486   0.00610   0.00142  -0.2134  0.0842  0.0045  -1.6249   0.0000   0.6437
  -3.000   0.6075   0.00612   0.00143  -0.2139  0.0841  0.0046  -1.3421   0.0000   0.6055
  -2.500   0.6663   0.00615   0.00144  -0.2144  0.0838  0.0046  -1.0746   0.0000   0.5741
  -2.000   0.7233   0.00633   0.00153  -0.2145  0.0478  0.0048  -0.9626   0.0000   0.5479
  -1.500   0.7815   0.00641   0.00159  -0.2149  0.0448  0.0055  -1.0131   0.0000   0.5255
  -1.000   0.8396   0.00648   0.00165  -0.2153  0.0424  0.0064  -1.0655   0.0000   0.5061
  -0.500   0.8975   0.00657   0.00172  -0.2156  0.0402  0.0071  -1.1181   0.0000   0.4891
   0.000   0.9552   0.00666   0.00180  -0.2160  0.0382  0.0077  -1.1711   0.0000   0.4742
   0.500   1.0127   0.00676   0.00189  -0.2163  0.0381  0.0095  -1.2261   0.0000   0.4610
   1.000   1.0703   0.00686   0.00199  -0.2166  0.0393  0.0169  -1.2914   0.0000   0.4491
   1.500   1.1273   0.00698   0.00210  -0.2168  0.0386  0.0171  -1.3672   0.0000   0.4383
   2.000   1.1828   0.00722   0.00228  -0.2168  0.0257  0.0204  -1.4422   0.0000   0.4285
   2.500   1.2371   0.00757   0.00258  -0.2164  0.0014  0.0371  -1.5324   0.0000   0.4195
   3.500   1.3482   0.00797   0.00294  -0.2164  0.0013  0.0388  -1.7665   0.0000   0.4036
   4.000   1.4032   0.00819   0.00315  -0.2163  0.0013  0.0414  -1.9135   0.0000   0.3965
   4.500   1.4578   0.00843   0.00337  -0.2162  0.0013  0.0471  -2.0924   0.0000   0.3899
   5.500   1.5658   0.00894   0.00387  -0.2157  0.0013  0.0725  -2.4633   0.0000   0.3778
   6.000   1.6193   0.00922   0.00415  -0.2155  0.0012  0.1049  -2.6551   0.0000   0.3723
   6.500   1.6720   0.00952   0.00444  -0.2150  0.0012  0.1168  -2.8503   0.0000   0.3670
   7.000   1.7244   0.00983   0.00476  -0.2146  0.0012  0.1455  -3.0496   0.0000   0.3620
   7.500   1.7757   0.01017   0.00509  -0.2139  0.0012  0.1463  -3.2515   0.0000   0.3571
   8.000   1.8262   0.01054   0.00544  -0.2131  0.0012  0.1460  -3.4565   0.0000   0.3525
   8.500   1.8758   0.01093   0.00582  -0.2122  0.0012  0.1563  -3.6641   0.0000   0.3480
   9.000   1.9253   0.01132   0.00624  -0.2113  0.0012  0.2118  -3.9430   0.0000   0.3437
  10.500   2.0657   0.01270   0.00768  -0.2073  0.0011  0.3318  -5.5206   0.0000   0.3313
  11.000   2.1081   0.01325   0.00825  -0.2052  0.0011  0.3442  -6.1397   0.0000   0.3273
  13.000   2.2231   0.01641   0.01149  -0.1867  0.0009  0.4031  -8.5040   0.0000   0.3099
  13.500   2.2509   0.01755   0.01269  -0.1827  0.0009  0.4623  -9.1412   0.0000   0.3059
  15.000   2.2754   0.02511   0.02052  -0.1641  0.0021  0.5017  -10.6644   0.0000   0.2935
  15.500   2.2917   0.02768   0.02316  -0.1603  0.0026  0.5342  -11.2716   0.0000   0.2901
  16.000   2.3047   0.03071   0.02625  -0.1565  0.0030  0.5635  -11.8622   0.0000   0.2869
  16.500   2.3150   0.03415   0.02976  -0.1530  0.0034  0.5900  -12.4416   0.0000   0.2838
  17.000   2.3227   0.03805   0.03375  -0.1498  0.0037  0.6267  -13.0098   0.0000   0.2808
  17.500   2.3253   0.04244   0.03821  -0.1465  0.0042  0.6391  -13.5419   0.0000   0.2780
  18.000   2.3277   0.04741   0.04327  -0.1440  0.0045  0.6606  -14.0813   0.0000   0.2755
  18.500   2.3282   0.05292   0.04888  -0.1419  0.0046  0.6909  -14.6113   0.0000   0.2732
  19.000   2.3244   0.05919   0.05524  -0.1402  0.0046  0.7200  -15.1099   0.0000   0.2711
  19.500   2.3319   0.06418   0.06033  -0.1391  0.0046  0.7658  -15.7278   0.0000   0.2689


