XFLR5 v6.02 Beta

 Calculated polar for: WORTMANN FX 63-137

 1 1 Reynolds number fixed          Mach number fixed         

 xtrf =   1.000 (top)        1.000 (bottom)
 Mach =   0.000     Re =    19.250 e 6     Ncrit =   9.000

  alpha     CL        CD       CDp       CM    Top Xtr Bot Xtr   Cpmin    Chinge    XCp    
 ------- -------- --------- --------- -------- ------- ------- -------- --------- ---------
 -20.000  -1.1509   0.03951   0.03647  -0.1595  0.7172  0.0030  -24.5883   0.0000   0.0798
 -19.500  -1.1596   0.03254   0.02929  -0.1657  0.6790  0.0030  -24.3975   0.0000   0.0771
 -19.000  -1.1530   0.02774   0.02438  -0.1696  0.6591  0.0031  -23.9196   0.0000   0.0744
 -18.500  -1.1426   0.02356   0.02004  -0.1727  0.6250  0.0032  -23.3673   0.0000   0.0716
 -18.000  -1.1278   0.02026   0.01665  -0.1745  0.6148  0.0032  -22.7317   0.0000   0.0694
 -17.500  -1.0889   0.01757   0.01389  -0.1790  0.6029  0.0033  -21.8048   0.0000   0.0605
 -17.000  -1.0380   0.01540   0.01154  -0.1848  0.5588  0.0034  -20.7473   0.0000   0.0475
 -16.500  -0.9884   0.01439   0.01032  -0.1867  0.4872  0.0034  -19.6857   0.0000   0.0372
 -16.000  -0.9346   0.01350   0.00936  -0.1883  0.4693  0.0035  -18.5920   0.0000   0.0251
 -15.500  -0.8790   0.01272   0.00852  -0.1898  0.4659  0.0035  -17.5035   0.0000   0.0110
 -15.000  -0.8225   0.01202   0.00778  -0.1911  0.4649  0.0036  -16.4318   0.0000  -0.0053
 -14.500  -0.7670   0.01149   0.00714  -0.1920  0.4300  0.0037  -15.3979   0.0000  -0.0232
 -13.500  -0.6547   0.01062   0.00601  -0.1937  0.3371  0.0037  -13.4073   0.0000  -0.0688
 -13.000  -0.5973   0.01024   0.00552  -0.1945  0.3051  0.0038  -12.4993   0.0000  -0.0990
 -12.500  -0.5389   0.00986   0.00508  -0.1954  0.2931  0.0038  -11.6232   0.0000  -0.1367
 -12.000  -0.4799   0.00950   0.00468  -0.1964  0.2788  0.0039  -10.7656   0.0000  -0.1843
 -11.500  -0.4206   0.00919   0.00432  -0.1974  0.2782  0.0040  -9.9026   0.0000  -0.2457
 -11.000  -0.3624   0.00897   0.00400  -0.1981  0.2448  0.0040  -9.0974   0.0000  -0.3252
 -10.500  -0.3033   0.00873   0.00369  -0.1989  0.2209  0.0041  -8.3133   0.0000  -0.4374
  -9.500  -0.1846   0.00830   0.00313  -0.2006  0.1896  0.0042  -6.8516   0.0000  -0.8815
  -9.000  -0.1247   0.00809   0.00286  -0.2015  0.1744  0.0042  -6.2231   0.0000  -1.4271
  -8.500  -0.0647   0.00790   0.00264  -0.2024  0.1699  0.0042  -5.5723   0.0000  -2.9874
  -8.000  -0.0046   0.00772   0.00244  -0.2032  0.1691  0.0043  -4.9626   0.0000  -44.9369
  -7.500   0.0554   0.00757   0.00227  -0.2041  0.1682  0.0043  -4.3966   0.0000   4.0414
  -7.000   0.1145   0.00752   0.00214  -0.2047  0.1458  0.0043  -3.9518   0.0000   2.0871
  -6.500   0.1744   0.00741   0.00201  -0.2055  0.1410  0.0043  -3.6164   0.0000   1.4580
  -6.000   0.2342   0.00733   0.00191  -0.2062  0.1357  0.0043  -3.2709   0.0000   1.1510
  -5.500   0.2937   0.00728   0.00184  -0.2069  0.1304  0.0044  -2.9124   0.0000   0.9692
  -5.000   0.3533   0.00723   0.00178  -0.2076  0.1250  0.0044  -2.5763   0.0000   0.8487
  -4.500   0.4127   0.00720   0.00173  -0.2082  0.1238  0.0045  -2.2571   0.0000   0.7630
  -4.000   0.4720   0.00718   0.00171  -0.2088  0.1233  0.0045  -1.9475   0.0000   0.6989
  -3.000   0.5884   0.00733   0.00175  -0.2096  0.0974  0.0071  -1.3739   0.0000   0.6098
  -2.500   0.6469   0.00737   0.00177  -0.2101  0.0939  0.0081  -1.1065   0.0000   0.5772
  -2.000   0.7053   0.00743   0.00180  -0.2106  0.0882  0.0083  -0.9516   0.0000   0.5499
  -1.500   0.7640   0.00746   0.00185  -0.2111  0.0850  0.0142  -1.0014   0.0000   0.5268
  -1.000   0.8220   0.00754   0.00191  -0.2115  0.0840  0.0151  -1.0536   0.0000   0.5069
  -0.500   0.8797   0.00763   0.00199  -0.2118  0.0831  0.0155  -1.1059   0.0000   0.4897
   0.000   0.9372   0.00773   0.00208  -0.2121  0.0824  0.0157  -1.1585   0.0000   0.4745
   0.500   0.9929   0.00798   0.00226  -0.2121  0.0639  0.0161  -1.2108   0.0000   0.4610
   1.000   1.0519   0.00793   0.00228  -0.2127  0.0825  0.0172  -1.2755   0.0000   0.4489
   1.500   1.1073   0.00818   0.00249  -0.2126  0.0679  0.0179  -1.3494   0.0000   0.4380
   2.000   1.1626   0.00843   0.00266  -0.2125  0.0580  0.0233  -1.4242   0.0000   0.4281
   3.000   1.2681   0.00931   0.00338  -0.2114  0.0035  0.0400  -1.6173   0.0000   0.4106
   3.500   1.3225   0.00957   0.00363  -0.2112  0.0029  0.0497  -1.7334   0.0000   0.4028
   4.000   1.3769   0.00982   0.00389  -0.2110  0.0034  0.0654  -1.8679   0.0000   0.3956
   4.500   1.4303   0.01013   0.00417  -0.2106  0.0028  0.0673  -2.0436   0.0000   0.3889
   5.000   1.4832   0.01044   0.00448  -0.2102  0.0021  0.0816  -2.2231   0.0000   0.3826
   5.500   1.5359   0.01076   0.00480  -0.2098  0.0015  0.1096  -2.4066   0.0000   0.3767
   6.000   1.5891   0.01106   0.00519  -0.2095  0.0013  0.1947  -2.5958   0.0000   0.3711
   6.500   1.6402   0.01143   0.00557  -0.2088  0.0013  0.2184  -2.7864   0.0000   0.3658
   7.000   1.6908   0.01182   0.00598  -0.2081  0.0012  0.2554  -2.9804   0.0000   0.3607
   7.500   1.7414   0.01221   0.00644  -0.2074  0.0012  0.3249  -3.1787   0.0000   0.3559
   8.500   1.8374   0.01313   0.00744  -0.2051  0.0012  0.4020  -3.5786   0.0000   0.3466
   9.000   1.8825   0.01367   0.00801  -0.2035  0.0012  0.4329  -3.8186   0.0000   0.3421
   9.500   1.9249   0.01426   0.00861  -0.2013  0.0011  0.4571  -4.0845   0.0000   0.3376
  10.000   1.9565   0.01489   0.00933  -0.1969  0.0011  0.5150  -4.5346   0.0000   0.3328
  11.000   2.0190   0.01655   0.01104  -0.1887  0.0011  0.5470  -5.5650   0.0000   0.3237
  11.500   2.0486   0.01757   0.01211  -0.1846  0.0011  0.5725  -6.1023   0.0000   0.3193
  12.000   2.0772   0.01875   0.01335  -0.1806  0.0010  0.6108  -6.6585   0.0000   0.3151
  12.500   2.1038   0.02013   0.01480  -0.1767  0.0010  0.6426  -7.2278   0.0000   0.3111
  13.000   2.1289   0.02174   0.01650  -0.1728  0.0010  0.6881  -7.7994   0.0000   0.3072
  13.500   2.1497   0.02363   0.01844  -0.1687  0.0009  0.7116  -8.3600   0.0000   0.3034
  14.000   2.1708   0.02579   0.02069  -0.1650  0.0009  0.7528  -8.9390   0.0000   0.2998
  14.500   2.1914   0.02824   0.02325  -0.1618  0.0009  0.8132  -9.5313   0.0000   0.2964
  15.000   2.2142   0.03098   0.02624  -0.1596  0.0009  1.0000  -10.1558   0.0000   0.2934
  15.500   2.2283   0.03415   0.02946  -0.1563  0.0008  1.0000  -10.7302   0.0000   0.2903
  16.000   2.2397   0.03773   0.03310  -0.1532  0.0008  1.0000  -11.2953   0.0000   0.2872
  16.500   2.2474   0.04173   0.03716  -0.1502  0.0008  1.0000  -11.8419   0.0000   0.2844
  17.000   2.2528   0.04631   0.04181  -0.1475  0.0008  1.0000  -12.3798   0.0000   0.2817
  17.500   2.2602   0.05092   0.04648  -0.1454  0.0008  1.0000  -12.9455   0.0000   0.2792
  18.000   2.2659   0.05589   0.05152  -0.1435  0.0007  1.0000  -13.5083   0.0000   0.2768
  18.500   2.2644   0.06193   0.05765  -0.1420  0.0007  1.0000  -14.0114   0.0000   0.2747
  19.000   2.2598   0.06854   0.06434  -0.1408  0.0007  1.0000  -14.4903   0.0000   0.2729
  19.500   2.2519   0.07572   0.07162  -0.1401  0.0006  1.0000  -14.9401   0.0000   0.2713
  20.000   2.2527   0.08133   0.07730  -0.1394  0.0006  1.0000  -15.4856   0.0000   0.2695


