XFLR5 v6.02 Beta

 Calculated polar for: WORTMANN FX 63-137

 1 1 Reynolds number fixed          Mach number fixed         

 xtrf =   1.000 (top)        1.000 (bottom)
 Mach =   0.000     Re =    35.500 e 6     Ncrit =   9.000

  alpha     CL        CD       CDp       CM    Top Xtr Bot Xtr   Cpmin    Chinge    XCp    
 ------- -------- --------- --------- -------- ------- ------- -------- --------- ---------
 -21.500  -1.1548   0.05674   0.05363  -0.1481  0.5372  0.0020  -25.7503   0.0000   0.0856
 -21.000  -1.1957   0.04540   0.04215  -0.1572  0.5333  0.0020  -26.1849   0.0000   0.0846
 -20.500  -1.2165   0.03694   0.03358  -0.1640  0.5310  0.0020  -26.2029   0.0000   0.0831
 -20.000  -1.2192   0.03139   0.02791  -0.1682  0.5017  0.0020  -25.8631   0.0000   0.0816
 -19.500  -1.2173   0.02631   0.02273  -0.1720  0.4958  0.0021  -25.4349   0.0000   0.0797
 -19.000  -1.2033   0.02264   0.01899  -0.1744  0.4896  0.0022  -24.8000   0.0000   0.0774
 -18.500  -1.1883   0.01943   0.01572  -0.1760  0.4830  0.0022  -24.1413   0.0000   0.0754
 -18.000  -1.1473   0.01670   0.01293  -0.1812  0.4721  0.0023  -23.1676   0.0000   0.0665
 -17.500  -1.0953   0.01475   0.01080  -0.1867  0.4021  0.0024  -22.0651   0.0000   0.0547
 -17.000  -1.0437   0.01372   0.00968  -0.1884  0.3710  0.0025  -20.9500   0.0000   0.0451
 -16.500  -0.9899   0.01284   0.00873  -0.1899  0.3614  0.0027  -19.8287   0.0000   0.0343
 -16.000  -0.9346   0.01206   0.00790  -0.1913  0.3521  0.0028  -18.7157   0.0000   0.0219
 -15.500  -0.8782   0.01136   0.00717  -0.1926  0.3455  0.0030  -17.6158   0.0000   0.0075
 -15.000  -0.8209   0.01074   0.00651  -0.1938  0.3389  0.0031  -16.5344   0.0000  -0.0091
 -14.500  -0.7644   0.01027   0.00593  -0.1947  0.3007  0.0033  -15.4891   0.0000  -0.0276
 -13.500  -0.6488   0.00946   0.00497  -0.1965  0.2425  0.0036  -13.5306   0.0000  -0.0760
 -13.000  -0.5901   0.00909   0.00456  -0.1974  0.2335  0.0037  -12.6292   0.0000  -0.1082
 -12.500  -0.5309   0.00875   0.00419  -0.1984  0.2230  0.0038  -11.7522   0.0000  -0.1480
 -12.000  -0.4726   0.00852   0.00386  -0.1991  0.1793  0.0038  -10.9097   0.0000  -0.1967
 -11.500  -0.4130   0.00824   0.00356  -0.2000  0.1816  0.0039  -10.0815   0.0000  -0.2611
 -11.000  -0.3534   0.00800   0.00328  -0.2009  0.1736  0.0039  -9.2853   0.0000  -0.3476
 -10.500  -0.2937   0.00777   0.00303  -0.2017  0.1700  0.0040  -8.5170   0.0000  -0.4696
 -10.000  -0.2338   0.00757   0.00280  -0.2026  0.1694  0.0040  -7.7774   0.0000  -0.6544
  -9.500  -0.1740   0.00738   0.00260  -0.2034  0.1687  0.0041  -7.0677   0.0000  -0.9669
  -9.000  -0.1148   0.00728   0.00242  -0.2041  0.1405  0.0041  -6.3943   0.0000  -1.5940
  -8.500  -0.0551   0.00715   0.00225  -0.2048  0.1351  0.0041  -5.7423   0.0000  -3.5989
  -8.000   0.0048   0.00703   0.00211  -0.2056  0.1301  0.0042  -5.1193   0.0000  44.8124
  -7.500   0.0646   0.00692   0.00199  -0.2063  0.1251  0.0042  -4.5257   0.0000   3.5397
  -7.000   0.1244   0.00683   0.00187  -0.2071  0.1240  0.0043  -4.0511   0.0000   1.9604
  -6.500   0.1841   0.00675   0.00178  -0.2078  0.1237  0.0043  -3.6604   0.0000   1.4069
  -6.000   0.2438   0.00669   0.00171  -0.2085  0.1234  0.0043  -3.2850   0.0000   1.1248
  -5.500   0.3034   0.00664   0.00165  -0.2091  0.1229  0.0044  -2.9247   0.0000   0.9538
  -5.000   0.3629   0.00661   0.00160  -0.2098  0.1223  0.0044  -2.5783   0.0000   0.8390
  -4.500   0.4214   0.00665   0.00159  -0.2102  0.1020  0.0045  -2.2522   0.0000   0.7572
  -4.000   0.4802   0.00668   0.00158  -0.2107  0.0969  0.0045  -1.9396   0.0000   0.6951
  -3.500   0.5391   0.00670   0.00158  -0.2112  0.0889  0.0046  -1.6418   0.0000   0.6466
  -3.000   0.5980   0.00672   0.00159  -0.2118  0.0859  0.0053  -1.3593   0.0000   0.6076
  -2.500   0.6567   0.00675   0.00161  -0.2123  0.0842  0.0050  -1.0914   0.0000   0.5756
  -2.000   0.7153   0.00680   0.00164  -0.2127  0.0841  0.0062  -0.9579   0.0000   0.5488
  -1.000   0.8303   0.00705   0.00180  -0.2133  0.0609  0.0087  -1.0592   0.0000   0.5065
  -0.500   0.8880   0.00715   0.00189  -0.2136  0.0515  0.0097  -1.1116   0.0000   0.4894
   0.000   0.9456   0.00726   0.00198  -0.2139  0.0491  0.0151  -1.1642   0.0000   0.4744
   0.500   1.0027   0.00739   0.00209  -0.2141  0.0463  0.0158  -1.2183   0.0000   0.4610
   1.000   1.0601   0.00749   0.00219  -0.2144  0.0487  0.0170  -1.2826   0.0000   0.4490
   1.500   1.1168   0.00763   0.00232  -0.2146  0.0472  0.0172  -1.3578   0.0000   0.4382
   2.000   1.1731   0.00779   0.00246  -0.2147  0.0450  0.0202  -1.4337   0.0000   0.4283
   2.500   1.2254   0.00831   0.00287  -0.2140  0.0028  0.0374  -1.5200   0.0000   0.4192
   3.000   1.2807   0.00853   0.00306  -0.2139  0.0020  0.0381  -1.6331   0.0000   0.4109
   3.500   1.3356   0.00876   0.00328  -0.2138  0.0016  0.0437  -1.7503   0.0000   0.4032
   4.000   1.3901   0.00900   0.00351  -0.2137  0.0020  0.0471  -1.8912   0.0000   0.3961
   4.500   1.4445   0.00926   0.00377  -0.2135  0.0015  0.0658  -2.0687   0.0000   0.3894
   5.000   1.4980   0.00954   0.00403  -0.2132  0.0013  0.0676  -2.2501   0.0000   0.3832
   5.500   1.5512   0.00983   0.00432  -0.2128  0.0013  0.0844  -2.4356   0.0000   0.3773
   6.000   1.6045   0.01012   0.00465  -0.2125  0.0012  0.1452  -2.6260   0.0000   0.3717
   6.500   1.6562   0.01047   0.00498  -0.2119  0.0012  0.1531  -2.8187   0.0000   0.3664
   8.000   1.8072   0.01162   0.00613  -0.2095  0.0012  0.1950  -3.4158   0.0000   0.3517
   8.500   1.8566   0.01202   0.00659  -0.2086  0.0012  0.2656  -3.6214   0.0000   0.3472
   9.000   1.9045   0.01247   0.00707  -0.2074  0.0012  0.3077  -3.8825   0.0000   0.3429
   9.500   1.9499   0.01298   0.00758  -0.2058  0.0011  0.3260  -4.1951   0.0000   0.3385
  10.000   1.9964   0.01347   0.00819  -0.2045  0.0011  0.4338  -4.7681   0.0000   0.3345
  10.500   2.0314   0.01408   0.00881  -0.2008  0.0011  0.4462  -5.3068   0.0000   0.3299
  11.000   2.0618   0.01476   0.00951  -0.1963  0.0011  0.4612  -5.8407   0.0000   0.3253
  11.500   2.0917   0.01558   0.01035  -0.1919  0.0010  0.4730  -6.3975   0.0000   0.3209
  12.000   2.1211   0.01651   0.01130  -0.1877  0.0010  0.4778  -6.9702   0.0000   0.3166
  12.500   2.1485   0.01761   0.01245  -0.1833  0.0010  0.5142  -7.5515   0.0000   0.3124
  13.000   2.1753   0.01887   0.01376  -0.1792  0.0010  0.5331  -8.1475   0.0000   0.3083
  13.500   2.2008   0.02032   0.01526  -0.1752  0.0009  0.5645  -8.7541   0.0000   0.3045
  14.000   2.2241   0.02199   0.01700  -0.1713  0.0009  0.6160  -9.3641   0.0000   0.3007
  14.500   2.2453   0.02394   0.01901  -0.1673  0.0009  0.6512  -9.9746   0.0000   0.2971
  15.000   2.2652   0.02619   0.02134  -0.1637  0.0009  0.6891  -10.5931   0.0000   0.2936
  15.500   2.2814   0.02886   0.02407  -0.1600  0.0008  0.7164  -11.1981   0.0000   0.2903
  16.000   2.2982   0.03172   0.02701  -0.1568  0.0008  0.7535  -11.8231   0.0000   0.2872
  16.500   2.3124   0.03507   0.03046  -0.1540  0.0007  0.8155  -12.4424   0.0000   0.2842
  17.500   2.2718   0.05000   0.04593  -0.1460  0.0014  1.0000  -13.0093   0.0000   0.2791
  18.000   2.2734   0.05551   0.05152  -0.1441  0.0020  1.0000  -13.5746   0.0000   0.2768
  18.500   2.2702   0.06180   0.05789  -0.1425  0.0023  1.0000  -14.0647   0.0000   0.2748
  19.000   2.2630   0.06876   0.06495  -0.1413  0.0025  1.0000  -14.5171   0.0000   0.2730
  19.500   2.2519   0.07643   0.07271  -0.1407  0.0027  1.0000  -14.9315   0.0000   0.2715


