XFLR5 v6.02 Beta

 Calculated polar for: WORTMANN FX 63-137

 1 1 Reynolds number fixed          Mach number fixed         

 xtrf =   1.000 (top)        1.000 (bottom)
 Mach =   0.000     Re =    48.500 e 6     Ncrit =   9.000

  alpha     CL        CD       CDp       CM    Top Xtr Bot Xtr   Cpmin    Chinge    XCp    
 ------- -------- --------- --------- -------- ------- ------- -------- --------- ---------
 -23.000  -0.4300   0.21436   0.21191  -0.0532  0.2775  0.0014  -7.0129   0.0000   0.0762
 -22.500  -0.4130   0.20945   0.20694  -0.0568  0.2434  0.0014  -6.7927   0.0000   0.0623
 -22.000  -0.3959   0.20431   0.20177  -0.0604  0.2348  0.0014  -6.5768   0.0000   0.0470
 -21.500  -0.3787   0.19910   0.19655  -0.0640  0.2293  0.0014  -6.3653   0.0000   0.0303
 -21.000  -0.3615   0.19384   0.19126  -0.0675  0.2238  0.0014  -6.1590   0.0000   0.0120
 -20.500  -0.3444   0.18849   0.18589  -0.0710  0.2219  0.0015  -5.9626   0.0000  -0.0080
 -19.000  -1.2357   0.01996   0.01629  -0.1759  0.4335  0.0018  -25.3168   0.0000   0.0804
 -18.500  -1.1993   0.01731   0.01358  -0.1800  0.4273  0.0018  -24.3724   0.0000   0.0737
 -18.000  -1.1473   0.01500   0.01118  -0.1864  0.4011  0.0019  -23.2533   0.0000   0.0620
 -17.500  -1.0965   0.01393   0.00998  -0.1885  0.3393  0.0020  -22.1250   0.0000   0.0533
 -17.000  -1.0429   0.01303   0.00904  -0.1900  0.3383  0.0021  -20.9770   0.0000   0.0434
 -16.000  -0.9319   0.01155   0.00749  -0.1926  0.3376  0.0023  -18.7132   0.0000   0.0198
 -15.500  -0.8760   0.01096   0.00683  -0.1937  0.3081  0.0025  -17.6174   0.0000   0.0057
 -15.000  -0.8189   0.01040   0.00623  -0.1947  0.3008  0.0026  -16.5369   0.0000  -0.0109
 -14.500  -0.7623   0.00996   0.00568  -0.1956  0.2447  0.0028  -15.4908   0.0000  -0.0296
 -14.000  -0.7041   0.00950   0.00518  -0.1966  0.2349  0.0029  -14.4585   0.0000  -0.0523
 -13.500  -0.6454   0.00910   0.00474  -0.1976  0.2218  0.0031  -13.5340   0.0000  -0.0795
 -13.000  -0.5862   0.00870   0.00432  -0.1986  0.2211  0.0033  -12.6342   0.0000  -0.1126
 -12.500  -0.5278   0.00841   0.00395  -0.1994  0.1809  0.0035  -11.7657   0.0000  -0.1523
 -12.000  -0.4683   0.00810   0.00361  -0.2003  0.1696  0.0037  -10.9125   0.0000  -0.2034
 -11.500  -0.4086   0.00782   0.00330  -0.2012  0.1697  0.0039  -10.0825   0.0000  -0.2697
 -11.000  -0.3489   0.00759   0.00305  -0.2021  0.1693  0.0039  -9.2847   0.0000  -0.3588
 -10.500  -0.2892   0.00738   0.00282  -0.2029  0.1689  0.0040  -8.5153   0.0000  -0.4851
 -10.000  -0.2299   0.00723   0.00262  -0.2037  0.1450  0.0040  -7.7787   0.0000  -0.6748
  -9.500  -0.1702   0.00708   0.00243  -0.2044  0.1393  0.0041  -7.0692   0.0000  -0.9997
  -9.000  -0.1105   0.00694   0.00226  -0.2052  0.1293  0.0041  -6.3890   0.0000  -1.6772
  -8.500  -0.0506   0.00682   0.00211  -0.2059  0.1244  0.0041  -5.7354   0.0000  -3.9611
  -8.000   0.0092   0.00670   0.00198  -0.2067  0.1238  0.0042  -5.1113   0.0000  23.3222
  -7.500   0.0691   0.00660   0.00187  -0.2074  0.1235  0.0042  -4.5168   0.0000   3.3422
  -7.000   0.1289   0.00652   0.00177  -0.2081  0.1234  0.0043  -4.0478   0.0000   1.9095
  -6.500   0.1886   0.00645   0.00168  -0.2088  0.1230  0.0043  -3.6561   0.0000   1.3852
  -6.000   0.2482   0.00639   0.00161  -0.2095  0.1226  0.0043  -3.2798   0.0000   1.1134
  -5.500   0.3071   0.00641   0.00158  -0.2100  0.1022  0.0044  -2.9212   0.0000   0.9481
  -5.000   0.3664   0.00640   0.00154  -0.2106  0.0993  0.0044  -2.5759   0.0000   0.8356
  -4.500   0.4256   0.00639   0.00151  -0.2112  0.0965  0.0045  -2.2462   0.0000   0.7545
  -4.000   0.4846   0.00640   0.00150  -0.2117  0.0870  0.0045  -1.9325   0.0000   0.6932
  -3.500   0.5437   0.00641   0.00150  -0.2123  0.0844  0.0046  -1.6340   0.0000   0.6452
  -3.000   0.6026   0.00643   0.00151  -0.2128  0.0842  0.0048  -1.3512   0.0000   0.6066
  -2.500   0.6613   0.00646   0.00153  -0.2133  0.0840  0.0046  -1.0834   0.0000   0.5749
  -2.000   0.7199   0.00651   0.00156  -0.2138  0.0835  0.0054  -0.9607   0.0000   0.5483
  -1.500   0.7767   0.00670   0.00166  -0.2139  0.0514  0.0065  -1.0100   0.0000   0.5258
  -1.000   0.8347   0.00678   0.00173  -0.2142  0.0488  0.0076  -1.0622   0.0000   0.5063
  -0.500   0.8924   0.00688   0.00181  -0.2145  0.0461  0.0084  -1.1146   0.0000   0.4893
   0.000   0.9499   0.00700   0.00191  -0.2148  0.0435  0.0090  -1.1673   0.0000   0.4743
   0.500   1.0075   0.00709   0.00200  -0.2152  0.0412  0.0156  -1.2220   0.0000   0.4610
   1.000   1.0648   0.00720   0.00210  -0.2154  0.0439  0.0170  -1.2866   0.0000   0.4490
   1.500   1.1217   0.00733   0.00222  -0.2157  0.0428  0.0172  -1.3622   0.0000   0.4382
   2.000   1.1784   0.00747   0.00235  -0.2158  0.0410  0.0192  -1.4384   0.0000   0.4284
   2.500   1.2310   0.00795   0.00273  -0.2152  0.0021  0.0373  -1.5260   0.0000   0.4194
   3.500   1.3417   0.00838   0.00312  -0.2151  0.0013  0.0410  -1.7581   0.0000   0.4034
   4.000   1.3964   0.00861   0.00334  -0.2149  0.0014  0.0443  -1.9019   0.0000   0.3963
   4.500   1.4508   0.00886   0.00358  -0.2148  0.0013  0.0507  -2.0800   0.0000   0.3897
   5.000   1.5048   0.00912   0.00383  -0.2145  0.0013  0.0668  -2.2626   0.0000   0.3834
   5.500   1.5582   0.00941   0.00410  -0.2142  0.0013  0.0783  -2.4490   0.0000   0.3775
   6.000   1.6114   0.00970   0.00441  -0.2139  0.0012  0.1171  -2.6397   0.0000   0.3720
   7.000   1.7155   0.01035   0.00506  -0.2128  0.0012  0.1505  -3.0315   0.0000   0.3616
   7.500   1.7664   0.01071   0.00541  -0.2121  0.0012  0.1642  -3.2321   0.0000   0.3568
   8.000   1.8161   0.01111   0.00579  -0.2112  0.0012  0.1607  -3.4350   0.0000   0.3521
   8.500   1.8657   0.01150   0.00621  -0.2103  0.0012  0.2005  -3.6417   0.0000   0.3476
   9.000   1.9144   0.01192   0.00667  -0.2093  0.0012  0.2513  -3.9114   0.0000   0.3432
   9.500   1.9611   0.01239   0.00714  -0.2079  0.0012  0.2742  -4.2599   0.0000   0.3390
  10.000   2.0084   0.01285   0.00769  -0.2067  0.0011  0.3727  -4.8410   0.0000   0.3349
  10.500   2.0512   0.01341   0.00824  -0.2046  0.0011  0.3888  -5.4284   0.0000   0.3308
  11.000   2.0825   0.01402   0.00888  -0.2002  0.0011  0.3998  -5.9758   0.0000   0.3262
  12.000   2.1423   0.01556   0.01047  -0.1913  0.0010  0.4329  -7.1173   0.0000   0.3173
  12.500   2.1704   0.01653   0.01145  -0.1869  0.0010  0.4412  -7.7085   0.0000   0.3131
  13.000   2.1990   0.01763   0.01263  -0.1829  0.0010  0.4988  -8.3237   0.0000   0.3091
  13.500   2.2246   0.01893   0.01395  -0.1786  0.0009  0.5016  -8.9377   0.0000   0.3051
  14.000   2.2493   0.02042   0.01548  -0.1746  0.0009  0.5296  -9.5647   0.0000   0.3013
  14.500   2.2706   0.02216   0.01729  -0.1703  0.0009  0.5694  -10.1827   0.0000   0.2976
  16.000   2.2718   0.03375   0.02926  -0.1540  0.0016  0.6572  -11.5363   0.0000   0.2867
  16.500   2.2805   0.03759   0.03317  -0.1508  0.0020  0.6896  -12.1328   0.0000   0.2838
  17.000   2.2882   0.04153   0.03720  -0.1479  0.0023  0.7146  -12.7054   0.0000   0.2809
  17.500   2.2911   0.04647   0.04225  -0.1453  0.0027  0.7497  -13.2355   0.0000   0.2784
  18.000   2.2937   0.05188   0.04778  -0.1433  0.0032  0.8015  -13.7684   0.0000   0.2761
  18.500   2.3064   0.05716   0.05325  -0.1431  0.0036  0.9347  -14.4087   0.0000   0.2741


