XFLR5 v6.02 Beta

 Calculated polar for: WORTMANN FX 63-137

 1 1 Reynolds number fixed          Mach number fixed         

 xtrf =   1.000 (top)        1.000 (bottom)
 Mach =   0.000     Re =    38.750 e 6     Ncrit =   9.000

  alpha     CL        CD       CDp       CM    Top Xtr Bot Xtr   Cpmin    Chinge    XCp    
 ------- -------- --------- --------- -------- ------- ------- -------- --------- ---------
 -20.500  -1.2266   0.03591   0.03248  -0.1650  0.4928  0.0019  -26.3856   0.0000   0.0836
 -20.000  -1.2338   0.02977   0.02624  -0.1697  0.4839  0.0019  -26.1188   0.0000   0.0822
 -19.500  -1.2244   0.02560   0.02200  -0.1726  0.4780  0.0020  -25.5577   0.0000   0.0801
 -19.000  -1.2117   0.02176   0.01811  -0.1752  0.4717  0.0020  -24.9405   0.0000   0.0778
 -18.500  -1.1918   0.01876   0.01505  -0.1772  0.4670  0.0021  -24.2140   0.0000   0.0749
 -18.000  -1.1474   0.01624   0.01248  -0.1825  0.4656  0.0022  -23.1909   0.0000   0.0654
 -17.000  -1.0438   0.01356   0.00951  -0.1888  0.3588  0.0024  -20.9611   0.0000   0.0448
 -16.500  -0.9895   0.01269   0.00860  -0.1903  0.3493  0.0025  -19.8336   0.0000   0.0338
 -16.000  -0.9339   0.01193   0.00780  -0.1916  0.3400  0.0027  -18.7161   0.0000   0.0213
 -15.500  -0.8773   0.01124   0.00707  -0.1929  0.3387  0.0028  -17.6144   0.0000   0.0069
 -15.000  -0.8200   0.01062   0.00642  -0.1941  0.3378  0.0030  -16.5325   0.0000  -0.0098
 -14.500  -0.7638   0.01017   0.00586  -0.1949  0.2808  0.0032  -15.4910   0.0000  -0.0282
 -14.000  -0.7054   0.00969   0.00534  -0.1960  0.2771  0.0033  -14.4566   0.0000  -0.0509
 -13.500  -0.6479   0.00934   0.00489  -0.1968  0.2350  0.0035  -13.5362   0.0000  -0.0770
 -13.000  -0.5889   0.00896   0.00447  -0.1978  0.2261  0.0036  -12.6329   0.0000  -0.1095
 -12.500  -0.5297   0.00862   0.00410  -0.1987  0.2212  0.0037  -11.7546   0.0000  -0.1496
 -12.000  -0.4713   0.00839   0.00378  -0.1994  0.1740  0.0038  -10.9114   0.0000  -0.1986
 -11.500  -0.4118   0.00812   0.00348  -0.2003  0.1744  0.0039  -10.0832   0.0000  -0.2636
 -11.000  -0.3521   0.00788   0.00321  -0.2012  0.1702  0.0039  -9.2864   0.0000  -0.3508
 -10.500  -0.2924   0.00766   0.00297  -0.2021  0.1697  0.0040  -8.5178   0.0000  -0.4740
 -10.000  -0.2325   0.00746   0.00275  -0.2029  0.1690  0.0040  -7.7779   0.0000  -0.6610
  -9.000  -0.1136   0.00719   0.00237  -0.2044  0.1372  0.0041  -6.3941   0.0000  -1.6165
  -8.500  -0.0538   0.00705   0.00221  -0.2051  0.1319  0.0041  -5.7413   0.0000  -3.6960
  -8.000   0.0060   0.00693   0.00207  -0.2059  0.1269  0.0042  -5.1178   0.0000  35.3978
  -7.500   0.0659   0.00683   0.00195  -0.2066  0.1240  0.0042  -4.5238   0.0000   3.4802
  -7.000   0.1257   0.00674   0.00184  -0.2074  0.1238  0.0043  -4.0506   0.0000   1.9454
  -6.500   0.1854   0.00666   0.00175  -0.2081  0.1235  0.0043  -3.6595   0.0000   1.4005
  -6.000   0.2451   0.00660   0.00168  -0.2088  0.1232  0.0043  -3.2837   0.0000   1.1215
  -5.500   0.3046   0.00656   0.00162  -0.2094  0.1226  0.0044  -2.9232   0.0000   0.9518
  -5.000   0.3634   0.00658   0.00160  -0.2099  0.1038  0.0044  -2.5793   0.0000   0.8385
  -4.500   0.4226   0.00658   0.00157  -0.2105  0.1004  0.0045  -2.2507   0.0000   0.7564
  -4.000   0.4815   0.00660   0.00156  -0.2110  0.0939  0.0045  -1.9378   0.0000   0.6946
  -3.500   0.5404   0.00662   0.00156  -0.2115  0.0874  0.0046  -1.6396   0.0000   0.6462
  -3.000   0.5993   0.00664   0.00157  -0.2121  0.0848  0.0052  -1.3570   0.0000   0.6073
  -2.500   0.6580   0.00667   0.00159  -0.2126  0.0842  0.0049  -1.0891   0.0000   0.5754
  -2.000   0.7166   0.00671   0.00162  -0.2130  0.0840  0.0059  -0.9587   0.0000   0.5486
  -1.000   0.8315   0.00698   0.00179  -0.2135  0.0547  0.0084  -1.0600   0.0000   0.5065
  -0.500   0.8892   0.00708   0.00187  -0.2139  0.0504  0.0093  -1.1124   0.0000   0.4894
   0.500   1.0040   0.00731   0.00207  -0.2144  0.0447  0.0158  -1.2193   0.0000   0.4610
   1.000   1.0614   0.00741   0.00216  -0.2147  0.0473  0.0170  -1.2837   0.0000   0.4490
   1.500   1.1181   0.00755   0.00229  -0.2149  0.0458  0.0172  -1.3590   0.0000   0.4382
   2.000   1.1746   0.00770   0.00243  -0.2150  0.0438  0.0198  -1.4350   0.0000   0.4284
   2.500   1.2270   0.00821   0.00283  -0.2143  0.0026  0.0374  -1.5217   0.0000   0.4193
   3.000   1.2824   0.00842   0.00302  -0.2143  0.0018  0.0381  -1.6352   0.0000   0.4110
   3.500   1.3374   0.00865   0.00323  -0.2142  0.0015  0.0429  -1.7526   0.0000   0.4033
   4.000   1.3919   0.00889   0.00346  -0.2140  0.0018  0.0463  -1.8942   0.0000   0.3962
   5.000   1.5000   0.00942   0.00397  -0.2136  0.0013  0.0672  -2.2537   0.0000   0.3832
   5.500   1.5532   0.00971   0.00426  -0.2132  0.0013  0.0826  -2.4395   0.0000   0.3773
   6.000   1.6066   0.00999   0.00458  -0.2129  0.0012  0.1451  -2.6302   0.0000   0.3718
   6.500   1.6585   0.01033   0.00491  -0.2124  0.0012  0.1469  -2.8232   0.0000   0.3665
   7.000   1.7098   0.01069   0.00526  -0.2117  0.0012  0.1659  -3.0197   0.0000   0.3614
   8.500   1.8594   0.01187   0.00648  -0.2091  0.0012  0.2496  -3.6276   0.0000   0.3473
   9.000   1.9077   0.01231   0.00696  -0.2080  0.0012  0.3071  -3.8918   0.0000   0.3430
   9.500   1.9532   0.01281   0.00746  -0.2064  0.0012  0.3097  -4.2144   0.0000   0.3387
  10.000   1.9999   0.01329   0.00805  -0.2052  0.0011  0.4219  -4.7895   0.0000   0.3346
  10.500   2.0403   0.01388   0.00864  -0.2026  0.0011  0.4340  -5.3601   0.0000   0.3303
  11.000   2.0672   0.01455   0.00933  -0.1973  0.0011  0.4421  -5.8760   0.0000   0.3255
  11.500   2.0974   0.01533   0.01013  -0.1929  0.0010  0.4576  -6.4356   0.0000   0.3211
  12.000   2.1275   0.01623   0.01104  -0.1887  0.0010  0.4613  -7.0148   0.0000   0.3168
  12.500   2.1558   0.01727   0.01214  -0.1845  0.0010  0.4993  -7.6030   0.0000   0.3126
  13.000   2.1825   0.01850   0.01342  -0.1803  0.0010  0.5289  -8.2007   0.0000   0.3086
  13.500   2.2069   0.01993   0.01488  -0.1760  0.0009  0.5439  -8.8020   0.0000   0.3046
  14.000   2.2304   0.02157   0.01658  -0.1720  0.0009  0.5824  -9.4143   0.0000   0.3008
  14.500   2.2518   0.02346   0.01855  -0.1681  0.0009  0.6293  -10.0284   0.0000   0.2972
  15.000   2.2716   0.02566   0.02081  -0.1643  0.0009  0.6602  -10.6475   0.0000   0.2937
  15.500   2.2894   0.02818   0.02340  -0.1607  0.0008  0.6918  -11.2678   0.0000   0.2904
  16.000   2.3047   0.03108   0.02637  -0.1573  0.0007  0.7251  -11.8836   0.0000   0.2872
  17.000   2.2684   0.04389   0.03957  -0.1471  0.0014  0.8023  -12.4811   0.0000   0.2811
  17.500   2.2794   0.04922   0.04519  -0.1464  0.0018  1.0000  -13.0920   0.0000   0.2791
  18.000   2.2828   0.05448   0.05051  -0.1445  0.0023  1.0000  -13.6683   0.0000   0.2768
  18.500   2.2784   0.06087   0.05699  -0.1428  0.0026  1.0000  -14.1441   0.0000   0.2747
  19.000   2.2719   0.06771   0.06391  -0.1415  0.0028  1.0000  -14.6035   0.0000   0.2729
  19.500   2.2611   0.07528   0.07158  -0.1408  0.0031  1.0000  -15.0232   0.0000   0.2713


