XFLR5 v6.02 Beta

 Calculated polar for: WORTMANN FX 63-137

 1 1 Reynolds number fixed          Mach number fixed         

 xtrf =   1.000 (top)        1.000 (bottom)
 Mach =   0.000     Re =    75.000 e 6     Ncrit =   9.000

  alpha     CL        CD       CDp       CM    Top Xtr Bot Xtr   Cpmin    Chinge    XCp    
 ------- -------- --------- --------- -------- ------- ------- -------- --------- ---------
 -27.000  -0.5307   0.26446   0.26230  -0.0204  0.2950  0.0013  -6.3985   0.0000   0.1613
 -26.500  -0.5144   0.25926   0.25708  -0.0247  0.2926  0.0013  -6.1698   0.0000   0.1524
 -26.000  -0.4979   0.25408   0.25189  -0.0288  0.2887  0.0013  -5.9494   0.0000   0.1428
 -25.500  -0.4812   0.24894   0.24673  -0.0330  0.2845  0.0013  -5.7361   0.0000   0.1325
 -22.000  -0.5070   0.17121   0.16880  -0.0739  0.2783  0.0015  -10.9388   0.0000   0.0539
 -21.500  -0.4794   0.16897   0.16650  -0.0760  0.2261  0.0016  -10.2693   0.0000   0.0412
 -21.000  -0.4746   0.16113   0.15865  -0.0807  0.2222  0.0017  -10.3344   0.0000   0.0303
 -20.500  -0.4583   0.15607   0.15358  -0.0840  0.2217  0.0017  -10.0356   0.0000   0.0172
 -20.000  -0.4422   0.15102   0.14852  -0.0873  0.2214  0.0018  -9.7414   0.0000   0.0032
 -18.500  -1.2004   0.01443   0.01071  -0.1883  0.3686  0.0014  -24.5219   0.0000   0.0670
 -18.000  -1.1502   0.01352   0.00968  -0.1897  0.3026  0.0015  -23.3644   0.0000   0.0596
 -17.500  -1.0968   0.01271   0.00883  -0.1910  0.2944  0.0015  -22.1873   0.0000   0.0510
 -17.000  -1.0421   0.01200   0.00809  -0.1922  0.2872  0.0016  -21.0180   0.0000   0.0412
 -16.500  -0.9863   0.01137   0.00743  -0.1933  0.2798  0.0017  -19.8633   0.0000   0.0301
 -16.000  -0.9297   0.01079   0.00682  -0.1944  0.2784  0.0018  -18.7272   0.0000   0.0173
 -15.500  -0.8725   0.01026   0.00627  -0.1954  0.2781  0.0019  -17.6129   0.0000   0.0027
 -15.000  -0.8160   0.00984   0.00576  -0.1962  0.2326  0.0020  -16.5351   0.0000  -0.0136
 -14.500  -0.7579   0.00940   0.00530  -0.1971  0.2216  0.0021  -15.4713   0.0000  -0.0332
 -14.000  -0.6993   0.00900   0.00486  -0.1981  0.2210  0.0023  -14.4339   0.0000  -0.0565
 -13.500  -0.6412   0.00867   0.00447  -0.1989  0.1907  0.0023  -13.5130   0.0000  -0.0837
 -13.000  -0.5822   0.00833   0.00410  -0.1998  0.1816  0.0025  -12.6162   0.0000  -0.1172
 -12.500  -0.5229   0.00801   0.00375  -0.2007  0.1691  0.0027  -11.7433   0.0000  -0.1586
 -12.000  -0.4638   0.00774   0.00343  -0.2016  0.1425  0.0029  -10.8992   0.0000  -0.2105
 -11.500  -0.4039   0.00744   0.00311  -0.2025  0.1437  0.0032  -10.0759   0.0000  -0.2790
 -11.000  -0.3441   0.00719   0.00284  -0.2034  0.1400  0.0035  -9.2800   0.0000  -0.3712
 -10.500  -0.2842   0.00697   0.00259  -0.2043  0.1353  0.0038  -8.5094   0.0000  -0.5025
 -10.000  -0.2244   0.00679   0.00239  -0.2051  0.1305  0.0040  -7.7666   0.0000  -0.7040
  -9.500  -0.1645   0.00664   0.00223  -0.2059  0.1254  0.0040  -7.0545   0.0000  -1.0520
  -9.000  -0.1047   0.00651   0.00207  -0.2066  0.1237  0.0041  -6.3725   0.0000  -1.7981
  -8.500  -0.0448   0.00639   0.00194  -0.2074  0.1234  0.0041  -5.7184   0.0000  -4.5399
  -8.000   0.0150   0.00629   0.00182  -0.2081  0.1230  0.0042  -5.0940   0.0000  14.5230
  -7.500   0.0749   0.00620   0.00172  -0.2088  0.1228  0.0042  -4.4993   0.0000   3.1219
  -7.000   0.1341   0.00617   0.00164  -0.2094  0.1030  0.0043  -4.0417   0.0000   1.8538
  -6.500   0.1937   0.00612   0.00157  -0.2101  0.1002  0.0043  -3.6500   0.0000   1.3618
  -6.000   0.2532   0.00608   0.00151  -0.2107  0.0974  0.0043  -3.2736   0.0000   1.1013
  -5.500   0.3126   0.00605   0.00146  -0.2113  0.0949  0.0044  -2.9124   0.0000   0.9400
  -5.000   0.3720   0.00603   0.00143  -0.2119  0.0916  0.0044  -2.5667   0.0000   0.8303
  -4.500   0.4313   0.00603   0.00141  -0.2125  0.0849  0.0044  -2.2365   0.0000   0.7508
  -4.000   0.4905   0.00603   0.00140  -0.2130  0.0842  0.0045  -1.9217   0.0000   0.6906
  -3.500   0.5496   0.00604   0.00140  -0.2136  0.0841  0.0045  -1.6231   0.0000   0.6434
  -3.000   0.6085   0.00605   0.00141  -0.2141  0.0840  0.0046  -1.3402   0.0000   0.6053
  -2.500   0.6673   0.00608   0.00143  -0.2146  0.0838  0.0046  -1.0728   0.0000   0.5739
  -2.000   0.7242   0.00627   0.00152  -0.2147  0.0464  0.0047  -0.9632   0.0000   0.5478
  -1.500   0.7825   0.00634   0.00157  -0.2151  0.0435  0.0054  -1.0138   0.0000   0.5254
  -1.000   0.8406   0.00642   0.00163  -0.2155  0.0412  0.0062  -1.0662   0.0000   0.5060
  -0.500   0.8985   0.00650   0.00170  -0.2159  0.0390  0.0069  -1.1189   0.0000   0.4891
   0.000   0.9563   0.00659   0.00178  -0.2162  0.0382  0.0074  -1.1718   0.0000   0.4742
   0.500   1.0138   0.00669   0.00187  -0.2165  0.0381  0.0092  -1.2270   0.0000   0.4610
   1.000   1.0714   0.00679   0.00197  -0.2168  0.0385  0.0169  -1.2924   0.0000   0.4491
   1.500   1.1285   0.00691   0.00207  -0.2171  0.0382  0.0171  -1.3682   0.0000   0.4384
   2.000   1.1834   0.00720   0.00229  -0.2169  0.0210  0.0199  -1.4426   0.0000   0.4286
   2.500   1.2384   0.00749   0.00255  -0.2167  0.0014  0.0370  -1.5337   0.0000   0.4196
   3.000   1.2941   0.00768   0.00272  -0.2167  0.0013  0.0379  -1.6500   0.0000   0.4113
   3.500   1.3495   0.00789   0.00291  -0.2167  0.0013  0.0385  -1.7682   0.0000   0.4037
   4.000   1.4045   0.00811   0.00311  -0.2166  0.0013  0.0408  -1.9158   0.0000   0.3966
   4.500   1.4592   0.00834   0.00333  -0.2165  0.0013  0.0464  -2.0949   0.0000   0.3900
   5.500   1.5674   0.00885   0.00382  -0.2160  0.0013  0.0714  -2.4662   0.0000   0.3779
   6.000   1.6209   0.00912   0.00410  -0.2158  0.0012  0.1036  -2.6583   0.0000   0.3723
   6.500   1.6736   0.00942   0.00439  -0.2153  0.0012  0.1144  -2.8536   0.0000   0.3671
   7.500   1.7775   0.01007   0.00503  -0.2143  0.0012  0.1460  -3.2555   0.0000   0.3572
   8.500   1.8780   0.01081   0.00574  -0.2126  0.0012  0.1510  -3.6688   0.0000   0.3481
   9.000   1.9276   0.01120   0.00616  -0.2118  0.0012  0.2055  -3.9495   0.0000   0.3438
   9.500   1.9761   0.01161   0.00660  -0.2107  0.0012  0.2491  -4.3449   0.0000   0.3396
  10.000   2.0228   0.01207   0.00706  -0.2093  0.0012  0.2714  -4.9291   0.0000   0.3355
  10.500   2.0685   0.01255   0.00758  -0.2078  0.0011  0.3210  -5.5386   0.0000   0.3314
  11.000   2.1113   0.01310   0.00812  -0.2058  0.0011  0.3308  -6.1605   0.0000   0.3274
  11.500   2.1422   0.01369   0.00872  -0.2012  0.0011  0.3380  -6.7345   0.0000   0.3229
  12.000   2.1709   0.01440   0.00943  -0.1964  0.0010  0.3389  -7.3163   0.0000   0.3184
  13.000   2.2275   0.01619   0.01128  -0.1875  0.0009  0.3807  -8.5378   0.0000   0.3100
  14.000   2.2474   0.02050   0.01584  -0.1740  0.0018  0.4530  -9.5089   0.0000   0.3011
  14.500   2.2620   0.02257   0.01795  -0.1688  0.0020  0.4639  -10.0876   0.0000   0.2972
  17.500   2.3323   0.04174   0.03754  -0.1470  0.0044  0.6273  -13.6045   0.0000   0.2780
  18.000   2.3342   0.04664   0.04250  -0.1442  0.0046  0.6421  -14.1412   0.0000   0.2754
  18.500   2.3350   0.05202   0.04798  -0.1420  0.0046  0.6628  -14.6786   0.0000   0.2730
  19.000   2.3427   0.05675   0.05278  -0.1404  0.0046  0.6951  -15.2914   0.0000   0.2707
  19.500   2.3378   0.06325   0.05939  -0.1390  0.0047  0.7281  -15.7890   0.0000   0.2688
  20.000   2.3290   0.07050   0.06675  -0.1382  0.0047  0.7649  -16.2510   0.0000   0.2671
  20.500   2.3167   0.07837   0.07474  -0.1380  0.0047  0.8002  -16.6797   0.0000   0.2657
  21.000   2.2986   0.08681   0.08330  -0.1381  0.0047  0.8240  -17.0481   0.0000   0.2646
  21.500   2.2783   0.09609   0.09269  -0.1390  0.0047  0.8383  -17.3862   0.0000   0.2639
  22.000   2.2776   0.10257   0.09926  -0.1398  0.0047  0.8620  -17.9392   0.0000   0.2626


