XFLR5 v6.02 Beta

 Calculated polar for: WORTMANN FX 63-137

 1 1 Reynolds number fixed          Mach number fixed         

 xtrf =   1.000 (top)        1.000 (bottom)
 Mach =   0.000     Re =    25.250 e 6     Ncrit =   9.000

  alpha     CL        CD       CDp       CM    Top Xtr Bot Xtr   Cpmin    Chinge    XCp    
 ------- -------- --------- --------- -------- ------- ------- -------- --------- ---------
 -21.000  -1.1301   0.05433   0.05138  -0.1484  0.6578  0.0025  -24.9076   0.0000   0.0837
 -20.500  -1.1657   0.04341   0.04027  -0.1575  0.6371  0.0025  -25.2500   0.0000   0.0820
 -20.000  -1.1830   0.03544   0.03212  -0.1641  0.6105  0.0025  -25.2088   0.0000   0.0802
 -19.500  -1.1881   0.02933   0.02590  -0.1691  0.5953  0.0026  -24.9223   0.0000   0.0782
 -19.000  -1.1792   0.02511   0.02157  -0.1721  0.5687  0.0027  -24.3839   0.0000   0.0760
 -18.500  -1.1670   0.02132   0.01769  -0.1744  0.5593  0.0027  -23.7844   0.0000   0.0738
 -18.000  -1.1413   0.01834   0.01463  -0.1775  0.5480  0.0028  -23.0065   0.0000   0.0688
 -17.500  -1.0932   0.01578   0.01198  -0.1836  0.5316  0.0029  -21.9691   0.0000   0.0571
 -17.000  -1.0420   0.01435   0.01037  -0.1871  0.4653  0.0031  -20.8797   0.0000   0.0461
 -16.500  -0.9904   0.01346   0.00933  -0.1885  0.4219  0.0032  -19.7865   0.0000   0.0358
 -16.000  -0.9356   0.01264   0.00846  -0.1899  0.4087  0.0033  -18.6783   0.0000   0.0235
 -15.500  -0.8794   0.01193   0.00770  -0.1913  0.4021  0.0035  -17.5801   0.0000   0.0094
 -15.000  -0.8225   0.01130   0.00704  -0.1925  0.4005  0.0035  -16.5007   0.0000  -0.0070
 -14.500  -0.7648   0.01074   0.00645  -0.1936  0.4001  0.0036  -15.4429   0.0000  -0.0261
 -14.000  -0.7102   0.01045   0.00594  -0.1941  0.3069  0.0037  -14.4454   0.0000  -0.0461
 -13.500  -0.6525   0.01004   0.00546  -0.1950  0.2798  0.0037  -13.4885   0.0000  -0.0719
 -13.000  -0.5937   0.00963   0.00501  -0.1960  0.2776  0.0038  -12.5886   0.0000  -0.1037
 -12.000  -0.3879   0.03561   0.03258  -0.1595  0.2221  0.0038  -8.7363   0.0000  -0.1912
 -11.500  -0.4089   0.02348   0.02017  -0.1791  0.2220  0.0038  -9.0621   0.0000  -0.2140
 -11.000  -0.3681   0.01793   0.01424  -0.1865  0.1949  0.0039  -8.6844   0.0000  -0.2839
 -10.000  -0.2393   0.00803   0.00306  -0.2011  0.1796  0.0040  -7.7483   0.0000  -0.6278
  -9.500  -0.1794   0.00783   0.00283  -0.2020  0.1710  0.0041  -7.0424   0.0000  -0.9221
  -9.000  -0.1194   0.00764   0.00261  -0.2028  0.1691  0.0041  -6.3726   0.0000  -1.5130
  -8.000  -0.0003   0.00739   0.00227  -0.2043  0.1435  0.0042  -5.1084   0.0000  -807.6810
  -7.500   0.0594   0.00729   0.00213  -0.2051  0.1381  0.0042  -4.5203   0.0000   3.8051
  -7.000   0.1192   0.00719   0.00200  -0.2058  0.1343  0.0043  -4.0456   0.0000   2.0248
  -6.500   0.1789   0.00711   0.00190  -0.2065  0.1299  0.0043  -3.6587   0.0000   1.4336
  -6.000   0.2386   0.00704   0.00182  -0.2072  0.1248  0.0043  -3.2863   0.0000   1.1387
  -5.500   0.2982   0.00698   0.00175  -0.2079  0.1238  0.0044  -2.9270   0.0000   0.9619
  -5.000   0.3577   0.00694   0.00169  -0.2086  0.1234  0.0044  -2.5819   0.0000   0.8441
  -4.500   0.4171   0.00692   0.00166  -0.2092  0.1230  0.0045  -2.2557   0.0000   0.7600
  -4.000   0.4763   0.00691   0.00164  -0.2098  0.1222  0.0045  -1.9433   0.0000   0.6969
  -3.500   0.5340   0.00703   0.00167  -0.2101  0.0956  0.0046  -1.6499   0.0000   0.6483
  -3.000   0.5927   0.00706   0.00168  -0.2106  0.0920  0.0061  -1.3681   0.0000   0.6088
  -2.500   0.6514   0.00709   0.00170  -0.2111  0.0886  0.0068  -1.1000   0.0000   0.5764
  -2.000   0.7099   0.00714   0.00173  -0.2116  0.0843  0.0073  -0.9545   0.0000   0.5494
  -1.500   0.7683   0.00719   0.00178  -0.2120  0.0840  0.0089  -1.0044   0.0000   0.5264
  -1.000   0.8266   0.00725   0.00183  -0.2125  0.0831  0.0146  -1.0568   0.0000   0.5067
  -0.500   0.8844   0.00733   0.00191  -0.2128  0.0821  0.0153  -1.1092   0.0000   0.4895
   0.000   0.9402   0.00758   0.00207  -0.2128  0.0601  0.0155  -1.1605   0.0000   0.4744
   0.500   0.9973   0.00772   0.00218  -0.2130  0.0516  0.0160  -1.2142   0.0000   0.4610
   1.000   1.0545   0.00783   0.00229  -0.2133  0.0562  0.0171  -1.2778   0.0000   0.4489
   1.500   1.1113   0.00796   0.00242  -0.2135  0.0544  0.0174  -1.3530   0.0000   0.4381
   2.000   1.1677   0.00812   0.00256  -0.2136  0.0511  0.0219  -1.4288   0.0000   0.4282
   2.500   1.2188   0.00872   0.00302  -0.2127  0.0038  0.0376  -1.5132   0.0000   0.4191
   3.000   1.2738   0.00896   0.00324  -0.2125  0.0028  0.0384  -1.6245   0.0000   0.4107
   3.500   1.3285   0.00920   0.00347  -0.2124  0.0023  0.0468  -1.7412   0.0000   0.4030
   4.000   1.3828   0.00946   0.00372  -0.2122  0.0027  0.0507  -1.8785   0.0000   0.3958
   4.500   1.4368   0.00973   0.00399  -0.2119  0.0021  0.0666  -2.0552   0.0000   0.3892
   5.000   1.4900   0.01003   0.00427  -0.2116  0.0015  0.0749  -2.2354   0.0000   0.3829
   5.500   1.5430   0.01033   0.00458  -0.2112  0.0013  0.1029  -2.4202   0.0000   0.3769
   6.000   1.5958   0.01064   0.00493  -0.2108  0.0013  0.1582  -2.6091   0.0000   0.3714
   6.500   1.6478   0.01098   0.00530  -0.2103  0.0012  0.1943  -2.8015   0.0000   0.3661
   7.000   1.6983   0.01137   0.00568  -0.2095  0.0012  0.2112  -2.9960   0.0000   0.3609
   7.500   1.7486   0.01176   0.00610  -0.2087  0.0012  0.2488  -3.1944   0.0000   0.3561
   8.000   1.7969   0.01220   0.00654  -0.2075  0.0012  0.2487  -3.3934   0.0000   0.3513
   8.500   1.8471   0.01260   0.00706  -0.2069  0.0012  0.3681  -3.6001   0.0000   0.3469
   9.000   1.8926   0.01312   0.00757  -0.2053  0.0012  0.3705  -3.8480   0.0000   0.3424
   9.500   1.9367   0.01367   0.00813  -0.2034  0.0011  0.3954  -4.1195   0.0000   0.3381
  10.000   1.9780   0.01421   0.00880  -0.2011  0.0011  0.4956  -4.6590   0.0000   0.3337
  10.500   2.0075   0.01490   0.00950  -0.1963  0.0011  0.4987  -5.1597   0.0000   0.3289
  11.000   2.0379   0.01571   0.01031  -0.1920  0.0011  0.5020  -5.6872   0.0000   0.3244
  11.500   2.0692   0.01661   0.01126  -0.1881  0.0011  0.5322  -6.2423   0.0000   0.3200
  12.000   2.0971   0.01769   0.01239  -0.1838  0.0010  0.5608  -6.8024   0.0000   0.3158
  12.500   2.1235   0.01895   0.01368  -0.1795  0.0010  0.5733  -7.3708   0.0000   0.3116
  13.000   2.1502   0.02038   0.01519  -0.1757  0.0010  0.6250  -7.9600   0.0000   0.3077
  13.500   2.1740   0.02204   0.01692  -0.1717  0.0009  0.6568  -8.5472   0.0000   0.3039
  14.000   2.1952   0.02397   0.01891  -0.1677  0.0009  0.6909  -9.1339   0.0000   0.3002
  14.500   2.2155   0.02618   0.02120  -0.1641  0.0009  0.7239  -9.7309   0.0000   0.2966
  15.000   2.2349   0.02871   0.02381  -0.1608  0.0009  0.7736  -10.3360   0.0000   0.2933
  15.500   2.2532   0.03158   0.02681  -0.1579  0.0008  0.8423  -10.9500   0.0000   0.2902
  16.000   2.2725   0.03480   0.03024  -0.1558  0.0008  1.0000  -11.5884   0.0000   0.2874
  16.500   2.2830   0.03848   0.03397  -0.1527  0.0008  1.0000  -12.1669   0.0000   0.2844
  17.000   2.2893   0.04263   0.03818  -0.1497  0.0008  1.0000  -12.7213   0.0000   0.2816
  18.500   2.2947   0.05853   0.05430  -0.1431  0.0006  1.0000  -14.3234   0.0000   0.2744
  19.500   2.2095   0.08134   0.07752  -0.1399  0.0013  1.0000  -14.4638   0.0000   0.2724


