XFLR5 v6.02 Beta

 Calculated polar for: WORTMANN FX 63-137

 1 1 Reynolds number fixed          Mach number fixed         

 xtrf =   1.000 (top)        1.000 (bottom)
 Mach =   0.000     Re =    41.250 e 6     Ncrit =   9.000

  alpha     CL        CD       CDp       CM    Top Xtr Bot Xtr   Cpmin    Chinge    XCp    
 ------- -------- --------- --------- -------- ------- ------- -------- --------- ---------
 -21.500  -1.1951   0.05131   0.04811  -0.1530  0.5059  0.0018  -26.5352   0.0000   0.0865
 -21.000  -1.2265   0.04145   0.03811  -0.1609  0.4939  0.0018  -26.7653   0.0000   0.0854
 -20.500  -1.2344   0.03504   0.03160  -0.1658  0.4773  0.0018  -26.5267   0.0000   0.0839
 -20.000  -1.2396   0.02914   0.02562  -0.1703  0.4712  0.0019  -26.2215   0.0000   0.0824
 -19.500  -1.2298   0.02499   0.02140  -0.1732  0.4671  0.0019  -25.6523   0.0000   0.0803
 -19.000  -1.2161   0.02131   0.01766  -0.1755  0.4663  0.0020  -25.0147   0.0000   0.0781
 -18.000  -1.1483   0.01593   0.01214  -0.1833  0.4443  0.0021  -23.2185   0.0000   0.0648
 -17.500  -1.0965   0.01440   0.01041  -0.1874  0.3621  0.0022  -22.1007   0.0000   0.0542
 -17.000  -1.0436   0.01342   0.00938  -0.1891  0.3503  0.0023  -20.9667   0.0000   0.0445
 -16.500  -0.9891   0.01258   0.00850  -0.1906  0.3406  0.0024  -19.8350   0.0000   0.0334
 -16.000  -0.9334   0.01183   0.00771  -0.1919  0.3385  0.0026  -18.7154   0.0000   0.0209
 -15.500  -0.8767   0.01115   0.00700  -0.1932  0.3379  0.0027  -17.6128   0.0000   0.0064
 -14.500  -0.7631   0.01010   0.00580  -0.1952  0.2778  0.0031  -15.4890   0.0000  -0.0287
 -14.000  -0.7055   0.00966   0.00529  -0.1961  0.2478  0.0032  -14.4625   0.0000  -0.0510
 -13.500  -0.6472   0.00927   0.00484  -0.1970  0.2299  0.0034  -13.5377   0.0000  -0.0777
 -13.000  -0.5882   0.00888   0.00442  -0.1980  0.2221  0.0035  -12.6349   0.0000  -0.1104
 -12.000  -0.4705   0.00830   0.00373  -0.1997  0.1704  0.0038  -10.9119   0.0000  -0.2000
 -11.500  -0.4109   0.00803   0.00343  -0.2006  0.1706  0.0039  -10.0836   0.0000  -0.2653
 -11.000  -0.3512   0.00779   0.00316  -0.2015  0.1699  0.0039  -9.2865   0.0000  -0.3531
 -10.500  -0.2915   0.00758   0.00292  -0.2023  0.1694  0.0040  -8.5177   0.0000  -0.4771
 -10.000  -0.2316   0.00738   0.00271  -0.2032  0.1688  0.0040  -7.7775   0.0000  -0.6656
  -9.500  -0.1723   0.00725   0.00252  -0.2039  0.1453  0.0041  -7.0711   0.0000  -0.9813
  -9.000  -0.1127   0.00712   0.00234  -0.2046  0.1349  0.0041  -6.3932   0.0000  -1.6331
  -8.500  -0.0529   0.00699   0.00218  -0.2054  0.1297  0.0041  -5.7400   0.0000  -3.7677
  -8.000   0.0070   0.00687   0.00205  -0.2061  0.1248  0.0042  -5.1163   0.0000  30.8538
  -7.500   0.0668   0.00676   0.00193  -0.2069  0.1239  0.0042  -4.5221   0.0000   3.4398
  -7.000   0.1266   0.00668   0.00182  -0.2076  0.1237  0.0043  -4.0500   0.0000   1.9350
  -6.500   0.1863   0.00660   0.00173  -0.2083  0.1234  0.0043  -3.6587   0.0000   1.3962
  -6.000   0.2460   0.00654   0.00166  -0.2090  0.1230  0.0043  -3.2827   0.0000   1.1192
  -5.500   0.3055   0.00650   0.00160  -0.2096  0.1224  0.0044  -2.9220   0.0000   0.9504
  -5.000   0.3643   0.00653   0.00158  -0.2101  0.1023  0.0044  -2.5784   0.0000   0.8376
  -4.500   0.4234   0.00653   0.00155  -0.2107  0.0993  0.0045  -2.2495   0.0000   0.7559
  -4.000   0.4823   0.00655   0.00154  -0.2112  0.0919  0.0045  -1.9363   0.0000   0.6942
  -3.500   0.5413   0.00656   0.00154  -0.2117  0.0864  0.0046  -1.6381   0.0000   0.6459
  -3.000   0.6002   0.00658   0.00155  -0.2123  0.0844  0.0051  -1.3554   0.0000   0.6071
  -2.500   0.6590   0.00661   0.00157  -0.2128  0.0841  0.0048  -1.0875   0.0000   0.5752
  -2.000   0.7175   0.00665   0.00160  -0.2132  0.0839  0.0058  -0.9593   0.0000   0.5485
  -1.500   0.7746   0.00682   0.00170  -0.2134  0.0623  0.0071  -1.0086   0.0000   0.5260
  -1.000   0.8324   0.00692   0.00177  -0.2137  0.0515  0.0081  -1.0607   0.0000   0.5064
  -0.500   0.8901   0.00702   0.00185  -0.2140  0.0491  0.0090  -1.1130   0.0000   0.4894
   0.000   0.9476   0.00714   0.00195  -0.2143  0.0463  0.0098  -1.1656   0.0000   0.4743
   0.500   1.0050   0.00725   0.00205  -0.2146  0.0437  0.0157  -1.2201   0.0000   0.4610
   1.000   1.0623   0.00735   0.00215  -0.2149  0.0463  0.0170  -1.2845   0.0000   0.4490
   1.500   1.1191   0.00749   0.00227  -0.2151  0.0449  0.0172  -1.3599   0.0000   0.4382
   2.000   1.1757   0.00764   0.00241  -0.2153  0.0430  0.0196  -1.4360   0.0000   0.4284
   2.500   1.2281   0.00814   0.00280  -0.2146  0.0024  0.0373  -1.5229   0.0000   0.4193
   3.500   1.3386   0.00857   0.00320  -0.2144  0.0014  0.0424  -1.7542   0.0000   0.4033
   4.000   1.3932   0.00881   0.00342  -0.2143  0.0017  0.0457  -1.8964   0.0000   0.3962
   5.000   1.5014   0.00934   0.00393  -0.2138  0.0013  0.0671  -2.2562   0.0000   0.3833
   5.500   1.5546   0.00963   0.00421  -0.2135  0.0013  0.0813  -2.4422   0.0000   0.3774
   6.000   1.6078   0.00992   0.00453  -0.2132  0.0012  0.1234  -2.6326   0.0000   0.3718
   6.500   1.6601   0.01024   0.00486  -0.2127  0.0012  0.1464  -2.8263   0.0000   0.3665
   7.000   1.7114   0.01059   0.00520  -0.2120  0.0012  0.1614  -3.0230   0.0000   0.3614
   7.500   1.7624   0.01095   0.00558  -0.2114  0.0012  0.1944  -3.2236   0.0000   0.3566
  11.000   2.0716   0.01439   0.00920  -0.1981  0.0011  0.4342  -5.9047   0.0000   0.3257
  11.500   2.1012   0.01516   0.00998  -0.1936  0.0011  0.4416  -6.4608   0.0000   0.3212
  12.000   2.1311   0.01604   0.01088  -0.1893  0.0010  0.4457  -7.0402   0.0000   0.3169
  12.500   2.1605   0.01705   0.01194  -0.1853  0.0010  0.4956  -7.6366   0.0000   0.3128
  13.000   2.1876   0.01823   0.01316  -0.1811  0.0010  0.5191  -8.2385   0.0000   0.3087
  13.500   2.2123   0.01963   0.01460  -0.1768  0.0009  0.5313  -8.8433   0.0000   0.3048
  14.000   2.2356   0.02126   0.01628  -0.1727  0.0009  0.5646  -9.4554   0.0000   0.3010
  14.500   2.2568   0.02312   0.01823  -0.1687  0.0009  0.6256  -10.0697   0.0000   0.2973
  15.000   2.2760   0.02529   0.02046  -0.1648  0.0008  0.6478  -10.6858   0.0000   0.2938
  16.500   2.2658   0.03898   0.03452  -0.1498  0.0012  0.7277  -11.9815   0.0000   0.2838
  18.000   2.2886   0.05384   0.04990  -0.1448  0.0026  1.0000  -13.7228   0.0000   0.2767
  18.500   2.2841   0.06022   0.05636  -0.1430  0.0029  1.0000  -14.1986   0.0000   0.2746


