XFLR5 v6.02 Beta

 Calculated polar for: WORTMANN FX 63-137

 1 1 Reynolds number fixed          Mach number fixed         

 xtrf =   1.000 (top)        1.000 (bottom)
 Mach =   0.000     Re =    11.000 e 6     Ncrit =   9.000

  alpha     CL        CD       CDp       CM    Top Xtr Bot Xtr   Cpmin    Chinge    XCp    
 ------- -------- --------- --------- -------- ------- ------- -------- --------- ---------
 -19.000  -0.9032   0.06061   0.05792  -0.1394  0.7581  0.0035  -19.2814   0.0000   0.0624
 -18.500  -0.9808   0.04269   0.03973  -0.1543  0.7568  0.0035  -20.4407   0.0000   0.0624
 -18.000  -0.9952   0.03453   0.03139  -0.1616  0.7384  0.0035  -20.3940   0.0000   0.0592
 -17.500  -0.9935   0.02870   0.02541  -0.1668  0.7210  0.0035  -20.0532   0.0000   0.0552
 -17.000  -0.9799   0.02436   0.02099  -0.1705  0.7187  0.0036  -19.5129   0.0000   0.0504
 -16.000  -0.3366   0.11178   0.10882  -0.1057  0.4074  0.0040  -7.4713   0.0000  -0.1111
 -15.500  -0.3294   0.10531   0.10234  -0.1093  0.4034  0.0041  -7.3784   0.0000  -0.1284
 -15.000  -0.3267   0.09762   0.09462  -0.1138  0.4014  0.0041  -7.3889   0.0000  -0.1437
 -14.000  -0.7094   0.01303   0.00884  -0.1895  0.5633  0.0039  -14.0566   0.0000  -0.0399
 -13.500  -0.6584   0.01253   0.00802  -0.1900  0.4642  0.0039  -13.1391   0.0000  -0.0614
 -13.000  -0.6031   0.01197   0.00730  -0.1910  0.4206  0.0040  -12.2036   0.0000  -0.0897
 -12.500  -0.5453   0.01136   0.00661  -0.1922  0.4022  0.0041  -11.2757   0.0000  -0.1263
 -12.000  -0.4864   0.01077   0.00598  -0.1936  0.3996  0.0041  -10.3707   0.0000  -0.1726
 -11.500  -0.4286   0.01034   0.00543  -0.1946  0.3690  0.0042  -9.4980   0.0000  -0.2299
 -11.000  -0.3698   0.00990   0.00491  -0.1957  0.3556  0.0043  -8.6589   0.0000  -0.3072
 -10.500  -0.3103   0.00948   0.00443  -0.1969  0.3376  0.0043  -7.8457   0.0000  -0.4155
  -3.500   0.5213   0.00781   0.00186  -0.2072  0.1333  0.0058  -1.6651   0.0000   0.6524
  -3.000   0.5801   0.00782   0.00187  -0.2078  0.1238  0.0096  -1.3915   0.0000   0.6117
  -2.500   0.6391   0.00783   0.00187  -0.2084  0.1222  0.0144  -1.1239   0.0000   0.5784
  -2.000   0.6961   0.00800   0.00196  -0.2085  0.1012  0.0144  -0.9458   0.0000   0.5510
  -1.500   0.7539   0.00810   0.00202  -0.2089  0.0976  0.0152  -0.9945   0.0000   0.5276
  -1.000   0.8115   0.00820   0.00209  -0.2092  0.0916  0.0156  -1.0463   0.0000   0.5075
  -0.500   0.8691   0.00829   0.00218  -0.2095  0.0873  0.0159  -1.0984   0.0000   0.4900
   0.000   0.9265   0.00840   0.00228  -0.2098  0.0841  0.0162  -1.1508   0.0000   0.4746
   0.500   0.9836   0.00852   0.00239  -0.2101  0.0834  0.0165  -1.2035   0.0000   0.4610
   1.500   1.0972   0.00877   0.00264  -0.2105  0.0834  0.0200  -1.3401   0.0000   0.4378
   2.000   1.1537   0.00892   0.00280  -0.2107  0.0826  0.0346  -1.4157   0.0000   0.4279
   2.500   1.2045   0.00951   0.00323  -0.2097  0.0389  0.0384  -1.4989   0.0000   0.4187
   4.000   1.3654   0.01046   0.00409  -0.2087  0.0196  0.0694  -1.8418   0.0000   0.3953
   4.500   1.4159   0.01099   0.00458  -0.2078  0.0045  0.0832  -2.0181   0.0000   0.3884
   5.000   1.4682   0.01134   0.00493  -0.2073  0.0035  0.1109  -2.1954   0.0000   0.3821
   5.500   1.5202   0.01169   0.00532  -0.2067  0.0027  0.1554  -2.3774   0.0000   0.3761
   6.000   1.5750   0.01195   0.00578  -0.2070  0.0015  0.3064  -2.5674   0.0000   0.3707
   7.500   1.7251   0.01322   0.00723  -0.2046  0.0013  0.4769  -3.1435   0.0000   0.3554
   8.500   1.8147   0.01434   0.00837  -0.2010  0.0012  0.4998  -3.5290   0.0000   0.3458
   9.000   1.8508   0.01497   0.00902  -0.1975  0.0012  0.5174  -3.7291   0.0000   0.3408
   9.500   1.8840   0.01569   0.00978  -0.1936  0.0012  0.5387  -3.9677   0.0000   0.3359
  10.000   1.9165   0.01651   0.01065  -0.1897  0.0012  0.5690  -4.3001   0.0000   0.3312
  10.500   1.9493   0.01745   0.01169  -0.1861  0.0011  0.6217  -4.7973   0.0000   0.3267
  11.000   1.9782   0.01857   0.01287  -0.1820  0.0011  0.6531  -5.2950   0.0000   0.3223
  11.500   2.0064   0.01987   0.01424  -0.1781  0.0011  0.6894  -5.8074   0.0000   0.3180
  12.000   2.0325   0.02138   0.01581  -0.1742  0.0011  0.7137  -6.3252   0.0000   0.3139
  12.500   2.0568   0.02312   0.01764  -0.1704  0.0011  0.7496  -6.8476   0.0000   0.3100
  13.000   2.0803   0.02507   0.01970  -0.1669  0.0010  0.8093  -7.4284   0.0000   0.3063
  13.500   2.1048   0.02727   0.02217  -0.1641  0.0009  1.0000  -7.9997   0.0000   0.3029
  14.000   2.1215   0.02999   0.02495  -0.1604  0.0009  1.0000  -8.5336   0.0000   0.2994
  14.500   2.1372   0.03299   0.02800  -0.1571  0.0009  1.0000  -9.0741   0.0000   0.2961
  15.000   2.1501   0.03641   0.03148  -0.1539  0.0009  1.0000  -9.6079   0.0000   0.2929
  15.500   2.1627   0.03997   0.03511  -0.1510  0.0008  1.0000  -10.1495   0.0000   0.2900
  16.000   2.1714   0.04404   0.03925  -0.1483  0.0008  1.0000  -10.6753   0.0000   0.2871
  16.500   2.1774   0.04874   0.04402  -0.1459  0.0008  1.0000  -11.1900   0.0000   0.2845
  17.000   2.1807   0.05400   0.04937  -0.1438  0.0008  1.0000  -11.6911   0.0000   0.2821
  17.500   2.1813   0.05981   0.05527  -0.1422  0.0008  1.0000  -12.1764   0.0000   0.2800
  18.000   2.1814   0.06582   0.06137  -0.1409  0.0007  1.0000  -12.6641   0.0000   0.2780
  18.500   2.1844   0.07147   0.06711  -0.1399  0.0007  1.0000  -13.1896   0.0000   0.2760
  19.000   2.1775   0.07860   0.07434  -0.1394  0.0007  1.0000  -13.6250   0.0000   0.2745
  19.500   2.1653   0.08634   0.08220  -0.1393  0.0007  1.0000  -14.0107   0.0000   0.2733
  20.000   2.1519   0.09470   0.09068  -0.1399  0.0007  1.0000  -14.3817   0.0000   0.2725


