XFLR5 v6.02 Beta

 Calculated polar for: WORTMANN FX 63-137

 1 1 Reynolds number fixed          Mach number fixed         

 xtrf =   1.000 (top)        1.000 (bottom)
 Mach =   0.000     Re =    33.750 e 6     Ncrit =   9.000

  alpha     CL        CD       CDp       CM    Top Xtr Bot Xtr   Cpmin    Chinge    XCp    
 ------- -------- --------- --------- -------- ------- ------- -------- --------- ---------
 -24.500  -0.4847   0.22699   0.22466  -0.0405  0.4009  0.0014  -7.6374   0.0000   0.1163
 -24.000  -0.4677   0.22258   0.22020  -0.0443  0.3742  0.0014  -7.4122   0.0000   0.1053
 -23.500  -0.4501   0.21849   0.21607  -0.0482  0.3664  0.0014  -7.1859   0.0000   0.0931
 -23.000  -0.4324   0.21478   0.21231  -0.0519  0.3389  0.0014  -6.9602   0.0000   0.0802
 -22.500  -0.4157   0.21011   0.20753  -0.0554  0.2818  0.0014  -6.7460   0.0000   0.0670
 -22.000  -0.3985   0.20493   0.20233  -0.0591  0.2780  0.0014  -6.5355   0.0000   0.0518
 -21.500  -0.3815   0.19964   0.19703  -0.0627  0.2774  0.0015  -6.3381   0.0000   0.0354
 -21.000  -0.3645   0.19429   0.19166  -0.0663  0.2773  0.0017  -6.1461   0.0000   0.0175
 -20.500  -0.3477   0.18901   0.18633  -0.0696  0.2528  0.0019  -5.9494   0.0000  -0.0015
 -20.000  -0.3308   0.18363   0.18093  -0.0730  0.2459  0.0021  -5.7555   0.0000  -0.0227
 -19.500  -0.3140   0.17822   0.17549  -0.0763  0.2339  0.0023  -5.5672   0.0000  -0.0458
 -18.500  -1.1861   0.01972   0.01602  -0.1756  0.4934  0.0023  -24.0995   0.0000   0.0754
 -18.000  -1.1469   0.01698   0.01320  -0.1805  0.4830  0.0024  -23.1493   0.0000   0.0671
 -17.500  -1.0952   0.01488   0.01093  -0.1864  0.4173  0.0025  -22.0567   0.0000   0.0550
 -17.000  -1.0429   0.01378   0.00976  -0.1883  0.4007  0.0026  -20.9349   0.0000   0.0451
 -16.500  -0.9899   0.01291   0.00880  -0.1898  0.3685  0.0027  -19.8235   0.0000   0.0344
 -16.000  -0.9349   0.01213   0.00796  -0.1911  0.3591  0.0029  -18.7135   0.0000   0.0221
 -15.500  -0.8786   0.01143   0.00722  -0.1924  0.3526  0.0031  -17.6152   0.0000   0.0078
 -15.000  -0.8214   0.01081   0.00657  -0.1936  0.3431  0.0032  -16.5347   0.0000  -0.0087
 -14.000  -0.7071   0.00989   0.00548  -0.1954  0.2777  0.0035  -14.4587   0.0000  -0.0494
 -13.500  -0.6493   0.00953   0.00503  -0.1963  0.2469  0.0036  -13.5259   0.0000  -0.0755
 -13.000  -0.5907   0.00917   0.00462  -0.1972  0.2378  0.0037  -12.6264   0.0000  -0.1075
 -12.500  -0.5316   0.00883   0.00425  -0.1981  0.2291  0.0038  -11.7502   0.0000  -0.1471
 -12.000  -0.4733   0.00859   0.00391  -0.1989  0.1826  0.0038  -10.9081   0.0000  -0.1955
 -11.500  -0.4137   0.00831   0.00360  -0.1998  0.1868  0.0039  -10.0793   0.0000  -0.2598
 -11.000  -0.3542   0.00807   0.00332  -0.2006  0.1768  0.0039  -9.2839   0.0000  -0.3457
 -10.500  -0.2944   0.00784   0.00307  -0.2015  0.1703  0.0040  -8.5158   0.0000  -0.4670
 -10.000  -0.2346   0.00763   0.00284  -0.2024  0.1696  0.0040  -7.7763   0.0000  -0.6506
  -9.500  -0.1747   0.00744   0.00263  -0.2032  0.1689  0.0041  -7.0670   0.0000  -0.9605
  -9.000  -0.1155   0.00733   0.00244  -0.2039  0.1426  0.0041  -6.3937   0.0000  -1.5815
  -8.500  -0.0558   0.00720   0.00228  -0.2046  0.1370  0.0041  -5.7423   0.0000  -3.5449
  -8.000   0.0040   0.00708   0.00213  -0.2054  0.1319  0.0042  -5.1197   0.0000  53.1047
  -7.500   0.0638   0.00697   0.00201  -0.2062  0.1269  0.0042  -4.5264   0.0000   3.5756
  -7.000   0.1236   0.00688   0.00189  -0.2069  0.1241  0.0043  -4.0512   0.0000   1.9693
  -6.500   0.1834   0.00680   0.00180  -0.2076  0.1238  0.0043  -3.6608   0.0000   1.4106
  -6.000   0.2431   0.00674   0.00172  -0.2083  0.1235  0.0043  -3.2856   0.0000   1.1267
  -5.500   0.3026   0.00669   0.00166  -0.2090  0.1231  0.0044  -2.9256   0.0000   0.9549
  -5.000   0.3621   0.00665   0.00161  -0.2096  0.1224  0.0044  -2.5791   0.0000   0.8397
  -4.500   0.4207   0.00670   0.00160  -0.2101  0.1030  0.0045  -2.2531   0.0000   0.7576
  -4.000   0.4796   0.00672   0.00159  -0.2106  0.0985  0.0045  -1.9405   0.0000   0.6954
  -3.500   0.5384   0.00675   0.00159  -0.2111  0.0898  0.0046  -1.6431   0.0000   0.6469
  -3.000   0.5972   0.00677   0.00160  -0.2116  0.0867  0.0054  -1.3606   0.0000   0.6078
  -2.500   0.6559   0.00680   0.00162  -0.2121  0.0843  0.0051  -1.0927   0.0000   0.5757
  -2.000   0.7145   0.00684   0.00165  -0.2126  0.0841  0.0063  -0.9574   0.0000   0.5489
  -1.500   0.7728   0.00690   0.00170  -0.2130  0.0831  0.0077  -1.0076   0.0000   0.5261
  -1.000   0.8298   0.00707   0.00181  -0.2132  0.0646  0.0089  -1.0589   0.0000   0.5065
  -0.500   0.8872   0.00720   0.00190  -0.2134  0.0532  0.0101  -1.1110   0.0000   0.4894
   0.000   0.9448   0.00730   0.00199  -0.2138  0.0501  0.0152  -1.1637   0.0000   0.4744
   0.500   1.0019   0.00744   0.00210  -0.2140  0.0472  0.0158  -1.2177   0.0000   0.4610
   1.000   1.0593   0.00753   0.00220  -0.2143  0.0495  0.0170  -1.2819   0.0000   0.4490
   1.500   1.1160   0.00768   0.00233  -0.2145  0.0482  0.0173  -1.3572   0.0000   0.4382
   2.000   1.1723   0.00785   0.00248  -0.2146  0.0457  0.0204  -1.4329   0.0000   0.4283
   2.500   1.2244   0.00837   0.00289  -0.2138  0.0029  0.0374  -1.5190   0.0000   0.4192
   3.000   1.2797   0.00859   0.00309  -0.2137  0.0021  0.0382  -1.6318   0.0000   0.4109
   3.500   1.3346   0.00882   0.00330  -0.2136  0.0017  0.0442  -1.7490   0.0000   0.4032
   4.000   1.3891   0.00907   0.00354  -0.2135  0.0021  0.0476  -1.8894   0.0000   0.3961
   4.500   1.4434   0.00932   0.00380  -0.2133  0.0015  0.0659  -2.0667   0.0000   0.3894
   5.000   1.4969   0.00961   0.00406  -0.2129  0.0013  0.0684  -2.2480   0.0000   0.3831
   5.500   1.5502   0.00990   0.00436  -0.2126  0.0013  0.1019  -2.4337   0.0000   0.3772
   6.000   1.6032   0.01020   0.00469  -0.2123  0.0012  0.1456  -2.6236   0.0000   0.3717
   6.500   1.6549   0.01054   0.00503  -0.2117  0.0012  0.1568  -2.8161   0.0000   0.3663
   7.500   1.7566   0.01128   0.00578  -0.2102  0.0012  0.1979  -3.2114   0.0000   0.3564
   8.000   1.8056   0.01170   0.00618  -0.2091  0.0012  0.1957  -3.4123   0.0000   0.3516
   8.500   1.8552   0.01211   0.00665  -0.2083  0.0012  0.2775  -3.6184   0.0000   0.3472
   9.000   1.9026   0.01257   0.00714  -0.2071  0.0012  0.3095  -3.8771   0.0000   0.3428
   9.500   1.9481   0.01308   0.00766  -0.2055  0.0011  0.3356  -4.1848   0.0000   0.3385
  10.000   1.9940   0.01358   0.00828  -0.2041  0.0011  0.4372  -4.7542   0.0000   0.3344
  10.500   2.0277   0.01419   0.00890  -0.2001  0.0011  0.4573  -5.2838   0.0000   0.3298
  11.000   2.0583   0.01489   0.00962  -0.1957  0.0011  0.4658  -5.8181   0.0000   0.3252
  11.500   2.0887   0.01572   0.01049  -0.1914  0.0010  0.4945  -6.3768   0.0000   0.3208
  12.500   2.1451   0.01779   0.01262  -0.1828  0.0010  0.5263  -7.5266   0.0000   0.3123
  13.000   2.1716   0.01908   0.01395  -0.1787  0.0010  0.5470  -8.1201   0.0000   0.3082
  13.500   2.1970   0.02055   0.01547  -0.1747  0.0009  0.5763  -8.7253   0.0000   0.3044
  14.000   2.2205   0.02224   0.01724  -0.1708  0.0009  0.6282  -9.3350   0.0000   0.3007
  14.500   2.2402   0.02430   0.01936  -0.1668  0.0009  0.6598  -9.9332   0.0000   0.2970
  15.000   2.2588   0.02665   0.02179  -0.1630  0.0009  0.6917  -10.5401   0.0000   0.2935
  15.500   2.2752   0.02938   0.02458  -0.1594  0.0008  0.7276  -11.1442   0.0000   0.2902
  16.000   2.2916   0.03236   0.02765  -0.1564  0.0008  0.7740  -11.7642   0.0000   0.2871
  16.500   2.3057   0.03582   0.03124  -0.1537  0.0007  0.8437  -12.3803   0.0000   0.2843
  17.000   2.3256   0.03920   0.03482  -0.1522  0.0007  1.0000  -13.0631   0.0000   0.2817
  18.500   2.2655   0.06233   0.05840  -0.1423  0.0021  1.0000  -14.0175   0.0000   0.2748
  19.000   2.2580   0.06935   0.06552  -0.1412  0.0023  1.0000  -14.4673   0.0000   0.2731
  19.500   2.2468   0.07704   0.07330  -0.1406  0.0025  1.0000  -14.8811   0.0000   0.2716


