XFLR5 v6.02 Beta

 Calculated polar for: WORTMANN FX 63-137

 1 1 Reynolds number fixed          Mach number fixed         

 xtrf =   1.000 (top)        1.000 (bottom)
 Mach =   0.000     Re =    36.750 e 6     Ncrit =   9.000

  alpha     CL        CD       CDp       CM    Top Xtr Bot Xtr   Cpmin    Chinge    XCp    
 ------- -------- --------- --------- -------- ------- ------- -------- --------- ---------
 -22.000  -1.0192   0.08196   0.07905  -0.1289  0.4964  0.0020  -23.3324   0.0000   0.0837
 -21.000  -1.2000   0.04484   0.04158  -0.1577  0.5312  0.0019  -26.2682   0.0000   0.0847
 -20.500  -1.2203   0.03651   0.03315  -0.1645  0.5307  0.0020  -26.2721   0.0000   0.0832
 -20.000  -1.2238   0.03090   0.02739  -0.1686  0.4941  0.0020  -25.9429   0.0000   0.0818
 -19.500  -1.2201   0.02604   0.02245  -0.1722  0.4889  0.0020  -25.4834   0.0000   0.0799
 -19.000  -1.2068   0.02227   0.01862  -0.1747  0.4826  0.0021  -24.8594   0.0000   0.0776
 -18.500  -1.1898   0.01919   0.01548  -0.1764  0.4757  0.0022  -24.1699   0.0000   0.0753
 -18.000  -1.1474   0.01654   0.01276  -0.1816  0.4670  0.0023  -23.1772   0.0000   0.0661
 -17.000  -1.0437   0.01366   0.00961  -0.1886  0.3660  0.0025  -20.9543   0.0000   0.0450
 -16.500  -0.9898   0.01278   0.00868  -0.1901  0.3566  0.0026  -19.8313   0.0000   0.0341
 -16.000  -0.9344   0.01201   0.00786  -0.1914  0.3472  0.0027  -18.7162   0.0000   0.0216
 -15.500  -0.8778   0.01131   0.00713  -0.1927  0.3406  0.0029  -17.6155   0.0000   0.0073
 -15.000  -0.8205   0.01069   0.00647  -0.1939  0.3385  0.0031  -16.5338   0.0000  -0.0094
 -14.500  -0.7642   0.01024   0.00590  -0.1948  0.2930  0.0033  -15.4911   0.0000  -0.0278
 -13.500  -0.6485   0.00941   0.00493  -0.1966  0.2395  0.0035  -13.5332   0.0000  -0.0764
 -13.000  -0.5896   0.00904   0.00452  -0.1976  0.2306  0.0037  -12.6308   0.0000  -0.1088
 -12.500  -0.5304   0.00870   0.00416  -0.1985  0.2219  0.0038  -11.7532   0.0000  -0.1487
 -12.000  -0.4721   0.00847   0.00383  -0.1992  0.1772  0.0038  -10.9106   0.0000  -0.1975
 -11.500  -0.4125   0.00819   0.00353  -0.2001  0.1784  0.0039  -10.0824   0.0000  -0.2621
 -11.000  -0.3529   0.00795   0.00325  -0.2010  0.1715  0.0039  -9.2860   0.0000  -0.3488
 -10.500  -0.2932   0.00773   0.00300  -0.2019  0.1699  0.0040  -8.5175   0.0000  -0.4713
 -10.000  -0.2333   0.00752   0.00278  -0.2027  0.1693  0.0040  -7.7777   0.0000  -0.6570
  -9.500  -0.1734   0.00734   0.00258  -0.2035  0.1687  0.0041  -7.0678   0.0000  -0.9714
  -9.000  -0.1144   0.00724   0.00240  -0.2042  0.1392  0.0041  -6.3944   0.0000  -1.6028
  -8.500  -0.0546   0.00711   0.00224  -0.2049  0.1338  0.0041  -5.7420   0.0000  -3.6368
  -8.000   0.0053   0.00699   0.00210  -0.2057  0.1289  0.0042  -5.1188   0.0000  40.5229
  -7.500   0.0651   0.00688   0.00197  -0.2065  0.1242  0.0042  -4.5250   0.0000   3.5158
  -7.000   0.1249   0.00679   0.00186  -0.2072  0.1239  0.0043  -4.0509   0.0000   1.9544
  -6.500   0.1846   0.00672   0.00177  -0.2079  0.1236  0.0043  -3.6601   0.0000   1.4044
  -6.000   0.2443   0.00665   0.00170  -0.2086  0.1233  0.0043  -3.2845   0.0000   1.1235
  -5.500   0.3039   0.00661   0.00164  -0.2092  0.1228  0.0044  -2.9242   0.0000   0.9530
  -5.000   0.3634   0.00657   0.00159  -0.2099  0.1223  0.0044  -2.5778   0.0000   0.8385
  -4.500   0.4219   0.00662   0.00158  -0.2103  0.1014  0.0045  -2.2516   0.0000   0.7569
  -4.000   0.4807   0.00665   0.00157  -0.2108  0.0957  0.0045  -1.9389   0.0000   0.6949
  -3.500   0.5396   0.00667   0.00157  -0.2114  0.0883  0.0046  -1.6410   0.0000   0.6465
  -3.000   0.5985   0.00669   0.00158  -0.2119  0.0855  0.0053  -1.3584   0.0000   0.6075
  -2.500   0.6572   0.00672   0.00160  -0.2124  0.0842  0.0050  -1.0905   0.0000   0.5755
  -2.000   0.7158   0.00676   0.00163  -0.2129  0.0840  0.0061  -0.9582   0.0000   0.5487
  -1.500   0.7741   0.00682   0.00168  -0.2133  0.0825  0.0075  -1.0084   0.0000   0.5260
  -1.000   0.8307   0.00702   0.00180  -0.2134  0.0585  0.0086  -1.0595   0.0000   0.5065
  -0.500   0.8885   0.00712   0.00188  -0.2137  0.0511  0.0096  -1.1119   0.0000   0.4894
   0.000   0.9461   0.00723   0.00197  -0.2140  0.0485  0.0150  -1.1646   0.0000   0.4744
   0.500   1.0032   0.00736   0.00208  -0.2142  0.0457  0.0158  -1.2187   0.0000   0.4610
   1.000   1.0606   0.00746   0.00218  -0.2146  0.0481  0.0170  -1.2830   0.0000   0.4490
   1.500   1.1173   0.00760   0.00231  -0.2147  0.0466  0.0172  -1.3583   0.0000   0.4382
   2.000   1.1737   0.00776   0.00245  -0.2149  0.0445  0.0200  -1.4342   0.0000   0.4283
   2.500   1.2260   0.00827   0.00285  -0.2141  0.0027  0.0374  -1.5207   0.0000   0.4192
   3.000   1.2813   0.00848   0.00305  -0.2141  0.0020  0.0381  -1.6339   0.0000   0.4109
   3.500   1.3363   0.00871   0.00326  -0.2140  0.0015  0.0434  -1.7512   0.0000   0.4033
   4.000   1.3909   0.00896   0.00349  -0.2138  0.0019  0.0468  -1.8924   0.0000   0.3961
   5.000   1.4988   0.00949   0.00401  -0.2133  0.0013  0.0673  -2.2515   0.0000   0.3832
   5.500   1.5520   0.00979   0.00430  -0.2130  0.0013  0.0837  -2.4372   0.0000   0.3773
   7.000   1.7084   0.01077   0.00531  -0.2114  0.0012  0.1698  -3.0170   0.0000   0.3613
   7.500   1.7591   0.01114   0.00569  -0.2107  0.0012  0.1952  -3.2167   0.0000   0.3565
   8.000   1.8083   0.01155   0.00609  -0.2097  0.0012  0.1946  -3.4181   0.0000   0.3518
   8.500   1.8576   0.01196   0.00655  -0.2088  0.0012  0.2571  -3.6238   0.0000   0.3473
   9.000   1.9058   0.01241   0.00703  -0.2077  0.0012  0.3074  -3.8862   0.0000   0.3429
   9.500   1.9511   0.01291   0.00753  -0.2060  0.0011  0.3192  -4.2025   0.0000   0.3386
  10.500   2.0345   0.01400   0.00874  -0.2014  0.0011  0.4381  -5.3251   0.0000   0.3301
  11.000   2.0639   0.01468   0.00944  -0.1967  0.0011  0.4539  -5.8541   0.0000   0.3254
  11.500   2.0942   0.01547   0.01026  -0.1924  0.0010  0.4659  -6.4138   0.0000   0.3209
  12.000   2.1238   0.01640   0.01119  -0.1881  0.0010  0.4671  -6.9889   0.0000   0.3166
  12.500   2.1512   0.01747   0.01233  -0.1838  0.0010  0.5050  -7.5708   0.0000   0.3125
  13.000   2.1780   0.01873   0.01362  -0.1796  0.0010  0.5316  -8.1679   0.0000   0.3084
  13.500   2.2034   0.02017   0.01511  -0.1756  0.0009  0.5614  -8.7742   0.0000   0.3045
  14.000   2.2265   0.02183   0.01683  -0.1715  0.0009  0.5969  -9.3833   0.0000   0.3008
  14.500   2.2477   0.02375   0.01883  -0.1676  0.0009  0.6422  -9.9949   0.0000   0.2971
  15.000   2.2680   0.02597   0.02112  -0.1640  0.0009  0.6835  -10.6172   0.0000   0.2937
  15.500   2.2853   0.02852   0.02373  -0.1604  0.0008  0.7076  -11.2319   0.0000   0.2903
  16.000   2.3016   0.03143   0.02672  -0.1571  0.0008  0.7472  -11.8535   0.0000   0.2872
  18.500   2.2735   0.06142   0.05753  -0.1426  0.0024  1.0000  -14.0971   0.0000   0.2748
  19.000   2.2665   0.06836   0.06455  -0.1414  0.0026  1.0000  -14.5506   0.0000   0.2729
  19.500   2.2554   0.07600   0.07229  -0.1407  0.0028  1.0000  -14.9668   0.0000   0.2714


