XFLR5 v6.02 Beta

 Calculated polar for: WORTMANN FX 63-137

 1 1 Reynolds number fixed          Mach number fixed         

 xtrf =   1.000 (top)        1.000 (bottom)
 Mach =   0.000     Re =    71.750 e 6     Ncrit =   9.000

  alpha     CL        CD       CDp       CM    Top Xtr Bot Xtr   Cpmin    Chinge    XCp    
 ------- -------- --------- --------- -------- ------- ------- -------- --------- ---------
 -24.000  -0.4309   0.23389   0.23156  -0.0447  0.2257  0.0013  -5.1630   0.0000   0.0975
 -23.500  -0.4135   0.22914   0.22679  -0.0486  0.2215  0.0013  -4.9681   0.0000   0.0836
 -22.500  -1.2696   0.05349   0.05030  -0.1533  0.4019  0.0014  -28.7109   0.0000   0.0919
 -22.000  -1.2923   0.04498   0.04170  -0.1598  0.4017  0.0014  -28.7708   0.0000   0.0908
 -21.500  -1.3139   0.03665   0.03328  -0.1665  0.4015  0.0014  -28.7808   0.0000   0.0896
 -21.000  -1.3169   0.03109   0.02765  -0.1706  0.4016  0.0014  -28.4211   0.0000   0.0884
 -20.500  -1.3152   0.02617   0.02267  -0.1742  0.4013  0.0014  -27.9659   0.0000   0.0870
 -20.000  -1.3003   0.02265   0.01910  -0.1765  0.4012  0.0014  -27.2824   0.0000   0.0850
 -19.500  -1.2895   0.01947   0.01587  -0.1773  0.4011  0.0014  -26.6397   0.0000   0.0846
 -19.000  -1.2525   0.01689   0.01325  -0.1813  0.4010  0.0014  -25.6620   0.0000   0.0783
 -18.000  -1.1500   0.01366   0.00981  -0.1894  0.3074  0.0015  -23.3547   0.0000   0.0598
 -17.500  -1.0969   0.01283   0.00894  -0.1907  0.2982  0.0016  -22.1822   0.0000   0.0512
 -17.000  -1.0423   0.01211   0.00818  -0.1920  0.2909  0.0017  -21.0155   0.0000   0.0414
 -16.500  -0.9866   0.01146   0.00751  -0.1931  0.2838  0.0018  -19.8623   0.0000   0.0303
 -16.000  -0.9301   0.01088   0.00689  -0.1942  0.2787  0.0018  -18.7274   0.0000   0.0177
 -15.500  -0.8729   0.01034   0.00633  -0.1952  0.2783  0.0020  -17.6140   0.0000   0.0031
 -15.000  -0.8163   0.00991   0.00581  -0.1960  0.2390  0.0021  -16.5360   0.0000  -0.0132
 -14.500  -0.7583   0.00947   0.00534  -0.1970  0.2217  0.0022  -15.4734   0.0000  -0.0328
 -14.000  -0.6998   0.00905   0.00490  -0.1979  0.2211  0.0023  -14.4364   0.0000  -0.0561
 -13.500  -0.6416   0.00872   0.00450  -0.1988  0.1927  0.0024  -13.5154   0.0000  -0.0833
 -13.000  -0.5827   0.00837   0.00412  -0.1997  0.1852  0.0026  -12.6189   0.0000  -0.1167
 -12.000  -0.4642   0.00777   0.00345  -0.2014  0.1441  0.0030  -10.9017   0.0000  -0.2098
 -11.500  -0.4044   0.00747   0.00312  -0.2024  0.1453  0.0033  -10.0779   0.0000  -0.2782
 -11.000  -0.3446   0.00723   0.00285  -0.2033  0.1415  0.0036  -9.2814   0.0000  -0.3700
 -10.500  -0.2848   0.00701   0.00261  -0.2042  0.1367  0.0039  -8.5103   0.0000  -0.5007
 -10.000  -0.2249   0.00684   0.00241  -0.2050  0.1318  0.0040  -7.7681   0.0000  -0.7010
  -9.500  -0.1651   0.00669   0.00224  -0.2057  0.1267  0.0041  -7.0562   0.0000  -1.0467
  -9.000  -0.1052   0.00655   0.00209  -0.2065  0.1237  0.0041  -6.3743   0.0000  -1.7858
  -8.500  -0.0454   0.00643   0.00196  -0.2072  0.1235  0.0041  -5.7202   0.0000  -4.4770
  -8.000   0.0145   0.00633   0.00184  -0.2080  0.1232  0.0042  -5.0959   0.0000  15.0685
  -7.500   0.0743   0.00624   0.00174  -0.2087  0.1228  0.0042  -4.5012   0.0000   3.1420
  -6.500   0.1932   0.00615   0.00158  -0.2099  0.1010  0.0043  -3.6508   0.0000   1.3642
  -6.000   0.2526   0.00612   0.00152  -0.2105  0.0982  0.0043  -3.2746   0.0000   1.1026
  -5.500   0.3121   0.00609   0.00148  -0.2112  0.0955  0.0044  -2.9134   0.0000   0.9408
  -5.000   0.3714   0.00607   0.00144  -0.2118  0.0926  0.0044  -2.5677   0.0000   0.8308
  -4.500   0.4307   0.00606   0.00142  -0.2123  0.0860  0.0044  -2.2375   0.0000   0.7512
  -4.000   0.4899   0.00606   0.00141  -0.2129  0.0842  0.0045  -1.9228   0.0000   0.6909
  -3.500   0.5490   0.00607   0.00141  -0.2135  0.0841  0.0045  -1.6241   0.0000   0.6435
  -3.000   0.6079   0.00609   0.00142  -0.2140  0.0840  0.0046  -1.3413   0.0000   0.6054
  -2.500   0.6667   0.00612   0.00144  -0.2145  0.0838  0.0046  -1.0739   0.0000   0.5740
  -2.000   0.7237   0.00631   0.00153  -0.2146  0.0472  0.0047  -0.9629   0.0000   0.5479
  -1.500   0.7819   0.00638   0.00158  -0.2150  0.0443  0.0055  -1.0134   0.0000   0.5254
  -1.000   0.8400   0.00645   0.00164  -0.2154  0.0419  0.0064  -1.0658   0.0000   0.5061
  -0.500   0.8979   0.00654   0.00172  -0.2157  0.0397  0.0070  -1.1185   0.0000   0.4891
   0.000   0.9557   0.00663   0.00179  -0.2161  0.0382  0.0076  -1.1714   0.0000   0.4742
   0.500   1.0132   0.00673   0.00189  -0.2164  0.0381  0.0094  -1.2265   0.0000   0.4610
   1.000   1.0708   0.00683   0.00198  -0.2167  0.0390  0.0169  -1.2918   0.0000   0.4491
   1.500   1.1278   0.00695   0.00209  -0.2169  0.0383  0.0171  -1.3676   0.0000   0.4383
   2.000   1.1830   0.00722   0.00229  -0.2168  0.0238  0.0202  -1.4423   0.0000   0.4285
   2.500   1.2376   0.00753   0.00257  -0.2165  0.0014  0.0371  -1.5329   0.0000   0.4195
   3.000   1.2934   0.00773   0.00274  -0.2166  0.0013  0.0379  -1.6491   0.0000   0.4113
   3.500   1.3487   0.00794   0.00293  -0.2165  0.0013  0.0387  -1.7672   0.0000   0.4037
   4.000   1.4037   0.00816   0.00314  -0.2164  0.0013  0.0412  -1.9145   0.0000   0.3966
   4.500   1.4584   0.00839   0.00336  -0.2163  0.0013  0.0468  -2.0935   0.0000   0.3899
   5.500   1.5665   0.00890   0.00385  -0.2159  0.0013  0.0720  -2.4645   0.0000   0.3778
   6.000   1.6200   0.00918   0.00413  -0.2156  0.0012  0.1040  -2.6565   0.0000   0.3723
   6.500   1.6727   0.00948   0.00442  -0.2152  0.0012  0.1158  -2.8517   0.0000   0.3670
   8.500   1.8767   0.01088   0.00579  -0.2124  0.0012  0.1540  -3.6661   0.0000   0.3480
   9.000   1.9262   0.01127   0.00620  -0.2115  0.0012  0.2091  -3.9457   0.0000   0.3437
  10.000   2.0215   0.01215   0.00713  -0.2091  0.0012  0.2824  -4.9209   0.0000   0.3354
  10.500   2.0669   0.01264   0.00764  -0.2075  0.0011  0.3273  -5.5280   0.0000   0.3314
  11.000   2.1095   0.01319   0.00819  -0.2054  0.0011  0.3371  -6.1487   0.0000   0.3273
  13.000   2.2248   0.01632   0.01139  -0.1870  0.0009  0.3937  -8.5173   0.0000   0.3099
  14.000   2.2440   0.02072   0.01604  -0.1735  0.0017  0.4612  -9.4742   0.0000   0.3010
  14.500   2.2592   0.02275   0.01812  -0.1684  0.0018  0.4666  -10.0461   0.0000   0.2971
  15.000   2.2783   0.02490   0.02032  -0.1645  0.0023  0.4993  -10.6900   0.0000   0.2936
  15.500   2.2940   0.02750   0.02299  -0.1605  0.0027  0.5314  -11.2907   0.0000   0.2902
  16.000   2.3067   0.03052   0.02607  -0.1567  0.0031  0.5575  -11.8790   0.0000   0.2869
  16.500   2.3169   0.03394   0.02956  -0.1531  0.0035  0.5774  -12.4577   0.0000   0.2837
  17.000   2.3248   0.03782   0.03352  -0.1499  0.0039  0.6147  -13.0280   0.0000   0.2808
  17.500   2.3282   0.04215   0.03794  -0.1467  0.0043  0.6295  -13.5672   0.0000   0.2780
  18.000   2.3305   0.04709   0.04295  -0.1441  0.0045  0.6556  -14.1074   0.0000   0.2755
  18.500   2.3312   0.05257   0.04853  -0.1420  0.0046  0.6882  -14.6416   0.0000   0.2731
  19.000   2.3273   0.05877   0.05482  -0.1402  0.0046  0.7114  -15.1401   0.0000   0.2710
  19.500   2.3345   0.06379   0.05993  -0.1391  0.0047  0.7491  -15.7549   0.0000   0.2689


