XFLR5 v6.02 Beta

 Calculated polar for: WORTMANN FX 63-137

 1 1 Reynolds number fixed          Mach number fixed         

 xtrf =   1.000 (top)        1.000 (bottom)
 Mach =   0.000     Re =    15.500 e 6     Ncrit =   9.000

  alpha     CL        CD       CDp       CM    Top Xtr Bot Xtr   Cpmin    Chinge    XCp    
 ------- -------- --------- --------- -------- ------- ------- -------- --------- ---------
 -20.000  -1.0858   0.04836   0.04549  -0.1508  0.7487  0.0032  -23.3386   0.0000   0.0784
 -19.500  -1.1069   0.03900   0.03595  -0.1591  0.7335  0.0032  -23.4192   0.0000   0.0754
 -19.000  -1.1137   0.03217   0.02898  -0.1652  0.7197  0.0033  -23.2031   0.0000   0.0725
 -18.500  -1.1054   0.02753   0.02415  -0.1690  0.6791  0.0033  -22.7114   0.0000   0.0692
 -18.000  -1.0919   0.02347   0.01998  -0.1722  0.6612  0.0033  -22.1305   0.0000   0.0657
 -17.500  -1.0731   0.02021   0.01666  -0.1745  0.6594  0.0034  -21.4604   0.0000   0.0620
 -17.000  -1.0317   0.01759   0.01397  -0.1792  0.6565  0.0034  -20.5256   0.0000   0.0517
 -16.000  -0.9315   0.01454   0.01049  -0.1865  0.5319  0.0035  -18.4592   0.0000   0.0263
 -15.500  -0.8769   0.01362   0.00951  -0.1882  0.5300  0.0036  -17.3842   0.0000   0.0122
 -15.000  -0.8228   0.01291   0.00870  -0.1894  0.5001  0.0036  -16.3381   0.0000  -0.0032
 -14.500  -0.7673   0.01227   0.00796  -0.1906  0.4836  0.0037  -15.3033   0.0000  -0.0212
 -14.000  -0.7104   0.01167   0.00729  -0.1918  0.4663  0.0038  -14.2844   0.0000  -0.0428
 -13.500  -0.6579   0.01138   0.00670  -0.1920  0.3579  0.0038  -13.3413   0.0000  -0.0648
 -13.000  -0.5999   0.01090   0.00616  -0.1931  0.3414  0.0039  -12.3693   0.0000  -0.0951
 -12.500  -0.5413   0.01044   0.00565  -0.1942  0.3377  0.0039  -11.4215   0.0000  -0.1327
 -12.000  -0.4823   0.01001   0.00518  -0.1953  0.3367  0.0040  -10.5398   0.0000  -0.1798
 -11.500  -0.4244   0.00972   0.00478  -0.1961  0.3051  0.0040  -9.6680   0.0000  -0.2383
 -11.000  -0.3655   0.00938   0.00437  -0.1971  0.2925  0.0041  -8.8584   0.0000  -0.3175
 -10.500  -0.3076   0.00917   0.00401  -0.1978  0.2383  0.0042  -8.0911   0.0000  -0.4241
 -10.000  -0.2479   0.00886   0.00366  -0.1988  0.2222  0.0042  -7.3462   0.0000  -0.5878
  -9.500  -0.1878   0.00857   0.00332  -0.1998  0.2207  0.0043  -6.6434   0.0000  -0.8580
  -9.000  -0.1286   0.00839   0.00304  -0.2006  0.1908  0.0043  -6.0155   0.0000  -1.3690
  -8.500  -0.0688   0.00819   0.00278  -0.2015  0.1818  0.0043  -5.3660   0.0000  -2.7827
  -3.500   0.5274   0.00741   0.00176  -0.2086  0.1236  0.0046  -1.6546   0.0000   0.6504
  -3.000   0.5851   0.00753   0.00181  -0.2089  0.1024  0.0080  -1.3776   0.0000   0.6106
  -2.500   0.6435   0.00758   0.00183  -0.2094  0.0986  0.0091  -1.1153   0.0000   0.5777
  -2.000   0.7017   0.00766   0.00187  -0.2098  0.0929  0.0093  -0.9493   0.0000   0.5503
  -1.500   0.7601   0.00770   0.00191  -0.2102  0.0896  0.0148  -0.9988   0.0000   0.5271
  -1.000   0.8180   0.00779   0.00198  -0.2106  0.0844  0.0154  -1.0508   0.0000   0.5071
  -0.500   0.8757   0.00788   0.00206  -0.2110  0.0838  0.0157  -1.1031   0.0000   0.4898
   0.000   0.9332   0.00798   0.00216  -0.2113  0.0831  0.0159  -1.1556   0.0000   0.4745
   0.500   0.9905   0.00809   0.00226  -0.2115  0.0823  0.0162  -1.2090   0.0000   0.4610
   1.000   1.0477   0.00819   0.00236  -0.2118  0.0833  0.0172  -1.2717   0.0000   0.4489
   1.500   1.1045   0.00832   0.00249  -0.2120  0.0826  0.0186  -1.3468   0.0000   0.4380
   2.000   1.1589   0.00864   0.00273  -0.2118  0.0650  0.0246  -1.4209   0.0000   0.4280
   3.000   1.2633   0.00961   0.00350  -0.2104  0.0043  0.0429  -1.6112   0.0000   0.4104
   3.500   1.3178   0.00987   0.00376  -0.2102  0.0035  0.0648  -1.7273   0.0000   0.4027
   4.000   1.3718   0.01013   0.00402  -0.2100  0.0041  0.0663  -1.8595   0.0000   0.3955
   4.500   1.4248   0.01045   0.00432  -0.2095  0.0033  0.0728  -2.0337   0.0000   0.3887
   5.000   1.4778   0.01077   0.00466  -0.2092  0.0026  0.1016  -2.2131   0.0000   0.3824
   5.500   1.5299   0.01111   0.00500  -0.2086  0.0018  0.1212  -2.3955   0.0000   0.3764
   6.000   1.5832   0.01141   0.00540  -0.2084  0.0013  0.2177  -2.5842   0.0000   0.3709
   6.500   1.6344   0.01179   0.00580  -0.2078  0.0013  0.2597  -2.7744   0.0000   0.3656
   7.000   1.6851   0.01218   0.00624  -0.2071  0.0012  0.3081  -2.9683   0.0000   0.3605
   7.500   1.7361   0.01256   0.00674  -0.2066  0.0012  0.4010  -3.1670   0.0000   0.3557
   8.000   1.7808   0.01312   0.00721  -0.2046  0.0012  0.3430  -3.3585   0.0000   0.3508
   8.500   1.8293   0.01358   0.00779  -0.2037  0.0012  0.4473  -3.5608   0.0000   0.3463
   9.000   1.8732   0.01415   0.00838  -0.2017  0.0012  0.4693  -3.7916   0.0000   0.3417
   9.500   1.9083   0.01476   0.00904  -0.1981  0.0012  0.4975  -4.0373   0.0000   0.3369
  10.000   1.9414   0.01548   0.00980  -0.1941  0.0011  0.5323  -4.4461   0.0000   0.3322
  10.500   1.9727   0.01632   0.01068  -0.1900  0.0011  0.5540  -4.9456   0.0000   0.3275
  11.000   2.0037   0.01728   0.01169  -0.1861  0.0011  0.5819  -5.4648   0.0000   0.3231
  11.500   2.0327   0.01840   0.01289  -0.1821  0.0011  0.6261  -5.9936   0.0000   0.3188
  12.000   2.0604   0.01970   0.01425  -0.1781  0.0011  0.6559  -6.5333   0.0000   0.3147
  12.500   2.0869   0.02119   0.01581  -0.1743  0.0010  0.6906  -7.1034   0.0000   0.3107
  13.000   2.1104   0.02291   0.01760  -0.1704  0.0010  0.7173  -7.6598   0.0000   0.3068
  13.500   2.1313   0.02499   0.01976  -0.1666  0.0009  0.7648  -8.2160   0.0000   0.3031
  14.000   2.1528   0.02734   0.02223  -0.1633  0.0009  0.8288  -8.7922   0.0000   0.2996
  14.500   2.1747   0.02995   0.02509  -0.1607  0.0009  1.0000  -9.3889   0.0000   0.2964
  15.000   2.1899   0.03297   0.02816  -0.1573  0.0009  1.0000  -9.9497   0.0000   0.2932
  15.500   2.2023   0.03642   0.03167  -0.1541  0.0008  1.0000  -10.5030   0.0000   0.2901
  16.000   2.2143   0.03999   0.03530  -0.1512  0.0008  1.0000  -11.0672   0.0000   0.2872
  16.500   2.2233   0.04403   0.03940  -0.1485  0.0008  1.0000  -11.6186   0.0000   0.2844
  17.000   2.2288   0.04877   0.04421  -0.1461  0.0008  1.0000  -12.1505   0.0000   0.2818
  17.500   2.2314   0.05408   0.04960  -0.1441  0.0008  1.0000  -12.6664   0.0000   0.2794
  18.000   2.2312   0.05997   0.05557  -0.1424  0.0007  1.0000  -13.1658   0.0000   0.2773
  18.500   2.2302   0.06607   0.06177  -0.1411  0.0007  1.0000  -13.6651   0.0000   0.2753
  19.000   2.2332   0.07167   0.06743  -0.1401  0.0007  1.0000  -14.2095   0.0000   0.2733
  19.500   2.2250   0.07887   0.07474  -0.1396  0.0007  1.0000  -14.6499   0.0000   0.2718
  20.000   2.2115   0.08672   0.08270  -0.1395  0.0006  1.0000  -15.0390   0.0000   0.2706


