XFLR5 v6.02 Beta

 Calculated polar for: WORTMANN FX 63-137

 1 1 Reynolds number fixed          Mach number fixed         

 xtrf =   1.000 (top)        1.000 (bottom)
 Mach =   0.000     Re =    73.500 e 6     Ncrit =   9.000

  alpha     CL        CD       CDp       CM    Top Xtr Bot Xtr   Cpmin    Chinge    XCp    
 ------- -------- --------- --------- -------- ------- ------- -------- --------- ---------
 -22.000  -1.3031   0.04358   0.04029  -0.1611  0.4014  0.0014  -28.9767   0.0000   0.0910
 -21.500  -1.3168   0.03632   0.03295  -0.1668  0.4013  0.0014  -28.8360   0.0000   0.0897
 -21.000  -1.3262   0.03005   0.02660  -0.1716  0.4013  0.0014  -28.5856   0.0000   0.0886
 -20.500  -1.3174   0.02594   0.02244  -0.1744  0.4013  0.0014  -28.0044   0.0000   0.0870
 -20.000  -1.3026   0.02238   0.01884  -0.1767  0.4012  0.0014  -27.3237   0.0000   0.0851
 -19.500  -1.2909   0.01928   0.01569  -0.1775  0.4011  0.0014  -26.6658   0.0000   0.0846
 -19.000  -1.2530   0.01670   0.01307  -0.1817  0.4010  0.0014  -25.6769   0.0000   0.0781
 -18.500  -1.2003   0.01452   0.01081  -0.1880  0.3707  0.0014  -24.5166   0.0000   0.0672
 -18.000  -1.1501   0.01358   0.00974  -0.1895  0.3047  0.0015  -23.3602   0.0000   0.0597
 -17.500  -1.0968   0.01277   0.00888  -0.1909  0.2961  0.0016  -22.1851   0.0000   0.0511
 -17.000  -1.0422   0.01205   0.00813  -0.1921  0.2888  0.0016  -21.0169   0.0000   0.0413
 -16.500  -0.9864   0.01141   0.00746  -0.1932  0.2817  0.0017  -19.8628   0.0000   0.0302
 -16.000  -0.9299   0.01083   0.00685  -0.1943  0.2785  0.0018  -18.7273   0.0000   0.0175
 -15.500  -0.8727   0.01030   0.00630  -0.1953  0.2782  0.0019  -17.6134   0.0000   0.0029
 -15.000  -0.8161   0.00988   0.00579  -0.1961  0.2355  0.0020  -16.5356   0.0000  -0.0134
 -14.500  -0.7581   0.00943   0.00532  -0.1971  0.2216  0.0022  -15.4722   0.0000  -0.0331
 -14.000  -0.6996   0.00902   0.00488  -0.1980  0.2210  0.0023  -14.4351   0.0000  -0.0563
 -13.500  -0.6414   0.00869   0.00448  -0.1988  0.1916  0.0024  -13.5141   0.0000  -0.0835
 -13.000  -0.5824   0.00835   0.00411  -0.1998  0.1833  0.0025  -12.6175   0.0000  -0.1169
 -12.000  -0.4640   0.00775   0.00344  -0.2015  0.1432  0.0029  -10.9004   0.0000  -0.2102
 -11.500  -0.4041   0.00745   0.00312  -0.2025  0.1445  0.0033  -10.0768   0.0000  -0.2786
 -11.000  -0.3443   0.00721   0.00284  -0.2034  0.1407  0.0036  -9.2807   0.0000  -0.3707
 -10.500  -0.2845   0.00699   0.00260  -0.2042  0.1360  0.0038  -8.5098   0.0000  -0.5017
 -10.000  -0.2246   0.00681   0.00240  -0.2050  0.1311  0.0040  -7.7672   0.0000  -0.7027
  -9.500  -0.1648   0.00666   0.00223  -0.2058  0.1260  0.0040  -7.0553   0.0000  -1.0496
  -9.000  -0.1049   0.00653   0.00208  -0.2066  0.1237  0.0041  -6.3733   0.0000  -1.7925
  -8.500  -0.0451   0.00641   0.00195  -0.2073  0.1234  0.0041  -5.7192   0.0000  -4.5111
  -8.000   0.0148   0.00631   0.00183  -0.2081  0.1231  0.0042  -5.0948   0.0000  14.7657
  -7.500   0.0746   0.00622   0.00173  -0.2088  0.1228  0.0042  -4.5002   0.0000   3.1310
  -7.000   0.1339   0.00618   0.00164  -0.2094  0.1034  0.0043  -4.0420   0.0000   1.8563
  -6.500   0.1934   0.00613   0.00157  -0.2100  0.1006  0.0043  -3.6504   0.0000   1.3629
  -6.000   0.2529   0.00610   0.00151  -0.2106  0.0978  0.0043  -3.2741   0.0000   1.1019
  -5.500   0.3124   0.00607   0.00147  -0.2112  0.0952  0.0044  -2.9129   0.0000   0.9403
  -5.000   0.3717   0.00605   0.00144  -0.2118  0.0921  0.0044  -2.5672   0.0000   0.8305
  -4.500   0.4310   0.00604   0.00141  -0.2124  0.0854  0.0044  -2.2370   0.0000   0.7510
  -4.000   0.4902   0.00604   0.00140  -0.2130  0.0842  0.0045  -1.9222   0.0000   0.6907
  -3.500   0.5493   0.00605   0.00140  -0.2135  0.0841  0.0045  -1.6236   0.0000   0.6434
  -3.000   0.6083   0.00607   0.00141  -0.2141  0.0840  0.0046  -1.3407   0.0000   0.6053
  -2.500   0.6671   0.00610   0.00143  -0.2146  0.0838  0.0046  -1.0733   0.0000   0.5740
  -2.000   0.7240   0.00629   0.00152  -0.2147  0.0468  0.0047  -0.9631   0.0000   0.5479
  -1.500   0.7822   0.00636   0.00158  -0.2151  0.0438  0.0054  -1.0136   0.0000   0.5254
  -1.000   0.8403   0.00643   0.00164  -0.2154  0.0415  0.0063  -1.0660   0.0000   0.5060
  -0.500   0.8983   0.00652   0.00171  -0.2158  0.0393  0.0070  -1.1187   0.0000   0.4891
   0.000   0.9560   0.00661   0.00179  -0.2161  0.0382  0.0075  -1.1716   0.0000   0.4742
   0.500   1.0135   0.00671   0.00188  -0.2164  0.0381  0.0093  -1.2267   0.0000   0.4610
   1.000   1.0711   0.00681   0.00197  -0.2168  0.0387  0.0169  -1.2921   0.0000   0.4491
   1.500   1.1282   0.00693   0.00208  -0.2170  0.0382  0.0171  -1.3679   0.0000   0.4384
   2.000   1.1832   0.00721   0.00229  -0.2168  0.0223  0.0200  -1.4424   0.0000   0.4286
   2.500   1.2380   0.00751   0.00256  -0.2166  0.0014  0.0370  -1.5333   0.0000   0.4195
   3.000   1.2938   0.00770   0.00273  -0.2166  0.0013  0.0379  -1.6496   0.0000   0.4113
   3.500   1.3492   0.00791   0.00292  -0.2166  0.0013  0.0385  -1.7678   0.0000   0.4037
   4.000   1.4042   0.00813   0.00312  -0.2165  0.0013  0.0410  -1.9152   0.0000   0.3966
   4.500   1.4588   0.00837   0.00334  -0.2164  0.0013  0.0465  -2.0943   0.0000   0.3899
   5.500   1.5669   0.00887   0.00383  -0.2160  0.0013  0.0717  -2.4655   0.0000   0.3779
   6.000   1.6205   0.00915   0.00412  -0.2157  0.0012  0.1036  -2.6574   0.0000   0.3723
   6.500   1.6732   0.00945   0.00440  -0.2153  0.0012  0.1150  -2.8527   0.0000   0.3670
   7.500   1.7770   0.01009   0.00504  -0.2142  0.0012  0.1461  -3.2544   0.0000   0.3572
   8.000   1.8276   0.01046   0.00539  -0.2134  0.0012  0.1458  -3.4596   0.0000   0.3525
   8.500   1.8774   0.01084   0.00576  -0.2125  0.0012  0.1523  -3.6675   0.0000   0.3481
   9.000   1.9270   0.01123   0.00618  -0.2117  0.0012  0.2072  -3.9478   0.0000   0.3437
   9.500   1.9755   0.01165   0.00662  -0.2106  0.0012  0.2491  -4.3411   0.0000   0.3396
  10.000   2.0222   0.01211   0.00709  -0.2092  0.0012  0.2756  -4.9255   0.0000   0.3354
  10.500   2.0677   0.01259   0.00760  -0.2077  0.0011  0.3239  -5.5337   0.0000   0.3314
  11.000   2.1104   0.01314   0.00815  -0.2056  0.0011  0.3337  -6.1551   0.0000   0.3274
  11.500   2.1407   0.01374   0.00877  -0.2010  0.0011  0.3418  -6.7246   0.0000   0.3228
  12.000   2.1693   0.01445   0.00948  -0.1961  0.0010  0.3446  -7.3056   0.0000   0.3184
  13.000   2.2262   0.01625   0.01133  -0.1872  0.0009  0.3867  -8.5281   0.0000   0.3100
  14.000   2.2456   0.02062   0.01595  -0.1737  0.0018  0.4567  -9.4900   0.0000   0.3011
  15.500   2.2957   0.02736   0.02286  -0.1607  0.0028  0.5298  -11.3049   0.0000   0.2902
  16.000   2.3081   0.03037   0.02593  -0.1568  0.0032  0.5486  -11.8907   0.0000   0.2869
  16.500   2.3186   0.03378   0.02941  -0.1532  0.0036  0.5675  -12.4720   0.0000   0.2838
  17.000   2.3264   0.03765   0.03335  -0.1500  0.0039  0.5994  -13.0427   0.0000   0.2808
  17.500   2.3304   0.04193   0.03772  -0.1469  0.0044  0.6286  -13.5874   0.0000   0.2780
  18.000   2.3325   0.04684   0.04270  -0.1442  0.0046  0.6484  -14.1253   0.0000   0.2754
  18.500   2.3331   0.05227   0.04823  -0.1420  0.0046  0.6753  -14.6598   0.0000   0.2731
  19.000   2.3298   0.05841   0.05446  -0.1402  0.0046  0.7002  -15.1649   0.0000   0.2709
  19.500   2.3366   0.06351   0.05965  -0.1391  0.0047  0.7439  -15.7763   0.0000   0.2688


