XFLR5 v6.02 Beta

 Calculated polar for: WORTMANN FX 63-137

 1 1 Reynolds number fixed          Mach number fixed         

 xtrf =   1.000 (top)        1.000 (bottom)
 Mach =   0.000     Re =    52.750 e 6     Ncrit =   9.000

  alpha     CL        CD       CDp       CM    Top Xtr Bot Xtr   Cpmin    Chinge    XCp    
 ------- -------- --------- --------- -------- ------- ------- -------- --------- ---------
 -21.500  -1.2480   0.04465   0.04138  -0.1591  0.4659  0.0015  -27.5463   0.0000   0.0879
 -20.500  -1.2774   0.03021   0.02672  -0.1704  0.4347  0.0015  -27.2940   0.0000   0.0855
 -20.000  -1.2686   0.02605   0.02248  -0.1733  0.4305  0.0016  -26.7286   0.0000   0.0837
 -19.500  -1.2542   0.02246   0.01883  -0.1756  0.4259  0.0016  -26.0697   0.0000   0.0816
 -19.000  -1.2406   0.01936   0.01568  -0.1767  0.4211  0.0017  -25.4058   0.0000   0.0804
 -18.500  -1.2010   0.01672   0.01299  -0.1814  0.4146  0.0017  -24.4211   0.0000   0.0728
 -18.000  -1.1479   0.01467   0.01081  -0.1873  0.3689  0.0018  -23.2791   0.0000   0.0613
 -17.500  -1.0964   0.01368   0.00975  -0.1890  0.3382  0.0019  -22.1351   0.0000   0.0527
 -16.000  -0.9322   0.01145   0.00737  -0.1928  0.3046  0.0022  -18.7241   0.0000   0.0196
 -15.500  -0.8756   0.01085   0.00673  -0.1939  0.3000  0.0023  -17.6190   0.0000   0.0052
 -15.000  -0.8183   0.01031   0.00615  -0.1950  0.2899  0.0025  -16.5361   0.0000  -0.0114
 -14.500  -0.7615   0.00987   0.00562  -0.1958  0.2380  0.0026  -15.4884   0.0000  -0.0302
 -14.000  -0.7032   0.00941   0.00513  -0.1969  0.2287  0.0028  -14.4541   0.0000  -0.0531
 -13.500  -0.6444   0.00901   0.00470  -0.1978  0.2213  0.0029  -13.5298   0.0000  -0.0804
 -12.500  -0.5269   0.00833   0.00391  -0.1996  0.1710  0.0033  -11.7639   0.0000  -0.1535
 -10.000  -0.2288   0.00715   0.00257  -0.2039  0.1419  0.0040  -7.7773   0.0000  -0.6803
  -9.500  -0.1691   0.00700   0.00239  -0.2047  0.1364  0.0041  -7.0671   0.0000  -1.0096
  -9.000  -0.1093   0.00686   0.00222  -0.2055  0.1264  0.0041  -6.3863   0.0000  -1.7004
  -8.500  -0.0494   0.00673   0.00208  -0.2062  0.1240  0.0041  -5.7325   0.0000  -4.0659
  -8.000   0.0104   0.00662   0.00195  -0.2070  0.1237  0.0042  -5.1083   0.0000  20.7779
  -7.500   0.0702   0.00652   0.00184  -0.2077  0.1234  0.0042  -4.5137   0.0000   3.2953
  -7.000   0.1300   0.00644   0.00174  -0.2084  0.1232  0.0043  -4.0464   0.0000   1.8969
  -6.500   0.1897   0.00637   0.00166  -0.2091  0.1227  0.0043  -3.6546   0.0000   1.3798
  -6.000   0.2488   0.00636   0.00161  -0.2097  0.1068  0.0043  -3.2802   0.0000   1.1119
  -5.500   0.3082   0.00634   0.00155  -0.2103  0.1007  0.0044  -2.9198   0.0000   0.9465
  -5.000   0.3675   0.00633   0.00152  -0.2108  0.0978  0.0044  -2.5744   0.0000   0.8346
  -4.500   0.4267   0.00632   0.00149  -0.2114  0.0947  0.0045  -2.2444   0.0000   0.7538
  -4.000   0.4858   0.00633   0.00148  -0.2120  0.0854  0.0045  -1.9304   0.0000   0.6927
  -3.500   0.5448   0.00634   0.00148  -0.2125  0.0843  0.0046  -1.6318   0.0000   0.6448
  -3.000   0.6038   0.00636   0.00149  -0.2131  0.0842  0.0047  -1.3490   0.0000   0.6063
  -2.500   0.6625   0.00639   0.00151  -0.2135  0.0840  0.0046  -1.0814   0.0000   0.5747
  -2.000   0.7211   0.00643   0.00154  -0.2140  0.0830  0.0052  -0.9615   0.0000   0.5482
  -1.500   0.7779   0.00662   0.00165  -0.2141  0.0501  0.0063  -1.0107   0.0000   0.5257
  -1.000   0.8358   0.00672   0.00171  -0.2145  0.0472  0.0073  -1.0629   0.0000   0.5063
  -0.500   0.8936   0.00681   0.00179  -0.2148  0.0446  0.0081  -1.1154   0.0000   0.4893
   0.000   0.9512   0.00691   0.00188  -0.2151  0.0422  0.0087  -1.1682   0.0000   0.4743
   0.500   1.0088   0.00701   0.00198  -0.2154  0.0399  0.0155  -1.2230   0.0000   0.4610
   1.000   1.0661   0.00712   0.00208  -0.2157  0.0428  0.0170  -1.2878   0.0000   0.4490
   1.500   1.1231   0.00725   0.00219  -0.2159  0.0417  0.0171  -1.3634   0.0000   0.4383
   2.000   1.1798   0.00739   0.00232  -0.2161  0.0400  0.0193  -1.4397   0.0000   0.4285
   2.500   1.2325   0.00786   0.00269  -0.2155  0.0019  0.0372  -1.5275   0.0000   0.4194
   3.500   1.3432   0.00828   0.00307  -0.2154  0.0013  0.0404  -1.7602   0.0000   0.4035
   4.000   1.3981   0.00851   0.00329  -0.2153  0.0014  0.0436  -1.9047   0.0000   0.3964
   4.500   1.4525   0.00876   0.00353  -0.2151  0.0013  0.0498  -2.0830   0.0000   0.3897
   5.000   1.5066   0.00902   0.00378  -0.2149  0.0013  0.0667  -2.2658   0.0000   0.3835
   5.500   1.5600   0.00930   0.00404  -0.2146  0.0013  0.0768  -2.4524   0.0000   0.3776
   6.000   1.6133   0.00958   0.00434  -0.2143  0.0012  0.1141  -2.6434   0.0000   0.3720
   7.000   1.7177   0.01022   0.00498  -0.2132  0.0012  0.1466  -3.0359   0.0000   0.3617
   7.500   1.7685   0.01059   0.00533  -0.2125  0.0012  0.1585  -3.2367   0.0000   0.3568
   8.000   1.8185   0.01097   0.00571  -0.2116  0.0012  0.1551  -3.4402   0.0000   0.3522
   8.500   1.8683   0.01136   0.00612  -0.2108  0.0012  0.1950  -3.6473   0.0000   0.3477
   9.000   1.9172   0.01177   0.00656  -0.2098  0.0012  0.2491  -3.9195   0.0000   0.3434
   9.500   1.9640   0.01224   0.00702  -0.2084  0.0012  0.2631  -4.2762   0.0000   0.3391
  10.500   2.0549   0.01323   0.00811  -0.2053  0.0011  0.3733  -5.4515   0.0000   0.3309
  11.000   2.0885   0.01383   0.00872  -0.2013  0.0011  0.3851  -6.0147   0.0000   0.3264
  11.500   2.1181   0.01451   0.00941  -0.1967  0.0011  0.3949  -6.5737   0.0000   0.3219
  12.000   2.1473   0.01533   0.01024  -0.1921  0.0010  0.3968  -7.1525   0.0000   0.3175
  12.500   2.1773   0.01624   0.01120  -0.1881  0.0010  0.4331  -7.7579   0.0000   0.3133
  13.000   2.2047   0.01733   0.01235  -0.1838  0.0010  0.4842  -8.3659   0.0000   0.3093
  13.500   2.2308   0.01860   0.01365  -0.1796  0.0009  0.4988  -8.9854   0.0000   0.3053
  14.000   2.2545   0.02007   0.01514  -0.1752  0.0009  0.5035  -9.6072   0.0000   0.3014
  14.500   2.2772   0.02174   0.01689  -0.1712  0.0008  0.5575  -10.2381   0.0000   0.2977
  15.500   2.2658   0.02986   0.02529  -0.1579  0.0015  0.6017  -11.0134   0.0000   0.2899
  16.000   2.2756   0.03334   0.02886  -0.1542  0.0019  0.6312  -11.5994   0.0000   0.2867
  16.500   2.2898   0.03663   0.03222  -0.1514  0.0023  0.6604  -12.2231   0.0000   0.2838
  17.000   2.2954   0.04075   0.03643  -0.1482  0.0026  0.6907  -12.7702   0.0000   0.2809
  18.000   2.3070   0.05007   0.04594  -0.1434  0.0036  0.7628  -13.8912   0.0000   0.2758
  18.500   2.3061   0.05605   0.05203  -0.1418  0.0039  0.8098  -14.4039   0.0000   0.2736
  19.000   2.3110   0.06295   0.05917  -0.1423  0.0041  0.9607  -14.9815   0.0000   0.2722
  19.500   2.3026   0.07004   0.06639  -0.1413  0.0043  1.0000  -15.4339   0.0000   0.2704


