XFLR5 v6.02 Beta

 Calculated polar for: WORTMANN FX 63-137

 1 1 Reynolds number fixed          Mach number fixed         

 xtrf =   1.000 (top)        1.000 (bottom)
 Mach =   0.000     Re =    51.250 e 6     Ncrit =   9.000

  alpha     CL        CD       CDp       CM    Top Xtr Bot Xtr   Cpmin    Chinge    XCp    
 ------- -------- --------- --------- -------- ------- ------- -------- --------- ---------
 -22.000  -1.2024   0.05640   0.05325  -0.1497  0.4661  0.0015  -27.0301   0.0000   0.0886
 -21.500  -1.2436   0.04521   0.04194  -0.1585  0.4660  0.0015  -27.4610   0.0000   0.0878
 -21.000  -1.2648   0.03682   0.03345  -0.1653  0.4658  0.0015  -27.4740   0.0000   0.0865
 -20.000  -1.2658   0.02632   0.02277  -0.1730  0.4348  0.0016  -26.6814   0.0000   0.0835
 -19.500  -1.2512   0.02276   0.01914  -0.1753  0.4301  0.0017  -26.0188   0.0000   0.0814
 -19.000  -1.2390   0.01958   0.01590  -0.1764  0.4253  0.0017  -25.3757   0.0000   0.0805
 -18.500  -1.2006   0.01695   0.01322  -0.1808  0.4190  0.0018  -24.4052   0.0000   0.0732
 -18.000  -1.1467   0.01473   0.01092  -0.1873  0.4008  0.0018  -23.2598   0.0000   0.0612
 -17.500  -1.0964   0.01376   0.00982  -0.1888  0.3385  0.0019  -22.1317   0.0000   0.0529
 -17.000  -1.0426   0.01289   0.00892  -0.1903  0.3379  0.0020  -20.9804   0.0000   0.0431
 -16.500  -0.9875   0.01213   0.00813  -0.1917  0.3377  0.0021  -19.8387   0.0000   0.0320
 -16.000  -0.9324   0.01150   0.00742  -0.1927  0.3073  0.0022  -18.7228   0.0000   0.0198
 -15.500  -0.8757   0.01089   0.00677  -0.1938  0.3027  0.0024  -17.6185   0.0000   0.0054
 -15.000  -0.8185   0.01034   0.00618  -0.1949  0.2940  0.0025  -16.5368   0.0000  -0.0112
 -14.500  -0.7618   0.00990   0.00564  -0.1957  0.2401  0.0027  -15.4895   0.0000  -0.0299
 -14.000  -0.7035   0.00944   0.00515  -0.1968  0.2308  0.0028  -14.4557   0.0000  -0.0528
 -13.500  -0.6447   0.00904   0.00471  -0.1978  0.2215  0.0030  -13.5314   0.0000  -0.0801
 -13.000  -0.5856   0.00865   0.00430  -0.1988  0.2208  0.0032  -12.6321   0.0000  -0.1133
 -12.500  -0.5272   0.00836   0.00392  -0.1996  0.1744  0.0034  -11.7648   0.0000  -0.1531
 -12.000  -0.4676   0.00804   0.00358  -0.2005  0.1694  0.0036  -10.9126   0.0000  -0.2045
 -11.500  -0.4079   0.00776   0.00327  -0.2015  0.1695  0.0038  -10.0819   0.0000  -0.2712
 -11.000  -0.3482   0.00752   0.00301  -0.2023  0.1690  0.0039  -9.2837   0.0000  -0.3607
 -10.000  -0.2292   0.00718   0.00258  -0.2038  0.1429  0.0040  -7.7778   0.0000  -0.6784
  -9.500  -0.1695   0.00703   0.00240  -0.2046  0.1374  0.0041  -7.0679   0.0000  -1.0062
  -9.000  -0.1097   0.00689   0.00224  -0.2054  0.1274  0.0041  -6.3873   0.0000  -1.6924
  -8.500  -0.0498   0.00676   0.00209  -0.2061  0.1240  0.0041  -5.7336   0.0000  -4.0296
  -8.000   0.0100   0.00665   0.00196  -0.2069  0.1237  0.0042  -5.1093   0.0000  21.5804
  -7.500   0.0698   0.00655   0.00185  -0.2076  0.1234  0.0042  -4.5148   0.0000   3.3112
  -7.000   0.1296   0.00647   0.00175  -0.2083  0.1233  0.0043  -4.0469   0.0000   1.9012
  -6.500   0.1893   0.00640   0.00167  -0.2090  0.1229  0.0043  -3.6551   0.0000   1.3817
  -6.000   0.2490   0.00634   0.00160  -0.2097  0.1225  0.0043  -3.2787   0.0000   1.1115
  -5.500   0.3078   0.00636   0.00156  -0.2102  0.1012  0.0044  -2.9203   0.0000   0.9471
  -5.000   0.3671   0.00635   0.00152  -0.2108  0.0983  0.0044  -2.5749   0.0000   0.8349
  -4.500   0.4263   0.00635   0.00150  -0.2113  0.0954  0.0045  -2.2450   0.0000   0.7540
  -4.000   0.4854   0.00635   0.00149  -0.2119  0.0858  0.0045  -1.9311   0.0000   0.6928
  -3.500   0.5444   0.00636   0.00149  -0.2124  0.0843  0.0046  -1.6326   0.0000   0.6449
  -3.000   0.6034   0.00638   0.00150  -0.2130  0.0842  0.0047  -1.3498   0.0000   0.6064
  -2.500   0.6621   0.00641   0.00152  -0.2135  0.0840  0.0046  -1.0821   0.0000   0.5747
  -2.000   0.7207   0.00646   0.00155  -0.2139  0.0832  0.0053  -0.9612   0.0000   0.5482
  -1.500   0.7775   0.00665   0.00165  -0.2140  0.0507  0.0064  -1.0105   0.0000   0.5258
  -1.000   0.8354   0.00674   0.00172  -0.2144  0.0478  0.0074  -1.0627   0.0000   0.5063
  -0.500   0.8932   0.00684   0.00180  -0.2147  0.0451  0.0082  -1.1151   0.0000   0.4893
   0.000   0.9507   0.00694   0.00189  -0.2150  0.0427  0.0088  -1.1679   0.0000   0.4743
   0.500   1.0083   0.00704   0.00198  -0.2153  0.0403  0.0155  -1.2227   0.0000   0.4610
   1.000   1.0657   0.00715   0.00208  -0.2156  0.0432  0.0170  -1.2874   0.0000   0.4490
   1.500   1.1226   0.00728   0.00220  -0.2158  0.0421  0.0171  -1.3629   0.0000   0.4383
   2.000   1.1793   0.00741   0.00233  -0.2160  0.0404  0.0192  -1.4392   0.0000   0.4285
   2.500   1.2320   0.00789   0.00270  -0.2154  0.0019  0.0373  -1.5270   0.0000   0.4194
   3.500   1.3427   0.00831   0.00309  -0.2153  0.0013  0.0406  -1.7595   0.0000   0.4035
   4.000   1.3975   0.00855   0.00331  -0.2152  0.0014  0.0439  -1.9037   0.0000   0.3963
   4.500   1.4519   0.00879   0.00354  -0.2150  0.0013  0.0501  -2.0820   0.0000   0.3897
   5.000   1.5060   0.00905   0.00380  -0.2148  0.0013  0.0668  -2.2647   0.0000   0.3835
   5.500   1.5594   0.00933   0.00406  -0.2144  0.0013  0.0773  -2.4512   0.0000   0.3776
   6.000   1.6127   0.00962   0.00437  -0.2141  0.0012  0.1151  -2.6422   0.0000   0.3720
   7.000   1.7169   0.01027   0.00501  -0.2131  0.0012  0.1470  -3.0344   0.0000   0.3617
   7.500   1.7678   0.01063   0.00536  -0.2124  0.0012  0.1604  -3.2351   0.0000   0.3568
   8.000   1.8177   0.01102   0.00573  -0.2115  0.0012  0.1570  -3.4384   0.0000   0.3521
   8.500   1.8674   0.01141   0.00615  -0.2106  0.0012  0.1955  -3.6454   0.0000   0.3477
   9.000   1.9163   0.01182   0.00660  -0.2096  0.0012  0.2496  -3.9168   0.0000   0.3433
   9.500   1.9630   0.01229   0.00706  -0.2082  0.0012  0.2669  -4.2705   0.0000   0.3390
  10.000   2.0106   0.01274   0.00761  -0.2071  0.0011  0.3697  -4.8544   0.0000   0.3350
  10.500   2.0536   0.01329   0.00816  -0.2051  0.0011  0.3788  -5.4434   0.0000   0.3309
  11.000   2.0863   0.01390   0.00877  -0.2009  0.0011  0.3902  -6.0002   0.0000   0.3263
  11.500   2.1163   0.01459   0.00948  -0.1963  0.0011  0.4000  -6.5612   0.0000   0.3218
  12.000   2.1453   0.01541   0.01031  -0.1918  0.0010  0.4019  -7.1390   0.0000   0.3174
  12.500   2.1748   0.01634   0.01129  -0.1876  0.0010  0.4333  -7.7398   0.0000   0.3133
  13.000   2.2030   0.01743   0.01245  -0.1835  0.0010  0.4959  -8.3534   0.0000   0.3092
  13.500   2.2286   0.01871   0.01375  -0.1792  0.0009  0.4994  -8.9688   0.0000   0.3052
  14.000   2.2526   0.02019   0.01525  -0.1750  0.0009  0.5124  -9.5914   0.0000   0.3014
  14.500   2.2754   0.02187   0.01701  -0.1710  0.0009  0.5633  -10.2225   0.0000   0.2977
  15.000   2.2943   0.02393   0.01913  -0.1668  0.0008  0.5945  -10.8415   0.0000   0.2941
  15.500   2.2642   0.03003   0.02546  -0.1578  0.0014  0.6195  -11.0011   0.0000   0.2899
  16.000   2.2757   0.03335   0.02887  -0.1542  0.0018  0.6418  -11.5805   0.0000   0.2867
  16.500   2.2873   0.03689   0.03248  -0.1512  0.0022  0.6732  -12.1995   0.0000   0.2838
  17.000   2.2927   0.04102   0.03669  -0.1481  0.0025  0.6956  -12.7458   0.0000   0.2809
  17.500   2.2949   0.04595   0.04172  -0.1453  0.0030  0.7272  -13.2696   0.0000   0.2783
  18.000   2.3053   0.05035   0.04622  -0.1435  0.0035  0.7753  -13.8754   0.0000   0.2758
  19.500   2.2996   0.07040   0.06674  -0.1412  0.0042  1.0000  -15.4037   0.0000   0.2705


