XFLR5 v6.02 Beta

 Calculated polar for: WORTMANN FX 63-137

 1 1 Reynolds number fixed          Mach number fixed         

 xtrf =   1.000 (top)        1.000 (bottom)
 Mach =   0.000     Re =    46.750 e 6     Ncrit =   9.000

  alpha     CL        CD       CDp       CM    Top Xtr Bot Xtr   Cpmin    Chinge    XCp    
 ------- -------- --------- --------- -------- ------- ------- -------- --------- ---------
 -22.000  -0.3962   0.20437   0.20182  -0.0603  0.2378  0.0014  -6.5737   0.0000   0.0475
 -21.500  -0.3790   0.19917   0.19660  -0.0639  0.2323  0.0014  -6.3626   0.0000   0.0308
 -21.000  -0.3619   0.19389   0.19130  -0.0674  0.2272  0.0014  -6.1583   0.0000   0.0126
 -20.500  -0.3448   0.18854   0.18594  -0.0709  0.2224  0.0016  -5.9617   0.0000  -0.0073
 -20.000  -0.3277   0.18316   0.18054  -0.0743  0.2214  0.0017  -5.7666   0.0000  -0.0292
 -19.500  -0.3111   0.17782   0.17513  -0.0775  0.1822  0.0019  -5.5774   0.0000  -0.0524
 -19.000  -0.2943   0.17236   0.16965  -0.0807  0.1711  0.0021  -5.3928   0.0000  -0.0788
 -18.500  -0.2776   0.16682   0.16410  -0.0839  0.1824  0.0022  -5.2156   0.0000  -0.1082
 -18.000  -0.2612   0.16126   0.15853  -0.0871  0.1726  0.0024  -5.0452   0.0000  -0.1408
 -17.500  -0.2451   0.15570   0.15295  -0.0901  0.1702  0.0026  -4.8830   0.0000  -0.1768
 -17.000  -0.2298   0.15022   0.14747  -0.0930  0.1699  0.0028  -4.7306   0.0000  -0.2161
 -16.500  -0.2149   0.14480   0.14205  -0.0959  0.1697  0.0030  -4.5865   0.0000  -0.2597
 -16.000  -0.1993   0.13905   0.13629  -0.0989  0.1694  0.0032  -4.4460   0.0000  -0.3121
 -15.500  -0.1841   0.13324   0.13046  -0.1018  0.1690  0.0033  -4.3131   0.0000  -0.3723
 -15.000  -0.1692   0.12736   0.12458  -0.1047  0.1689  0.0034  -4.1882   0.0000  -0.4419
 -14.000  -0.7044   0.00954   0.00521  -0.1965  0.2377  0.0030  -14.4601   0.0000  -0.0520
 -13.500  -0.6458   0.00914   0.00476  -0.1974  0.2220  0.0031  -13.5355   0.0000  -0.0791
 -13.000  -0.5867   0.00874   0.00434  -0.1985  0.2213  0.0033  -12.6352   0.0000  -0.1121
 -12.500  -0.5282   0.00844   0.00396  -0.1993  0.1854  0.0035  -11.7654   0.0000  -0.1518
 -12.000  -0.4688   0.00814   0.00363  -0.2002  0.1698  0.0037  -10.9124   0.0000  -0.2027
 -11.500  -0.4091   0.00787   0.00333  -0.2011  0.1698  0.0039  -10.0829   0.0000  -0.2688
 -11.000  -0.3494   0.00763   0.00307  -0.2020  0.1695  0.0039  -9.2853   0.0000  -0.3576
 -10.500  -0.2897   0.00743   0.00284  -0.2028  0.1689  0.0040  -8.5161   0.0000  -0.4833
 -10.000  -0.2303   0.00727   0.00264  -0.2035  0.1464  0.0040  -7.7792   0.0000  -0.6724
  -9.500  -0.1707   0.00712   0.00245  -0.2043  0.1406  0.0041  -7.0699   0.0000  -0.9954
  -9.000  -0.1110   0.00698   0.00228  -0.2050  0.1305  0.0041  -6.3901   0.0000  -1.6671
  -8.500  -0.0511   0.00685   0.00213  -0.2058  0.1253  0.0041  -5.7366   0.0000  -3.9161
  -8.000   0.0087   0.00674   0.00200  -0.2066  0.1239  0.0042  -5.1125   0.0000  24.6654
  -7.500   0.0686   0.00664   0.00188  -0.2073  0.1236  0.0042  -4.5181   0.0000   3.3635
  -7.000   0.1284   0.00655   0.00178  -0.2080  0.1234  0.0043  -4.0483   0.0000   1.9151
  -6.500   0.1881   0.00648   0.00169  -0.2087  0.1231  0.0043  -3.6567   0.0000   1.3876
  -6.000   0.2477   0.00643   0.00162  -0.2094  0.1226  0.0043  -3.2805   0.0000   1.1147
  -5.500   0.3066   0.00644   0.00159  -0.2099  0.1029  0.0044  -2.9219   0.0000   0.9488
  -5.000   0.3659   0.00643   0.00155  -0.2105  0.0999  0.0044  -2.5765   0.0000   0.8361
  -4.500   0.4251   0.00642   0.00152  -0.2111  0.0971  0.0045  -2.2470   0.0000   0.7548
  -4.000   0.4841   0.00643   0.00151  -0.2116  0.0880  0.0045  -1.9334   0.0000   0.6934
  -3.500   0.5431   0.00644   0.00151  -0.2121  0.0848  0.0046  -1.6349   0.0000   0.6454
  -3.000   0.6020   0.00646   0.00152  -0.2127  0.0843  0.0049  -1.3521   0.0000   0.6067
  -2.500   0.6608   0.00650   0.00154  -0.2132  0.0840  0.0046  -1.0844   0.0000   0.5749
  -2.000   0.7194   0.00654   0.00157  -0.2136  0.0836  0.0055  -0.9604   0.0000   0.5483
  -1.500   0.7762   0.00673   0.00168  -0.2138  0.0523  0.0067  -1.0096   0.0000   0.5259
  -1.000   0.8342   0.00681   0.00174  -0.2141  0.0496  0.0077  -1.0618   0.0000   0.5063
  -0.500   0.8919   0.00692   0.00182  -0.2144  0.0468  0.0085  -1.1142   0.0000   0.4893
   0.000   0.9493   0.00703   0.00192  -0.2147  0.0442  0.0092  -1.1669   0.0000   0.4743
   0.500   1.0069   0.00713   0.00201  -0.2150  0.0417  0.0156  -1.2216   0.0000   0.4610
   1.000   1.0642   0.00723   0.00211  -0.2153  0.0444  0.0170  -1.2862   0.0000   0.4490
   1.500   1.1211   0.00737   0.00223  -0.2155  0.0432  0.0172  -1.3616   0.0000   0.4382
   2.000   1.1778   0.00751   0.00236  -0.2157  0.0415  0.0193  -1.4379   0.0000   0.4284
   2.500   1.2304   0.00799   0.00274  -0.2150  0.0021  0.0373  -1.5253   0.0000   0.4193
   3.500   1.3410   0.00842   0.00313  -0.2149  0.0013  0.0413  -1.7572   0.0000   0.4034
   4.000   1.3957   0.00866   0.00336  -0.2148  0.0015  0.0446  -1.9007   0.0000   0.3963
   4.500   1.4501   0.00891   0.00360  -0.2146  0.0013  0.0511  -2.0787   0.0000   0.3896
   5.000   1.5041   0.00917   0.00385  -0.2144  0.0013  0.0669  -2.2611   0.0000   0.3834
   5.500   1.5574   0.00946   0.00413  -0.2140  0.0013  0.0790  -2.4474   0.0000   0.3775
   6.000   1.6106   0.00975   0.00443  -0.2137  0.0012  0.1185  -2.6381   0.0000   0.3719
   6.500   1.6632   0.01006   0.00475  -0.2133  0.0012  0.1456  -2.8325   0.0000   0.3666
   7.000   1.7146   0.01040   0.00509  -0.2126  0.0012  0.1529  -3.0296   0.0000   0.3616
   7.500   1.7654   0.01077   0.00545  -0.2119  0.0012  0.1668  -3.2301   0.0000   0.3567
   8.000   1.8151   0.01116   0.00583  -0.2110  0.0012  0.1633  -3.4328   0.0000   0.3520
   8.500   1.8645   0.01156   0.00625  -0.2101  0.0012  0.2067  -3.6392   0.0000   0.3475
   9.000   1.9132   0.01199   0.00671  -0.2090  0.0012  0.2566  -3.9079   0.0000   0.3432
   9.500   1.9599   0.01246   0.00719  -0.2076  0.0012  0.2791  -4.2528   0.0000   0.3389
  10.000   2.0069   0.01292   0.00775  -0.2064  0.0011  0.3810  -4.8323   0.0000   0.3349
  10.500   2.0497   0.01348   0.00831  -0.2044  0.0011  0.3954  -5.4189   0.0000   0.3307
  11.000   2.0800   0.01410   0.00895  -0.1997  0.0011  0.4097  -5.9595   0.0000   0.3261
  12.000   2.1396   0.01567   0.01056  -0.1908  0.0010  0.4330  -7.0988   0.0000   0.3172
  12.500   2.1679   0.01665   0.01156  -0.1865  0.0010  0.4546  -7.6909   0.0000   0.3130
  13.000   2.1964   0.01777   0.01274  -0.1825  0.0010  0.4997  -8.3041   0.0000   0.3090
  13.500   2.2220   0.01908   0.01408  -0.1782  0.0009  0.5078  -8.9177   0.0000   0.3050
  14.000   2.2466   0.02058   0.01563  -0.1742  0.0009  0.5322  -9.5429   0.0000   0.3012
  14.500   2.2666   0.02241   0.01753  -0.1699  0.0009  0.5822  -10.1507   0.0000   0.2975
  15.000   2.2858   0.02457   0.01976  -0.1659  0.0008  0.6261  -10.7695   0.0000   0.2939
  16.000   2.2679   0.03410   0.02959  -0.1537  0.0015  0.6630  -11.5061   0.0000   0.2867
  16.500   2.2772   0.03790   0.03349  -0.1505  0.0018  0.6919  -12.0816   0.0000   0.2837
  17.000   2.2849   0.04189   0.03755  -0.1477  0.0022  0.7217  -12.6738   0.0000   0.2810
  17.500   2.2889   0.04679   0.04257  -0.1453  0.0025  0.7690  -13.2157   0.0000   0.2784
  18.000   2.2909   0.05233   0.04823  -0.1434  0.0030  0.8229  -13.7438   0.0000   0.2761
  18.500   2.2969   0.05874   0.05491  -0.1434  0.0034  1.0000  -14.3185   0.0000   0.2745
  19.000   2.3000   0.06418   0.06041  -0.1420  0.0037  1.0000  -14.8751   0.0000   0.2723
  19.500   2.2904   0.07148   0.06780  -0.1410  0.0039  1.0000  -15.3131   0.0000   0.2706


