XFLR5 v6.02 Beta

 Calculated polar for: WORTMANN FX 63-137

 1 1 Reynolds number fixed          Mach number fixed         

 xtrf =   1.000 (top)        1.000 (bottom)
 Mach =   0.000     Re =    14.000 e 6     Ncrit =   9.000

  alpha     CL        CD       CDp       CM    Top Xtr Bot Xtr   Cpmin    Chinge    XCp    
 ------- -------- --------- --------- -------- ------- ------- -------- --------- ---------
 -20.000  -1.0133   0.05830   0.05557  -0.1423  0.7515  0.0033  -21.9565   0.0000   0.0756
 -19.500  -1.0682   0.04408   0.04113  -0.1542  0.7481  0.0033  -22.6904   0.0000   0.0741
 -19.000  -1.0830   0.03587   0.03274  -0.1615  0.7276  0.0033  -22.6423   0.0000   0.0711
 -18.500  -1.0810   0.03018   0.02693  -0.1665  0.7180  0.0033  -22.2739   0.0000   0.0677
 -18.000  -1.0709   0.02571   0.02229  -0.1702  0.6849  0.0034  -21.7596   0.0000   0.0641
 -17.500  -1.0559   0.02203   0.01851  -0.1726  0.6731  0.0034  -21.1550   0.0000   0.0608
 -17.000  -1.0263   0.01914   0.01555  -0.1760  0.6618  0.0035  -20.3664   0.0000   0.0538
 -16.500  -0.9816   0.01680   0.01302  -0.1810  0.6196  0.0035  -19.4093   0.0000   0.0416
 -16.000  -0.9295   0.01524   0.01125  -0.1852  0.5599  0.0036  -18.3679   0.0000   0.0272
 -15.500  -0.8765   0.01427   0.01018  -0.1870  0.5449  0.0036  -17.3134   0.0000   0.0135
 -15.000  -0.8216   0.01342   0.00926  -0.1886  0.5319  0.0037  -16.2609   0.0000  -0.0025
 -14.500  -0.7654   0.01265   0.00845  -0.1901  0.5296  0.0037  -15.2211   0.0000  -0.0212
 -14.000  -0.7105   0.01207   0.00774  -0.1911  0.4945  0.0038  -14.2222   0.0000  -0.0417
 -13.500  -0.6575   0.01169   0.00708  -0.1915  0.3999  0.0038  -13.2780   0.0000  -0.0641
 -13.000  -0.6012   0.01125   0.00650  -0.1924  0.3618  0.0039  -12.3224   0.0000  -0.0932
 -12.500  -0.5432   0.01077   0.00595  -0.1935  0.3463  0.0040  -11.3825   0.0000  -0.1300
 -12.000  -0.4843   0.01030   0.00543  -0.1946  0.3383  0.0040  -10.4665   0.0000  -0.1766
 -11.500  -0.4251   0.00987   0.00497  -0.1958  0.3368  0.0041  -9.5707   0.0000  -0.2366
 -11.000  -0.3666   0.00953   0.00454  -0.1967  0.3140  0.0041  -8.7612   0.0000  -0.3148
 -10.500  -0.3080   0.00923   0.00412  -0.1976  0.2765  0.0042  -7.9968   0.0000  -0.4226
 -10.000  -0.2497   0.00901   0.00376  -0.1984  0.2340  0.0043  -7.2676   0.0000  -0.5799
  -9.500  -0.1897   0.00871   0.00341  -0.1994  0.2220  0.0043  -6.5638   0.0000  -0.8450
  -9.000  -0.1294   0.00844   0.00308  -0.2004  0.2198  0.0044  -5.9246   0.0000  -1.3581
  -4.500   0.4073   0.00754   0.00182  -0.2070  0.1333  0.0045  -2.2373   0.0000   0.7667
  -4.000   0.4665   0.00753   0.00179  -0.2076  0.1274  0.0045  -1.9472   0.0000   0.7015
  -3.500   0.5256   0.00753   0.00178  -0.2082  0.1240  0.0046  -1.6556   0.0000   0.6510
  -3.000   0.5843   0.00756   0.00180  -0.2087  0.1215  0.0084  -1.3777   0.0000   0.6107
  -2.500   0.6419   0.00768   0.00187  -0.2090  0.1011  0.0097  -1.1221   0.0000   0.5780
  -2.000   0.6998   0.00777   0.00191  -0.2094  0.0952  0.0098  -0.9481   0.0000   0.5506
  -1.500   0.7583   0.00782   0.00194  -0.2098  0.0920  0.0149  -0.9975   0.0000   0.5272
  -1.000   0.8161   0.00791   0.00201  -0.2102  0.0859  0.0154  -1.0495   0.0000   0.5072
  -0.500   0.8738   0.00800   0.00209  -0.2105  0.0841  0.0157  -1.1018   0.0000   0.4898
   0.000   0.9312   0.00810   0.00219  -0.2108  0.0833  0.0160  -1.1542   0.0000   0.4745
   0.500   0.9885   0.00821   0.00230  -0.2111  0.0827  0.0163  -1.2074   0.0000   0.4610
   1.000   1.0457   0.00832   0.00240  -0.2114  0.0834  0.0172  -1.2700   0.0000   0.4489
   1.500   1.1024   0.00845   0.00253  -0.2116  0.0828  0.0190  -1.3449   0.0000   0.4379
   2.500   1.2101   0.00917   0.00310  -0.2109  0.0377  0.0381  -1.5048   0.0000   0.4189
   4.000   1.3692   0.01029   0.00409  -0.2095  0.0045  0.0666  -1.8552   0.0000   0.3954
   4.500   1.4222   0.01061   0.00439  -0.2090  0.0037  0.0757  -2.0291   0.0000   0.3886
   5.000   1.4750   0.01094   0.00474  -0.2086  0.0028  0.1025  -2.2080   0.0000   0.3823
   5.500   1.5275   0.01127   0.00510  -0.2082  0.0021  0.1447  -2.3907   0.0000   0.3764
   6.000   1.5810   0.01156   0.00551  -0.2080  0.0013  0.2483  -2.5795   0.0000   0.3709
   6.500   1.6320   0.01195   0.00593  -0.2074  0.0013  0.2908  -2.7693   0.0000   0.3655
   7.000   1.6821   0.01236   0.00637  -0.2066  0.0013  0.3299  -2.9620   0.0000   0.3604
   7.500   1.7333   0.01274   0.00688  -0.2061  0.0012  0.4335  -3.1609   0.0000   0.3557
   8.000   1.7776   0.01331   0.00736  -0.2041  0.0012  0.3767  -3.3515   0.0000   0.3507
   8.500   1.8254   0.01379   0.00796  -0.2030  0.0012  0.4660  -3.5523   0.0000   0.3462
   9.000   1.8688   0.01437   0.00857  -0.2010  0.0012  0.4958  -3.7790   0.0000   0.3416
   9.500   1.9006   0.01503   0.00924  -0.1966  0.0012  0.5033  -4.0152   0.0000   0.3366
  10.000   1.9337   0.01577   0.01005  -0.1927  0.0011  0.5446  -4.4009   0.0000   0.3319
  10.500   1.9654   0.01665   0.01096  -0.1888  0.0011  0.5645  -4.9000   0.0000   0.3273
  11.000   1.9961   0.01764   0.01202  -0.1849  0.0011  0.6029  -5.4154   0.0000   0.3229
  11.500   2.0250   0.01881   0.01325  -0.1809  0.0011  0.6402  -5.9398   0.0000   0.3186
  12.000   2.0532   0.02015   0.01468  -0.1771  0.0011  0.6839  -6.4802   0.0000   0.3145
  12.500   2.0784   0.02172   0.01630  -0.1732  0.0010  0.7068  -7.0408   0.0000   0.3105
  13.000   2.1005   0.02357   0.01823  -0.1692  0.0010  0.7435  -7.5857   0.0000   0.3066
  13.500   2.1223   0.02571   0.02048  -0.1656  0.0009  0.7983  -8.1449   0.0000   0.3030
  14.000   2.1473   0.02802   0.02307  -0.1631  0.0009  1.0000  -8.7438   0.0000   0.2997
  14.500   2.1638   0.03081   0.02591  -0.1596  0.0009  1.0000  -9.2982   0.0000   0.2963
  15.000   2.1785   0.03394   0.02909  -0.1563  0.0009  1.0000  -9.8520   0.0000   0.2931
  15.500   2.1906   0.03747   0.03269  -0.1532  0.0008  1.0000  -10.3995   0.0000   0.2901
  16.000   2.1994   0.04138   0.03667  -0.1502  0.0008  1.0000  -10.9341   0.0000   0.2872
  16.500   2.2057   0.04586   0.04121  -0.1476  0.0008  1.0000  -11.4584   0.0000   0.2844
  17.000   2.2170   0.04999   0.04540  -0.1454  0.0008  1.0000  -12.0371   0.0000   0.2818
  17.500   2.2194   0.05539   0.05088  -0.1435  0.0008  1.0000  -12.5484   0.0000   0.2795
  18.000   2.2190   0.06133   0.05691  -0.1419  0.0007  1.0000  -13.0416   0.0000   0.2774
  18.500   2.2158   0.06779   0.06346  -0.1407  0.0007  1.0000  -13.5178   0.0000   0.2755
  19.000   2.2094   0.07479   0.07057  -0.1400  0.0007  1.0000  -13.9666   0.0000   0.2739
  19.500   2.2110   0.08045   0.07631  -0.1393  0.0007  1.0000  -14.4990   0.0000   0.2721
  20.000   2.1977   0.08843   0.08440  -0.1394  0.0007  1.0000  -14.8859   0.0000   0.2710


