XFLR5 v6.02 Beta

 Calculated polar for: WORTMANN FX 63-137

 1 1 Reynolds number fixed          Mach number fixed         

 xtrf =   1.000 (top)        1.000 (bottom)
 Mach =   0.000     Re =    41.500 e 6     Ncrit =   9.000

  alpha     CL        CD       CDp       CM    Top Xtr Bot Xtr   Cpmin    Chinge    XCp    
 ------- -------- --------- --------- -------- ------- ------- -------- --------- ---------
 -21.500  -1.1961   0.05118   0.04799  -0.1531  0.5017  0.0018  -26.5548   0.0000   0.0865
 -21.000  -1.2273   0.04136   0.03801  -0.1610  0.4922  0.0018  -26.7801   0.0000   0.0854
 -20.500  -1.2353   0.03494   0.03150  -0.1659  0.4759  0.0018  -26.5425   0.0000   0.0839
 -20.000  -1.2401   0.02908   0.02556  -0.1704  0.4701  0.0018  -26.2313   0.0000   0.0824
 -19.500  -1.2304   0.02492   0.02133  -0.1733  0.4669  0.0019  -25.6630   0.0000   0.0803
 -19.000  -1.2165   0.02126   0.01762  -0.1756  0.4661  0.0019  -25.0224   0.0000   0.0782
 -18.000  -1.1484   0.01590   0.01211  -0.1834  0.4379  0.0021  -23.2215   0.0000   0.0648
 -17.500  -1.0965   0.01438   0.01040  -0.1874  0.3610  0.0022  -22.1020   0.0000   0.0542
 -17.000  -1.0436   0.01341   0.00937  -0.1891  0.3495  0.0023  -20.9671   0.0000   0.0444
 -16.500  -0.9890   0.01257   0.00849  -0.1906  0.3400  0.0024  -19.8351   0.0000   0.0334
 -16.000  -0.9333   0.01182   0.00770  -0.1919  0.3384  0.0026  -18.7153   0.0000   0.0208
 -15.500  -0.8767   0.01114   0.00700  -0.1932  0.3378  0.0027  -17.6127   0.0000   0.0064
 -14.500  -0.7630   0.01009   0.00580  -0.1952  0.2777  0.0030  -15.4888   0.0000  -0.0288
 -14.000  -0.7055   0.00966   0.00529  -0.1961  0.2473  0.0032  -14.4625   0.0000  -0.0510
 -13.500  -0.6471   0.00926   0.00484  -0.1970  0.2294  0.0033  -13.5377   0.0000  -0.0778
 -13.000  -0.5881   0.00887   0.00442  -0.1980  0.2221  0.0035  -12.6350   0.0000  -0.1105
 -12.000  -0.4704   0.00829   0.00372  -0.1997  0.1703  0.0038  -10.9119   0.0000  -0.2001
 -11.500  -0.4108   0.00802   0.00342  -0.2006  0.1704  0.0039  -10.0836   0.0000  -0.2655
 -11.000  -0.3511   0.00779   0.00316  -0.2015  0.1699  0.0039  -9.2865   0.0000  -0.3533
 -10.500  -0.2914   0.00757   0.00292  -0.2023  0.1694  0.0040  -8.5176   0.0000  -0.4774
 -10.000  -0.2315   0.00738   0.00270  -0.2032  0.1688  0.0040  -7.7775   0.0000  -0.6661
  -9.500  -0.1722   0.00724   0.00251  -0.2039  0.1450  0.0041  -7.0711   0.0000  -0.9819
  -9.000  -0.1127   0.00711   0.00234  -0.2046  0.1347  0.0041  -6.3930   0.0000  -1.6347
  -8.500  -0.0528   0.00698   0.00218  -0.2054  0.1295  0.0041  -5.7399   0.0000  -3.7747
  -8.000   0.0070   0.00686   0.00205  -0.2061  0.1246  0.0042  -5.1161   0.0000  30.4785
  -7.500   0.0669   0.00676   0.00192  -0.2069  0.1238  0.0042  -4.5219   0.0000   3.4359
  -7.000   0.1267   0.00667   0.00182  -0.2076  0.1236  0.0043  -4.0499   0.0000   1.9340
  -6.500   0.1864   0.00660   0.00173  -0.2083  0.1234  0.0043  -3.6586   0.0000   1.3957
  -6.000   0.2461   0.00654   0.00166  -0.2090  0.1230  0.0043  -3.2826   0.0000   1.1189
  -5.500   0.3056   0.00649   0.00160  -0.2096  0.1224  0.0044  -2.9219   0.0000   0.9503
  -5.000   0.3644   0.00652   0.00158  -0.2101  0.1021  0.0044  -2.5783   0.0000   0.8376
  -4.500   0.4235   0.00652   0.00155  -0.2107  0.0991  0.0045  -2.2494   0.0000   0.7558
  -4.000   0.4824   0.00654   0.00154  -0.2112  0.0917  0.0045  -1.9362   0.0000   0.6942
  -3.500   0.5414   0.00655   0.00154  -0.2118  0.0863  0.0046  -1.6379   0.0000   0.6459
  -3.000   0.6003   0.00657   0.00155  -0.2123  0.0844  0.0051  -1.3552   0.0000   0.6071
  -2.500   0.6591   0.00661   0.00157  -0.2128  0.0841  0.0048  -1.0874   0.0000   0.5752
  -2.000   0.7176   0.00665   0.00160  -0.2133  0.0838  0.0057  -0.9593   0.0000   0.5485
  -1.500   0.7746   0.00682   0.00170  -0.2134  0.0617  0.0071  -1.0086   0.0000   0.5260
  -1.000   0.8325   0.00691   0.00177  -0.2138  0.0514  0.0081  -1.0607   0.0000   0.5064
  -0.500   0.8902   0.00702   0.00185  -0.2141  0.0490  0.0090  -1.1131   0.0000   0.4894
   0.000   0.9476   0.00713   0.00195  -0.2144  0.0462  0.0097  -1.1657   0.0000   0.4743
   0.500   1.0051   0.00724   0.00205  -0.2146  0.0436  0.0157  -1.2201   0.0000   0.4610
   1.000   1.0624   0.00735   0.00215  -0.2149  0.0462  0.0170  -1.2846   0.0000   0.4490
   1.500   1.1192   0.00749   0.00227  -0.2151  0.0448  0.0172  -1.3600   0.0000   0.4382
   2.000   1.1758   0.00763   0.00241  -0.2153  0.0429  0.0196  -1.4361   0.0000   0.4284
   2.500   1.2282   0.00813   0.00280  -0.2146  0.0024  0.0373  -1.5231   0.0000   0.4193
   3.500   1.3387   0.00856   0.00319  -0.2145  0.0014  0.0423  -1.7543   0.0000   0.4033
   4.000   1.3933   0.00881   0.00342  -0.2143  0.0016  0.0457  -1.8966   0.0000   0.3962
   5.000   1.5015   0.00933   0.00393  -0.2139  0.0013  0.0671  -2.2564   0.0000   0.3833
   5.500   1.5548   0.00962   0.00421  -0.2135  0.0013  0.0812  -2.4424   0.0000   0.3774
   6.000   1.6079   0.00991   0.00453  -0.2132  0.0012  0.1231  -2.6328   0.0000   0.3718
   6.500   1.6602   0.01023   0.00485  -0.2127  0.0012  0.1463  -2.8266   0.0000   0.3665
   7.000   1.7115   0.01058   0.00519  -0.2120  0.0012  0.1610  -3.0233   0.0000   0.3615
   8.000   1.8117   0.01136   0.00596  -0.2103  0.0012  0.1752  -3.4255   0.0000   0.3519
   8.500   1.8616   0.01175   0.00640  -0.2095  0.0012  0.2488  -3.6325   0.0000   0.3474
   9.000   1.9093   0.01220   0.00686  -0.2083  0.0012  0.2740  -3.8967   0.0000   0.3431
   9.500   1.9560   0.01267   0.00736  -0.2069  0.0012  0.3075  -4.2298   0.0000   0.3388
  11.000   2.0721   0.01438   0.00919  -0.1982  0.0011  0.4341  -5.9076   0.0000   0.3257
  11.500   2.1016   0.01514   0.00997  -0.1937  0.0011  0.4403  -6.4635   0.0000   0.3212
  12.000   2.1315   0.01603   0.01086  -0.1894  0.0010  0.4442  -7.0428   0.0000   0.3169
  12.500   2.1607   0.01703   0.01192  -0.1853  0.0010  0.4928  -7.6387   0.0000   0.3128
  13.000   2.1880   0.01821   0.01314  -0.1812  0.0010  0.5181  -8.2420   0.0000   0.3087
  13.500   2.2129   0.01960   0.01457  -0.1769  0.0009  0.5310  -8.8476   0.0000   0.3048
  14.000   2.2361   0.02122   0.01625  -0.1728  0.0009  0.5643  -9.4596   0.0000   0.3010
  15.000   2.2764   0.02526   0.02042  -0.1648  0.0008  0.6462  -10.6893   0.0000   0.2938
  17.000   2.2738   0.04320   0.03888  -0.1472  0.0017  0.7718  -12.5317   0.0000   0.2811
  17.500   2.2790   0.04818   0.04398  -0.1451  0.0020  0.8274  -13.1173   0.0000   0.2786
  18.000   2.2891   0.05378   0.04984  -0.1448  0.0026  1.0000  -13.7279   0.0000   0.2767
  18.500   2.2847   0.06016   0.05630  -0.1430  0.0029  1.0000  -14.2039   0.0000   0.2746
  19.000   2.2886   0.06550   0.06170  -0.1416  0.0032  1.0000  -14.7654   0.0000   0.2725
  19.500   2.2791   0.07281   0.06910  -0.1407  0.0034  1.0000  -15.2017   0.0000   0.2708


