XFLR5 v6.02 Beta

 Calculated polar for: WORTMANN FX 63-137

 1 1 Reynolds number fixed          Mach number fixed         

 xtrf =   1.000 (top)        1.000 (bottom)
 Mach =   0.000     Re =    13.250 e 6     Ncrit =   9.000

  alpha     CL        CD       CDp       CM    Top Xtr Bot Xtr   Cpmin    Chinge    XCp    
 ------- -------- --------- --------- -------- ------- ------- -------- --------- ---------
 -19.000  -1.0594   0.03883   0.03577  -0.1586  0.7388  0.0033  -22.2087   0.0000   0.0701
 -18.500  -1.0657   0.03200   0.02878  -0.1647  0.7205  0.0034  -21.9939   0.0000   0.0669
 -18.000  -1.0563   0.02720   0.02389  -0.1688  0.7159  0.0034  -21.5040   0.0000   0.0629
 -17.500  -1.0421   0.02330   0.01983  -0.1718  0.6844  0.0034  -20.9241   0.0000   0.0592
 -17.000  -1.0210   0.02012   0.01656  -0.1743  0.6740  0.0035  -20.2425   0.0000   0.0544
 -15.500  -0.8751   0.01462   0.01058  -0.1865  0.5616  0.0036  -17.2573   0.0000   0.0137
 -15.000  -0.8215   0.01375   0.00961  -0.1880  0.5438  0.0037  -16.2205   0.0000  -0.0018
 -14.500  -0.7659   0.01296   0.00875  -0.1895  0.5316  0.0038  -15.1877   0.0000  -0.0202
 -14.000  -0.7091   0.01223   0.00797  -0.1909  0.5293  0.0038  -14.1736   0.0000  -0.0421
 -13.500  -0.6585   0.01193   0.00730  -0.1910  0.4007  0.0039  -13.2527   0.0000  -0.0629
 -13.000  -0.6016   0.01141   0.00669  -0.1921  0.3770  0.0039  -12.2940   0.0000  -0.0924
 -12.500  -0.5439   0.01092   0.00610  -0.1931  0.3576  0.0040  -11.3592   0.0000  -0.1288
 -12.000  -0.4854   0.01045   0.00557  -0.1943  0.3417  0.0040  -10.4483   0.0000  -0.1749
 -11.500  -0.4262   0.00999   0.00507  -0.1954  0.3383  0.0041  -9.5552   0.0000  -0.2347
 -11.000  -0.3665   0.00956   0.00460  -0.1966  0.3366  0.0042  -8.7081   0.0000  -0.3146
 -10.500  -0.3090   0.00933   0.00419  -0.1973  0.2782  0.0042  -7.9547   0.0000  -0.4196
 -10.000  -0.2505   0.00908   0.00382  -0.1982  0.2407  0.0043  -7.2248   0.0000  -0.5765
  -9.500  -0.1906   0.00877   0.00345  -0.1992  0.2273  0.0044  -6.5125   0.0000  -0.8384
  -4.500   0.4064   0.00760   0.00183  -0.2068  0.1358  0.0045  -2.2245   0.0000   0.7674
  -3.000   0.5834   0.00761   0.00181  -0.2085  0.1222  0.0087  -1.3797   0.0000   0.6109
  -1.500   0.7573   0.00789   0.00196  -0.2096  0.0932  0.0150  -0.9968   0.0000   0.5273
  -1.000   0.8151   0.00797   0.00203  -0.2100  0.0869  0.0155  -1.0488   0.0000   0.5073
  -0.500   0.8728   0.00806   0.00211  -0.2103  0.0843  0.0158  -1.1010   0.0000   0.4899
   0.000   0.9302   0.00817   0.00221  -0.2106  0.0835  0.0160  -1.1534   0.0000   0.4746
   0.500   0.9874   0.00828   0.00232  -0.2109  0.0829  0.0163  -1.2066   0.0000   0.4610
   1.000   1.0446   0.00839   0.00242  -0.2111  0.0835  0.0172  -1.2691   0.0000   0.4488
   1.500   1.1012   0.00852   0.00256  -0.2113  0.0830  0.0192  -1.3438   0.0000   0.4379
   2.000   1.1575   0.00868   0.00272  -0.2114  0.0814  0.0258  -1.4194   0.0000   0.4280
   2.500   1.2088   0.00925   0.00313  -0.2106  0.0378  0.0382  -1.5034   0.0000   0.4188
   3.000   1.2639   0.00947   0.00333  -0.2105  0.0366  0.0468  -1.6118   0.0000   0.4105
   3.500   1.3141   0.01010   0.00386  -0.2095  0.0040  0.0655  -1.7225   0.0000   0.4026
   4.500   1.4208   0.01069   0.00443  -0.2088  0.0038  0.0773  -2.0267   0.0000   0.3886
   5.000   1.4734   0.01103   0.00478  -0.2083  0.0030  0.1030  -2.2052   0.0000   0.3823
   5.500   1.5258   0.01136   0.00515  -0.2078  0.0022  0.1449  -2.3877   0.0000   0.3763
   6.000   1.5793   0.01166   0.00557  -0.2077  0.0013  0.2502  -2.5763   0.0000   0.3708
   6.500   1.6308   0.01203   0.00599  -0.2072  0.0013  0.3067  -2.7667   0.0000   0.3655
   7.500   1.7314   0.01285   0.00696  -0.2057  0.0012  0.4416  -3.1568   0.0000   0.3556
   8.000   1.7761   0.01341   0.00745  -0.2038  0.0012  0.3994  -3.3481   0.0000   0.3506
   8.500   1.8231   0.01391   0.00805  -0.2026  0.0012  0.4783  -3.5472   0.0000   0.3461
   9.000   1.8657   0.01451   0.00867  -0.2004  0.0012  0.4983  -3.7702   0.0000   0.3415
   9.500   1.8967   0.01517   0.00936  -0.1959  0.0012  0.5154  -4.0042   0.0000   0.3364
  10.000   1.9298   0.01594   0.01019  -0.1920  0.0011  0.5531  -4.3784   0.0000   0.3317
  10.500   1.9614   0.01683   0.01112  -0.1881  0.0011  0.5724  -4.8755   0.0000   0.3271
  11.000   1.9927   0.01784   0.01221  -0.1843  0.0011  0.6236  -5.3917   0.0000   0.3228
  11.500   2.0212   0.01903   0.01346  -0.1803  0.0011  0.6525  -5.9131   0.0000   0.3185
  12.000   2.0485   0.02042   0.01492  -0.1765  0.0011  0.6897  -6.4457   0.0000   0.3143
  12.500   2.0733   0.02204   0.01660  -0.1725  0.0010  0.7142  -7.0032   0.0000   0.3103
  13.000   2.0954   0.02391   0.01856  -0.1685  0.0010  0.7514  -7.5466   0.0000   0.3065
  13.500   2.1180   0.02607   0.02084  -0.1652  0.0009  0.8174  -8.1101   0.0000   0.3029
  14.000   2.1418   0.02843   0.02346  -0.1625  0.0009  1.0000  -8.6994   0.0000   0.2996
  14.500   2.1583   0.03126   0.02633  -0.1590  0.0009  1.0000  -9.2519   0.0000   0.2963
  15.000   2.1728   0.03443   0.02956  -0.1558  0.0009  1.0000  -9.8024   0.0000   0.2931
  15.500   2.1847   0.03800   0.03320  -0.1527  0.0008  1.0000  -10.3465   0.0000   0.2900
  16.000   2.1929   0.04199   0.03726  -0.1498  0.0008  1.0000  -10.8747   0.0000   0.2871
  16.500   2.1990   0.04654   0.04188  -0.1472  0.0008  1.0000  -11.3953   0.0000   0.2845
  17.000   2.2052   0.05133   0.04675  -0.1450  0.0008  1.0000  -11.9274   0.0000   0.2820
  17.500   2.2127   0.05612   0.05160  -0.1432  0.0008  1.0000  -12.4822   0.0000   0.2796
  18.000   2.2123   0.06208   0.05765  -0.1417  0.0007  1.0000  -12.9737   0.0000   0.2775
  18.500   2.2087   0.06862   0.06428  -0.1405  0.0007  1.0000  -13.4443   0.0000   0.2756
  19.000   2.2020   0.07569   0.07147  -0.1399  0.0007  1.0000  -13.8878   0.0000   0.2741
  19.500   2.1952   0.08255   0.07842  -0.1394  0.0007  1.0000  -14.3353   0.0000   0.2726
  20.000   2.1901   0.08940   0.08536  -0.1394  0.0007  1.0000  -14.8012   0.0000   0.2712


