XFLR5 v6.02 Beta

 Calculated polar for: WORTMANN FX 63-137

 1 1 Reynolds number fixed          Mach number fixed         

 xtrf =   1.000 (top)        1.000 (bottom)
 Mach =   0.000     Re =    64.000 e 6     Ncrit =   9.000

  alpha     CL        CD       CDp       CM    Top Xtr Bot Xtr   Cpmin    Chinge    XCp    
 ------- -------- --------- --------- -------- ------- ------- -------- --------- ---------
 -22.000  -1.2750   0.04704   0.04376  -0.1580  0.4121  0.0014  -28.4383   0.0000   0.0903
 -21.500  -1.2891   0.03961   0.03625  -0.1637  0.4138  0.0014  -28.3197   0.0000   0.0890
 -21.000  -1.3024   0.03268   0.02924  -0.1691  0.4107  0.0014  -28.1571   0.0000   0.0879
 -20.500  -1.2985   0.02800   0.02449  -0.1724  0.4071  0.0014  -27.6708   0.0000   0.0864
 -20.000  -1.2907   0.02368   0.02012  -0.1755  0.4033  0.0014  -27.1145   0.0000   0.0846
 -19.500  -1.2736   0.02051   0.01690  -0.1771  0.4020  0.0015  -26.3951   0.0000   0.0828
 -19.000  -1.2494   0.01775   0.01409  -0.1795  0.4014  0.0015  -25.5851   0.0000   0.0793
 -18.000  -1.1490   0.01401   0.01017  -0.1887  0.3380  0.0016  -23.3256   0.0000   0.0603
 -17.500  -1.0968   0.01314   0.00923  -0.1901  0.3083  0.0017  -22.1660   0.0000   0.0518
 -17.000  -1.0426   0.01238   0.00843  -0.1914  0.3009  0.0018  -21.0068   0.0000   0.0421
 -16.500  -0.9873   0.01171   0.00772  -0.1925  0.2938  0.0019  -19.8592   0.0000   0.0311
 -16.000  -0.9310   0.01110   0.00708  -0.1936  0.2869  0.0020  -18.7278   0.0000   0.0185
 -15.500  -0.8740   0.01054   0.00649  -0.1947  0.2824  0.0021  -17.6166   0.0000   0.0039
 -14.500  -0.7596   0.00963   0.00545  -0.1965  0.2238  0.0023  -15.4792   0.0000  -0.0318
 -14.000  -0.7011   0.00919   0.00499  -0.1975  0.2216  0.0025  -14.4429   0.0000  -0.0549
 -13.000  -0.5837   0.00848   0.00419  -0.1993  0.1922  0.0028  -12.6250   0.0000  -0.1154
 -12.000  -0.4651   0.00784   0.00349  -0.2012  0.1690  0.0032  -10.9049   0.0000  -0.2084
 -11.000  -0.3458   0.00731   0.00289  -0.2030  0.1455  0.0038  -9.2828   0.0000  -0.3670
 -10.500  -0.2861   0.00712   0.00266  -0.2038  0.1405  0.0039  -8.5128   0.0000  -0.4959
 -10.000  -0.2264   0.00695   0.00247  -0.2046  0.1353  0.0040  -7.7720   0.0000  -0.6933
  -9.500  -0.1665   0.00680   0.00229  -0.2054  0.1302  0.0041  -7.0606   0.0000  -1.0330
  -9.000  -0.1067   0.00666   0.00214  -0.2061  0.1239  0.0041  -6.3790   0.0000  -1.7540
  -8.500  -0.0468   0.00654   0.00200  -0.2069  0.1236  0.0041  -5.7250   0.0000  -4.3193
  -8.000   0.0130   0.00644   0.00188  -0.2076  0.1234  0.0042  -5.1006   0.0000  16.7314
  -7.500   0.0728   0.00634   0.00177  -0.2083  0.1230  0.0042  -4.5060   0.0000   3.1960
  -7.000   0.1326   0.00627   0.00168  -0.2090  0.1228  0.0043  -4.0429   0.0000   1.8696
  -6.500   0.1918   0.00624   0.00161  -0.2096  0.1032  0.0043  -3.6529   0.0000   1.3704
  -6.000   0.2512   0.00621   0.00155  -0.2102  0.1001  0.0043  -3.2768   0.0000   1.1060
  -5.500   0.3106   0.00618   0.00150  -0.2108  0.0973  0.0044  -2.9160   0.0000   0.9429
  -5.000   0.3700   0.00617   0.00147  -0.2114  0.0948  0.0044  -2.5704   0.0000   0.8322
  -4.500   0.4292   0.00616   0.00145  -0.2120  0.0894  0.0044  -2.2401   0.0000   0.7521
  -4.000   0.4884   0.00616   0.00143  -0.2126  0.0843  0.0045  -1.9256   0.0000   0.6915
  -3.500   0.5475   0.00617   0.00143  -0.2131  0.0842  0.0045  -1.6270   0.0000   0.6440
  -3.000   0.6064   0.00619   0.00144  -0.2136  0.0841  0.0046  -1.3441   0.0000   0.6057
  -2.500   0.6652   0.00622   0.00146  -0.2141  0.0839  0.0046  -1.0766   0.0000   0.5743
  -2.000   0.7223   0.00639   0.00155  -0.2143  0.0500  0.0049  -0.9620   0.0000   0.5480
  -1.500   0.7804   0.00647   0.00161  -0.2147  0.0463  0.0057  -1.0124   0.0000   0.5255
  -1.000   0.8384   0.00655   0.00167  -0.2150  0.0438  0.0067  -1.0647   0.0000   0.5061
  -0.500   0.8963   0.00664   0.00175  -0.2154  0.0415  0.0074  -1.1173   0.0000   0.4892
   0.000   0.9540   0.00673   0.00183  -0.2157  0.0393  0.0080  -1.1702   0.0000   0.4742
   0.500   1.0116   0.00684   0.00192  -0.2160  0.0382  0.0099  -1.2252   0.0000   0.4610
   1.000   1.0691   0.00694   0.00202  -0.2163  0.0403  0.0170  -1.2903   0.0000   0.4491
   1.500   1.1261   0.00706   0.00213  -0.2166  0.0394  0.0171  -1.3660   0.0000   0.4383
   2.000   1.1827   0.00721   0.00226  -0.2167  0.0373  0.0209  -1.4423   0.0000   0.4285
   2.500   1.2358   0.00765   0.00261  -0.2162  0.0015  0.0371  -1.5309   0.0000   0.4195
   3.500   1.3467   0.00806   0.00298  -0.2161  0.0013  0.0392  -1.7647   0.0000   0.4036
   4.000   1.4017   0.00829   0.00319  -0.2160  0.0013  0.0420  -1.9109   0.0000   0.3965
   4.500   1.4562   0.00853   0.00342  -0.2159  0.0013  0.0478  -2.0897   0.0000   0.3899
   5.500   1.5641   0.00905   0.00392  -0.2154  0.0013  0.0737  -2.4601   0.0000   0.3778
   6.000   1.6176   0.00932   0.00421  -0.2151  0.0012  0.1077  -2.6517   0.0000   0.3722
   6.500   1.6702   0.00963   0.00450  -0.2147  0.0012  0.1196  -2.8467   0.0000   0.3669
   7.500   1.7736   0.01030   0.00516  -0.2135  0.0012  0.1467  -3.2472   0.0000   0.3570
   8.000   1.8239   0.01067   0.00552  -0.2127  0.0012  0.1464  -3.4517   0.0000   0.3524
   8.500   1.8735   0.01106   0.00590  -0.2118  0.0012  0.1632  -3.6590   0.0000   0.3479
   9.000   1.9229   0.01145   0.00633  -0.2109  0.0012  0.2188  -3.9360   0.0000   0.3436
   9.500   1.9708   0.01189   0.00678  -0.2097  0.0012  0.2492  -4.3147   0.0000   0.3394
  10.000   2.0179   0.01234   0.00728  -0.2084  0.0012  0.3089  -4.8988   0.0000   0.3353
  11.000   2.1049   0.01341   0.00838  -0.2046  0.0011  0.3692  -6.1182   0.0000   0.3272
  11.500   2.1312   0.01405   0.00903  -0.1991  0.0011  0.3697  -6.6610   0.0000   0.3224
  12.000   2.1600   0.01480   0.00979  -0.1944  0.0010  0.3698  -7.2408   0.0000   0.3180
  12.500   2.1895   0.01567   0.01067  -0.1901  0.0010  0.3719  -7.8464   0.0000   0.3138
  13.000   2.2185   0.01666   0.01172  -0.1860  0.0010  0.4341  -8.4690   0.0000   0.3097
  13.500   2.2455   0.01784   0.01295  -0.1818  0.0009  0.4678  -9.0995   0.0000   0.3057
  14.500   2.2494   0.02344   0.01876  -0.1673  0.0013  0.4978  -9.9701   0.0000   0.2969
  15.000   2.2687   0.02565   0.02106  -0.1634  0.0018  0.5286  -10.5806   0.0000   0.2934
  16.000   2.2991   0.03120   0.02672  -0.1560  0.0027  0.5813  -11.8147   0.0000   0.2868
  16.500   2.3102   0.03468   0.03029  -0.1527  0.0031  0.6249  -12.4008   0.0000   0.2838
  17.000   2.3162   0.03861   0.03430  -0.1493  0.0034  0.6393  -12.9527   0.0000   0.2808
  17.500   2.3190   0.04316   0.03893  -0.1462  0.0040  0.6598  -13.4850   0.0000   0.2781
  18.000   2.3210   0.04824   0.04411  -0.1438  0.0042  0.6904  -14.0194   0.0000   0.2756
  18.500   2.3208   0.05388   0.04984  -0.1418  0.0044  0.7189  -14.5414   0.0000   0.2733
  19.000   2.3173   0.06020   0.05627  -0.1402  0.0046  0.7573  -15.0396   0.0000   0.2712


