XFLR5 v6.02 Beta

 Calculated polar for: WORTMANN FX 63-137

 1 1 Reynolds number fixed          Mach number fixed         

 xtrf =   1.000 (top)        1.000 (bottom)
 Mach =   0.000     Re =    37.750 e 6     Ncrit =   9.000

  alpha     CL        CD       CDp       CM    Top Xtr Bot Xtr   Cpmin    Chinge    XCp    
 ------- -------- --------- --------- -------- ------- ------- -------- --------- ---------
 -21.000  -1.2035   0.04438   0.04112  -0.1581  0.5310  0.0019  -26.3356   0.0000   0.0848
 -20.500  -1.2236   0.03623   0.03281  -0.1647  0.4996  0.0019  -26.3306   0.0000   0.0834
 -20.000  -1.2313   0.03003   0.02651  -0.1695  0.4892  0.0020  -26.0747   0.0000   0.0820
 -19.500  -1.2223   0.02582   0.02223  -0.1724  0.4834  0.0020  -25.5210   0.0000   0.0800
 -19.000  -1.2099   0.02194   0.01829  -0.1751  0.4771  0.0021  -24.9102   0.0000   0.0777
 -18.500  -1.1910   0.01895   0.01524  -0.1769  0.4703  0.0021  -24.1946   0.0000   0.0751
 -18.000  -1.1475   0.01639   0.01262  -0.1820  0.4662  0.0022  -23.1843   0.0000   0.0658
 -17.500  -1.0952   0.01458   0.01064  -0.1871  0.4008  0.0023  -22.0724   0.0000   0.0543
 -17.000  -1.0438   0.01361   0.00956  -0.1887  0.3624  0.0024  -20.9579   0.0000   0.0449
 -16.500  -0.9897   0.01274   0.00864  -0.1902  0.3529  0.0026  -19.8327   0.0000   0.0340
 -16.000  -0.9341   0.01197   0.00783  -0.1915  0.3434  0.0027  -18.7162   0.0000   0.0215
 -15.500  -0.8776   0.01127   0.00709  -0.1928  0.3390  0.0029  -17.6150   0.0000   0.0071
 -15.000  -0.8202   0.01066   0.00645  -0.1940  0.3381  0.0030  -16.5331   0.0000  -0.0096
 -14.500  -0.7640   0.01020   0.00588  -0.1948  0.2870  0.0032  -15.4913   0.0000  -0.0280
 -13.500  -0.6482   0.00938   0.00491  -0.1967  0.2372  0.0035  -13.5349   0.0000  -0.0767
 -13.000  -0.5893   0.00900   0.00450  -0.1977  0.2283  0.0036  -12.6319   0.0000  -0.1092
 -12.500  -0.5301   0.00866   0.00413  -0.1986  0.2215  0.0037  -11.7539   0.0000  -0.1492
 -12.000  -0.4717   0.00843   0.00380  -0.1993  0.1756  0.0038  -10.9111   0.0000  -0.1981
 -11.500  -0.4122   0.00816   0.00350  -0.2002  0.1763  0.0039  -10.0829   0.0000  -0.2629
 -11.000  -0.3525   0.00791   0.00323  -0.2011  0.1704  0.0039  -9.2863   0.0000  -0.3498
 -10.500  -0.2928   0.00769   0.00299  -0.2020  0.1698  0.0040  -8.5177   0.0000  -0.4727
 -10.000  -0.2329   0.00749   0.00276  -0.2028  0.1691  0.0040  -7.7779   0.0000  -0.6590
  -9.000  -0.1140   0.00721   0.00238  -0.2043  0.1382  0.0041  -6.3943   0.0000  -1.6097
  -8.500  -0.0542   0.00708   0.00222  -0.2050  0.1328  0.0041  -5.7417   0.0000  -3.6666
  -8.000   0.0057   0.00696   0.00209  -0.2058  0.1278  0.0042  -5.1183   0.0000  37.7472
  -7.500   0.0655   0.00685   0.00196  -0.2066  0.1241  0.0042  -4.5244   0.0000   3.4976
  -7.000   0.1253   0.00676   0.00185  -0.2073  0.1238  0.0043  -4.0508   0.0000   1.9498
  -6.500   0.1850   0.00669   0.00176  -0.2080  0.1236  0.0043  -3.6598   0.0000   1.4024
  -6.000   0.2447   0.00663   0.00169  -0.2087  0.1232  0.0043  -3.2841   0.0000   1.1224
  -5.500   0.3043   0.00658   0.00163  -0.2093  0.1227  0.0044  -2.9237   0.0000   0.9524
  -4.500   0.4222   0.00660   0.00157  -0.2104  0.1009  0.0045  -2.2511   0.0000   0.7566
  -4.000   0.4811   0.00663   0.00156  -0.2109  0.0948  0.0045  -1.9384   0.0000   0.6948
  -3.500   0.5400   0.00664   0.00156  -0.2114  0.0878  0.0046  -1.6403   0.0000   0.6463
  -3.000   0.5989   0.00666   0.00157  -0.2120  0.0851  0.0052  -1.3577   0.0000   0.6074
  -2.500   0.6576   0.00670   0.00159  -0.2125  0.0842  0.0049  -1.0898   0.0000   0.5754
  -2.000   0.7162   0.00674   0.00162  -0.2129  0.0840  0.0060  -0.9584   0.0000   0.5487
  -1.500   0.7745   0.00680   0.00167  -0.2134  0.0825  0.0074  -1.0087   0.0000   0.5260
  -1.000   0.8311   0.00700   0.00179  -0.2135  0.0565  0.0085  -1.0598   0.0000   0.5065
  -0.500   0.8889   0.00710   0.00187  -0.2138  0.0509  0.0094  -1.1122   0.0000   0.4894
   0.000   0.9465   0.00720   0.00196  -0.2141  0.0480  0.0150  -1.1648   0.0000   0.4744
   0.500   1.0036   0.00733   0.00207  -0.2143  0.0452  0.0158  -1.2190   0.0000   0.4610
   1.000   1.0610   0.00743   0.00217  -0.2146  0.0477  0.0170  -1.2834   0.0000   0.4490
   1.500   1.1177   0.00758   0.00230  -0.2148  0.0462  0.0172  -1.3586   0.0000   0.4382
   2.000   1.1742   0.00773   0.00244  -0.2150  0.0442  0.0199  -1.4346   0.0000   0.4284
   2.500   1.2265   0.00824   0.00284  -0.2142  0.0026  0.0374  -1.5212   0.0000   0.4193
   3.000   1.2819   0.00845   0.00303  -0.2142  0.0019  0.0381  -1.6346   0.0000   0.4110
   3.500   1.3369   0.00868   0.00324  -0.2141  0.0015  0.0431  -1.7519   0.0000   0.4033
   4.000   1.3914   0.00893   0.00347  -0.2139  0.0018  0.0465  -1.8933   0.0000   0.3961
   5.000   1.4994   0.00946   0.00399  -0.2134  0.0013  0.0673  -2.2526   0.0000   0.3832
   5.500   1.5526   0.00975   0.00428  -0.2131  0.0013  0.0831  -2.4383   0.0000   0.3773
   6.500   1.6578   0.01037   0.00493  -0.2122  0.0012  0.1483  -2.8218   0.0000   0.3664
   7.000   1.7091   0.01073   0.00528  -0.2116  0.0012  0.1678  -3.0184   0.0000   0.3614
   7.500   1.7599   0.01110   0.00566  -0.2109  0.0012  0.1949  -3.2183   0.0000   0.3565
   8.500   1.8585   0.01192   0.00651  -0.2089  0.0012  0.2509  -3.6257   0.0000   0.3473
   9.000   1.9068   0.01235   0.00699  -0.2079  0.0012  0.3073  -3.8890   0.0000   0.3430
   9.500   1.9522   0.01286   0.00749  -0.2062  0.0011  0.3140  -4.2085   0.0000   0.3386
  10.500   2.0372   0.01394   0.00869  -0.2020  0.0011  0.4348  -5.3413   0.0000   0.3302
  11.000   2.0655   0.01461   0.00938  -0.1970  0.0011  0.4480  -5.8649   0.0000   0.3255
  11.500   2.0960   0.01540   0.01019  -0.1927  0.0010  0.4645  -6.4261   0.0000   0.3210
  12.500   2.1535   0.01737   0.01223  -0.1842  0.0010  0.5001  -7.5870   0.0000   0.3125
  13.000   2.1802   0.01861   0.01352  -0.1800  0.0010  0.5303  -8.1842   0.0000   0.3085
  13.500   2.2051   0.02005   0.01499  -0.1758  0.0009  0.5537  -8.7881   0.0000   0.3046
  14.000   2.2286   0.02169   0.01671  -0.1718  0.0009  0.5918  -9.3997   0.0000   0.3008
  14.500   2.2497   0.02360   0.01869  -0.1678  0.0009  0.6342  -10.0115   0.0000   0.2972
  15.000   2.2696   0.02581   0.02096  -0.1641  0.0009  0.6704  -10.6312   0.0000   0.2937
  15.500   2.2874   0.02834   0.02356  -0.1605  0.0008  0.6995  -11.2500   0.0000   0.2903
  16.000   2.3033   0.03125   0.02654  -0.1573  0.0007  0.7394  -11.8700   0.0000   0.2872
  17.000   2.2658   0.04421   0.03987  -0.1470  0.0012  0.8157  -12.4733   0.0000   0.2812
  17.500   2.2781   0.04935   0.04531  -0.1464  0.0017  1.0000  -13.0693   0.0000   0.2791
  18.000   2.2803   0.05475   0.05078  -0.1444  0.0022  1.0000  -13.6437   0.0000   0.2768
  18.500   2.2760   0.06114   0.05725  -0.1427  0.0025  1.0000  -14.1211   0.0000   0.2747
  19.000   2.2692   0.06804   0.06423  -0.1415  0.0027  1.0000  -14.5769   0.0000   0.2729
  19.500   2.2583   0.07564   0.07193  -0.1408  0.0029  1.0000  -14.9956   0.0000   0.2714


