XFLR5 v6.02 Beta

 Calculated polar for: WORTMANN FX 63-137

 1 1 Reynolds number fixed          Mach number fixed         

 xtrf =   1.000 (top)        1.000 (bottom)
 Mach =   0.000     Re =    12.250 e 6     Ncrit =   9.000

  alpha     CL        CD       CDp       CM    Top Xtr Bot Xtr   Cpmin    Chinge    XCp    
 ------- -------- --------- --------- -------- ------- ------- -------- --------- ---------
 -19.500  -0.9425   0.06169   0.05899  -0.1390  0.7493  0.0034  -20.3104   0.0000   0.0685
 -19.000  -1.0217   0.04374   0.04079  -0.1539  0.7520  0.0034  -21.5054   0.0000   0.0684
 -18.500  -1.0369   0.03547   0.03233  -0.1613  0.7353  0.0034  -21.4702   0.0000   0.0653
 -18.000  -1.0365   0.02949   0.02622  -0.1666  0.7201  0.0034  -21.1419   0.0000   0.0617
 -17.500  -1.0221   0.02532   0.02196  -0.1701  0.7158  0.0035  -20.5748   0.0000   0.0572
 -17.000  -1.0089   0.02175   0.01826  -0.1721  0.6895  0.0035  -20.0017   0.0000   0.0543
 -16.500  -0.9742   0.01892   0.01529  -0.1764  0.6622  0.0036  -19.1749   0.0000   0.0448
 -16.000  -0.9266   0.01665   0.01282  -0.1817  0.6200  0.0036  -18.2069   0.0000   0.0303
 -15.500  -0.8727   0.01515   0.01120  -0.1856  0.5948  0.0037  -17.1675   0.0000   0.0141
 -15.000  -0.8200   0.01419   0.01013  -0.1873  0.5710  0.0037  -16.1460   0.0000  -0.0014
 -14.500  -0.7659   0.01337   0.00919  -0.1888  0.5496  0.0038  -15.1327   0.0000  -0.0193
 -14.000  -0.7100   0.01260   0.00834  -0.1902  0.5325  0.0038  -14.1308   0.0000  -0.0407
 -13.500  -0.6595   0.01225   0.00762  -0.1904  0.4119  0.0039  -13.2146   0.0000  -0.0614
 -13.000  -0.6018   0.01162   0.00693  -0.1917  0.4007  0.0040  -12.2512   0.0000  -0.0917
 -12.500  -0.5444   0.01110   0.00632  -0.1928  0.3802  0.0040  -11.3223   0.0000  -0.1279
 -12.000  -0.4865   0.01063   0.00575  -0.1939  0.3581  0.0041  -10.4203   0.0000  -0.1731
 -11.500  -0.4276   0.01017   0.00523  -0.1950  0.3471  0.0042  -9.5338   0.0000  -0.2321
 -11.000  -0.3680   0.00971   0.00472  -0.1962  0.3386  0.0042  -8.6863   0.0000  -0.3112
 -10.500  -0.3101   0.00943   0.00430  -0.1970  0.2963  0.0043  -7.8936   0.0000  -0.4162
 -10.000  -0.2516   0.00916   0.00391  -0.1979  0.2518  0.0044  -7.1578   0.0000  -0.5722
  -4.000   0.4642   0.00768   0.00183  -0.2071  0.1337  0.0045  -1.9417   0.0000   0.7026
  -3.500   0.5232   0.00768   0.00183  -0.2076  0.1280  0.0054  -1.6627   0.0000   0.6518
  -3.000   0.5821   0.00770   0.00183  -0.2082  0.1230  0.0090  -1.3835   0.0000   0.6112
  -2.500   0.6411   0.00770   0.00184  -0.2088  0.1213  0.0140  -1.1222   0.0000   0.5781
  -2.000   0.6979   0.00789   0.00193  -0.2089  0.0984  0.0140  -0.9468   0.0000   0.5508
  -1.500   0.7558   0.00798   0.00199  -0.2093  0.0950  0.0151  -0.9958   0.0000   0.5274
  -1.000   0.8136   0.00807   0.00206  -0.2097  0.0886  0.0155  -1.0477   0.0000   0.5074
  -0.500   0.8712   0.00816   0.00214  -0.2100  0.0849  0.0158  -1.0999   0.0000   0.4899
   0.500   0.9858   0.00838   0.00235  -0.2105  0.0831  0.0164  -1.2053   0.0000   0.4610
   1.000   1.0429   0.00849   0.00245  -0.2108  0.0837  0.0172  -1.2678   0.0000   0.4488
   1.500   1.0996   0.00863   0.00259  -0.2110  0.0832  0.0195  -1.3423   0.0000   0.4379
   2.000   1.1558   0.00878   0.00275  -0.2111  0.0821  0.0263  -1.4178   0.0000   0.4279
   2.500   1.2070   0.00936   0.00317  -0.2103  0.0380  0.0383  -1.5015   0.0000   0.4188
   3.000   1.2621   0.00958   0.00338  -0.2102  0.0370  0.0482  -1.6093   0.0000   0.4104
   3.500   1.3121   0.01022   0.00391  -0.2091  0.0043  0.0659  -1.7200   0.0000   0.4025
   4.000   1.3682   0.01030   0.00401  -0.2093  0.0170  0.0672  -1.8455   0.0000   0.3954
   4.500   1.4187   0.01082   0.00449  -0.2083  0.0041  0.0798  -2.0234   0.0000   0.3885
   5.000   1.4712   0.01116   0.00484  -0.2079  0.0032  0.1038  -2.2010   0.0000   0.3822
   5.500   1.5235   0.01150   0.00522  -0.2074  0.0024  0.1462  -2.3834   0.0000   0.3762
   6.000   1.5772   0.01180   0.00565  -0.2073  0.0014  0.2676  -2.5720   0.0000   0.3707
   6.500   1.6283   0.01218   0.00608  -0.2067  0.0013  0.3173  -2.7617   0.0000   0.3654
   7.000   1.6787   0.01258   0.00655  -0.2060  0.0013  0.3697  -2.9546   0.0000   0.3603
   7.500   1.7290   0.01300   0.00708  -0.2053  0.0012  0.4613  -3.1517   0.0000   0.3555
   8.000   1.7739   0.01356   0.00758  -0.2035  0.0012  0.4319  -3.3430   0.0000   0.3506
   8.500   1.8200   0.01408   0.00819  -0.2020  0.0012  0.4959  -3.5404   0.0000   0.3460
   9.000   1.8592   0.01470   0.00881  -0.1991  0.0012  0.5006  -3.7523   0.0000   0.3412
   9.500   1.8916   0.01538   0.00954  -0.1950  0.0012  0.5285  -3.9893   0.0000   0.3362
  10.000   1.9245   0.01617   0.01038  -0.1911  0.0011  0.5623  -4.3465   0.0000   0.3315
  10.500   1.9565   0.01708   0.01135  -0.1873  0.0011  0.5912  -4.8440   0.0000   0.3270
  11.000   1.9866   0.01814   0.01247  -0.1833  0.0011  0.6294  -5.3515   0.0000   0.3225
  11.500   2.0149   0.01938   0.01378  -0.1794  0.0011  0.6676  -5.8687   0.0000   0.3183
  12.000   2.0413   0.02083   0.01530  -0.1754  0.0011  0.6981  -6.3927   0.0000   0.3141
  12.500   2.0664   0.02248   0.01702  -0.1716  0.0010  0.7261  -6.9497   0.0000   0.3102
  13.000   2.0891   0.02439   0.01902  -0.1678  0.0010  0.7743  -7.4978   0.0000   0.3064
  13.500   2.1125   0.02659   0.02136  -0.1647  0.0009  0.8520  -8.0645   0.0000   0.3029
  14.000   2.1342   0.02901   0.02401  -0.1617  0.0009  1.0000  -8.6370   0.0000   0.2995
  14.500   2.1505   0.03189   0.02693  -0.1583  0.0009  1.0000  -9.1860   0.0000   0.2962
  15.000   2.1647   0.03512   0.03022  -0.1551  0.0009  1.0000  -9.7335   0.0000   0.2930
  15.500   2.1763   0.03876   0.03393  -0.1521  0.0008  1.0000  -10.2710   0.0000   0.2900
  16.000   2.1839   0.04284   0.03808  -0.1491  0.0008  1.0000  -10.7919   0.0000   0.2871
  16.500   2.1898   0.04747   0.04278  -0.1466  0.0008  1.0000  -11.3089   0.0000   0.2845
  17.000   2.1941   0.05255   0.04795  -0.1445  0.0008  1.0000  -11.8218   0.0000   0.2820
  17.500   2.1957   0.05817   0.05365  -0.1427  0.0008  1.0000  -12.3194   0.0000   0.2798
  18.000   2.2025   0.06319   0.05874  -0.1413  0.0007  1.0000  -12.8738   0.0000   0.2776
  18.500   2.1987   0.06979   0.06544  -0.1403  0.0007  1.0000  -13.3397   0.0000   0.2758
  19.000   2.1918   0.07692   0.07268  -0.1397  0.0007  1.0000  -13.7786   0.0000   0.2743
  19.500   2.1808   0.08441   0.08028  -0.1394  0.0007  1.0000  -14.1813   0.0000   0.2730
  20.000   2.1677   0.09263   0.08862  -0.1398  0.0007  1.0000  -14.5602   0.0000   0.2720


