XFLR5 v6.02 Beta

 Calculated polar for: WORTMANN FX 63-137

 1 1 Reynolds number fixed          Mach number fixed         

 xtrf =   1.000 (top)        1.000 (bottom)
 Mach =   0.000     Re =    61.000 e 6     Ncrit =   9.000

  alpha     CL        CD       CDp       CM    Top Xtr Bot Xtr   Cpmin    Chinge    XCp    
 ------- -------- --------- --------- -------- ------- ------- -------- --------- ---------
 -22.500  -1.1979   0.06311   0.06000  -0.1450  0.4258  0.0014  -27.2847   0.0000   0.0905
 -22.000  -1.2528   0.04983   0.04658  -0.1555  0.4267  0.0014  -28.0139   0.0000   0.0898
 -21.500  -1.2816   0.04050   0.03714  -0.1629  0.4220  0.0014  -28.1794   0.0000   0.0888
 -21.000  -1.2968   0.03330   0.02984  -0.1686  0.4175  0.0014  -28.0544   0.0000   0.0877
 -20.500  -1.2932   0.02858   0.02507  -0.1719  0.4140  0.0014  -27.5750   0.0000   0.0862
 -20.000  -1.2866   0.02412   0.02055  -0.1751  0.4099  0.0015  -27.0422   0.0000   0.0844
 -19.500  -1.2686   0.02099   0.01737  -0.1768  0.4050  0.0015  -26.3123   0.0000   0.0824
 -19.000  -1.2476   0.01815   0.01449  -0.1787  0.4021  0.0015  -25.5447   0.0000   0.0797
 -18.500  -1.2019   0.01574   0.01203  -0.1840  0.4014  0.0016  -24.4760   0.0000   0.0707
 -18.000  -1.1489   0.01417   0.01032  -0.1884  0.3388  0.0017  -23.3167   0.0000   0.0606
 -17.500  -1.0961   0.01324   0.00936  -0.1900  0.3378  0.0017  -22.1512   0.0000   0.0518
 -17.000  -1.0427   0.01250   0.00853  -0.1911  0.3053  0.0018  -21.0019   0.0000   0.0423
 -16.500  -0.9876   0.01181   0.00781  -0.1923  0.2981  0.0019  -19.8571   0.0000   0.0314
 -16.000  -0.9314   0.01119   0.00715  -0.1934  0.2911  0.0020  -18.7276   0.0000   0.0188
 -15.500  -0.8744   0.01062   0.00655  -0.1945  0.2867  0.0022  -17.6176   0.0000   0.0043
 -15.000  -0.8169   0.01010   0.00600  -0.1956  0.2776  0.0023  -16.5311   0.0000  -0.0125
 -14.500  -0.7601   0.00969   0.00550  -0.1964  0.2275  0.0024  -15.4816   0.0000  -0.0314
 -14.000  -0.7016   0.00925   0.00503  -0.1974  0.2219  0.0026  -14.4458   0.0000  -0.0545
 -13.500  -0.6428   0.00886   0.00461  -0.1983  0.2209  0.0027  -13.5208   0.0000  -0.0820
 -13.000  -0.5842   0.00852   0.00421  -0.1992  0.1946  0.0028  -12.6274   0.0000  -0.1149
 -12.000  -0.4656   0.00788   0.00351  -0.2011  0.1691  0.0033  -10.9074   0.0000  -0.2076
 -11.000  -0.3463   0.00736   0.00292  -0.2028  0.1514  0.0039  -9.2832   0.0000  -0.3656
 -10.500  -0.2867   0.00717   0.00269  -0.2036  0.1422  0.0040  -8.5138   0.0000  -0.4939
 -10.000  -0.2270   0.00700   0.00249  -0.2044  0.1369  0.0040  -7.7735   0.0000  -0.6900
  -9.500  -0.1672   0.00685   0.00232  -0.2052  0.1317  0.0041  -7.0624   0.0000  -1.0272
  -9.000  -0.1073   0.00671   0.00216  -0.2060  0.1240  0.0041  -6.3809   0.0000  -1.7407
  -8.500  -0.0475   0.00659   0.00202  -0.2067  0.1237  0.0041  -5.7270   0.0000  -4.2548
  -8.000   0.0124   0.00648   0.00190  -0.2075  0.1234  0.0042  -5.1026   0.0000  17.5642
  -7.500   0.0722   0.00639   0.00179  -0.2082  0.1231  0.0042  -4.5079   0.0000   3.2196
  -7.000   0.1320   0.00631   0.00169  -0.2089  0.1228  0.0043  -4.0438   0.0000   1.8762
  -5.500   0.3100   0.00622   0.00152  -0.2107  0.0981  0.0044  -2.9170   0.0000   0.9438
  -5.000   0.3693   0.00621   0.00148  -0.2113  0.0955  0.0044  -2.5714   0.0000   0.8328
  -4.500   0.4286   0.00620   0.00146  -0.2119  0.0908  0.0045  -2.2412   0.0000   0.7525
  -4.000   0.4878   0.00620   0.00145  -0.2124  0.0843  0.0045  -1.9268   0.0000   0.6918
  -3.500   0.5468   0.00621   0.00145  -0.2130  0.0842  0.0045  -1.6282   0.0000   0.6442
  -3.000   0.6058   0.00623   0.00146  -0.2135  0.0841  0.0046  -1.3453   0.0000   0.6059
  -2.500   0.6645   0.00626   0.00147  -0.2140  0.0839  0.0046  -1.0778   0.0000   0.5744
  -2.000   0.7217   0.00643   0.00156  -0.2142  0.0516  0.0050  -0.9617   0.0000   0.5481
  -1.500   0.7798   0.00651   0.00162  -0.2145  0.0472  0.0059  -1.0120   0.0000   0.5256
  -1.000   0.8378   0.00659   0.00168  -0.2149  0.0446  0.0069  -1.0643   0.0000   0.5062
  -0.500   0.8956   0.00668   0.00176  -0.2152  0.0422  0.0076  -1.1169   0.0000   0.4892
   0.000   0.9533   0.00678   0.00184  -0.2156  0.0400  0.0081  -1.1697   0.0000   0.4743
   1.000   1.0683   0.00698   0.00203  -0.2162  0.0409  0.0170  -1.2897   0.0000   0.4491
   1.500   1.1253   0.00711   0.00214  -0.2164  0.0400  0.0171  -1.3654   0.0000   0.4383
   2.500   1.2350   0.00770   0.00263  -0.2160  0.0016  0.0372  -1.5301   0.0000   0.4195
   3.500   1.3459   0.00812   0.00301  -0.2159  0.0013  0.0395  -1.7636   0.0000   0.4036
   4.000   1.4008   0.00834   0.00322  -0.2158  0.0013  0.0424  -1.9094   0.0000   0.3965
   4.500   1.4553   0.00858   0.00344  -0.2157  0.0013  0.0483  -2.0880   0.0000   0.3898
   6.000   1.6165   0.00939   0.00424  -0.2149  0.0012  0.1092  -2.6497   0.0000   0.3722
   6.500   1.6691   0.00969   0.00454  -0.2144  0.0012  0.1213  -2.8445   0.0000   0.3669
   7.000   1.7213   0.01001   0.00487  -0.2140  0.0012  0.1459  -3.0432   0.0000   0.3618
   7.500   1.7723   0.01037   0.00520  -0.2133  0.0012  0.1488  -3.2446   0.0000   0.3570
   8.000   1.8226   0.01074   0.00556  -0.2124  0.0012  0.1467  -3.4489   0.0000   0.3523
   8.500   1.8722   0.01113   0.00595  -0.2115  0.0012  0.1678  -3.6561   0.0000   0.3478
   9.000   1.9215   0.01153   0.00639  -0.2106  0.0012  0.2235  -3.9319   0.0000   0.3435
   9.500   1.9691   0.01198   0.00684  -0.2094  0.0012  0.2497  -4.3053   0.0000   0.3393
  10.000   2.0161   0.01243   0.00735  -0.2081  0.0011  0.3200  -4.8883   0.0000   0.3352
  11.000   2.1025   0.01351   0.00846  -0.2041  0.0011  0.3696  -6.1026   0.0000   0.3271
  11.500   2.1277   0.01416   0.00912  -0.1985  0.0011  0.3707  -6.6377   0.0000   0.3223
  12.000   2.1568   0.01493   0.00990  -0.1938  0.0010  0.3712  -7.2185   0.0000   0.3179
  12.500   2.1865   0.01581   0.01079  -0.1896  0.0010  0.3809  -7.8244   0.0000   0.3137
  13.000   2.2153   0.01681   0.01186  -0.1855  0.0010  0.4449  -8.4455   0.0000   0.3096
  13.500   2.2420   0.01801   0.01310  -0.1813  0.0009  0.4785  -9.0718   0.0000   0.3056
  15.000   2.2650   0.02592   0.02132  -0.1630  0.0016  0.5328  -10.5418   0.0000   0.2934
  15.500   2.2820   0.02850   0.02395  -0.1594  0.0021  0.5649  -11.1874   0.0000   0.2900
  16.000   2.2962   0.03149   0.02701  -0.1558  0.0025  0.5956  -11.7900   0.0000   0.2868
  16.500   2.3068   0.03499   0.03059  -0.1525  0.0029  0.6289  -12.3712   0.0000   0.2838
  17.000   2.3129   0.03894   0.03462  -0.1491  0.0032  0.6531  -12.9247   0.0000   0.2808
  17.500   2.3158   0.04356   0.03934  -0.1461  0.0038  0.6841  -13.4563   0.0000   0.2781
  18.000   2.3170   0.04871   0.04456  -0.1436  0.0041  0.7040  -13.9824   0.0000   0.2756
  18.500   2.3171   0.05445   0.05041  -0.1418  0.0043  0.7465  -14.5066   0.0000   0.2734
  19.000   2.3135   0.06081   0.05689  -0.1403  0.0045  0.7791  -15.0021   0.0000   0.2714


