XFLR5 v6.02 Beta

 Calculated polar for: WORTMANN FX 63-137

 1 1 Reynolds number fixed          Mach number fixed         

 xtrf =   1.000 (top)        1.000 (bottom)
 Mach =   0.000     Re =    47.750 e 6     Ncrit =   9.000

  alpha     CL        CD       CDp       CM    Top Xtr Bot Xtr   Cpmin    Chinge    XCp    
 ------- -------- --------- --------- -------- ------- ------- -------- --------- ---------
 -21.500  -1.2332   0.04651   0.04324  -0.1573  0.4713  0.0016  -27.2611   0.0000   0.0876
 -21.000  -1.2485   0.03878   0.03541  -0.1634  0.4660  0.0016  -27.1761   0.0000   0.0860
 -20.500  -1.2583   0.03225   0.02880  -0.1685  0.4659  0.0016  -26.9584   0.0000   0.0847
 -20.000  -1.2561   0.02726   0.02374  -0.1722  0.4657  0.0017  -26.5144   0.0000   0.0830
 -19.000  -1.2346   0.02006   0.01641  -0.1758  0.4367  0.0018  -25.2982   0.0000   0.0804
 -18.500  -1.1988   0.01740   0.01367  -0.1798  0.4296  0.0018  -24.3625   0.0000   0.0737
 -18.000  -1.1475   0.01509   0.01126  -0.1861  0.4017  0.0019  -23.2520   0.0000   0.0623
 -17.500  -1.0966   0.01398   0.01002  -0.1884  0.3405  0.0020  -22.1231   0.0000   0.0534
 -17.000  -1.0430   0.01307   0.00907  -0.1899  0.3384  0.0021  -20.9761   0.0000   0.0435
 -16.500  -0.9880   0.01228   0.00825  -0.1913  0.3378  0.0022  -19.8375   0.0000   0.0325
 -16.000  -0.9321   0.01158   0.00752  -0.1926  0.3376  0.0023  -18.7134   0.0000   0.0199
 -15.500  -0.8761   0.01098   0.00686  -0.1936  0.3110  0.0025  -17.6175   0.0000   0.0058
 -15.000  -0.8190   0.01042   0.00624  -0.1947  0.3025  0.0026  -16.5368   0.0000  -0.0108
 -14.500  -0.7624   0.00997   0.00569  -0.1955  0.2462  0.0028  -15.4910   0.0000  -0.0295
 -14.000  -0.7042   0.00952   0.00519  -0.1965  0.2361  0.0030  -14.4592   0.0000  -0.0521
 -13.500  -0.6455   0.00911   0.00475  -0.1975  0.2219  0.0031  -13.5347   0.0000  -0.0793
 -13.000  -0.5864   0.00872   0.00433  -0.1985  0.2212  0.0033  -12.6347   0.0000  -0.1124
 -12.500  -0.5280   0.00842   0.00395  -0.1993  0.1828  0.0035  -11.7657   0.0000  -0.1521
 -12.000  -0.4685   0.00812   0.00361  -0.2003  0.1697  0.0037  -10.9125   0.0000  -0.2031
 -11.500  -0.4089   0.00784   0.00331  -0.2012  0.1698  0.0039  -10.0827   0.0000  -0.2693
 -11.000  -0.3492   0.00761   0.00306  -0.2020  0.1694  0.0039  -9.2850   0.0000  -0.3583
 -10.500  -0.2894   0.00740   0.00283  -0.2029  0.1689  0.0040  -8.5156   0.0000  -0.4843
 -10.000  -0.2301   0.00725   0.00262  -0.2036  0.1455  0.0040  -7.7789   0.0000  -0.6738
  -9.500  -0.1704   0.00710   0.00244  -0.2044  0.1398  0.0041  -7.0695   0.0000  -0.9979
  -9.000  -0.1107   0.00696   0.00227  -0.2051  0.1298  0.0041  -6.3895   0.0000  -1.6729
  -8.500  -0.0508   0.00683   0.00212  -0.2059  0.1247  0.0041  -5.7359   0.0000  -3.9419
  -8.000   0.0090   0.00672   0.00199  -0.2066  0.1239  0.0042  -5.1118   0.0000  23.8719
  -7.500   0.0689   0.00662   0.00187  -0.2074  0.1236  0.0042  -4.5173   0.0000   3.3512
  -7.000   0.1286   0.00653   0.00177  -0.2081  0.1234  0.0043  -4.0480   0.0000   1.9118
  -6.500   0.1884   0.00646   0.00169  -0.2088  0.1231  0.0043  -3.6564   0.0000   1.3862
  -6.000   0.2480   0.00641   0.00162  -0.2095  0.1226  0.0043  -3.2801   0.0000   1.1139
  -5.500   0.3069   0.00642   0.00158  -0.2100  0.1025  0.0044  -2.9215   0.0000   0.9484
  -5.000   0.3662   0.00641   0.00154  -0.2105  0.0996  0.0044  -2.5762   0.0000   0.8358
  -4.500   0.4253   0.00641   0.00151  -0.2111  0.0968  0.0045  -2.2465   0.0000   0.7546
  -4.000   0.4844   0.00641   0.00151  -0.2117  0.0874  0.0045  -1.9328   0.0000   0.6933
  -3.500   0.5434   0.00643   0.00151  -0.2122  0.0845  0.0046  -1.6344   0.0000   0.6453
  -3.000   0.6023   0.00645   0.00151  -0.2127  0.0843  0.0048  -1.3516   0.0000   0.6066
  -2.500   0.6611   0.00648   0.00153  -0.2132  0.0840  0.0046  -1.0838   0.0000   0.5749
  -2.000   0.7197   0.00652   0.00157  -0.2137  0.0835  0.0054  -0.9606   0.0000   0.5483
  -1.500   0.7765   0.00671   0.00167  -0.2138  0.0516  0.0066  -1.0098   0.0000   0.5258
  -1.000   0.8345   0.00680   0.00173  -0.2142  0.0491  0.0076  -1.0620   0.0000   0.5063
  -0.500   0.8922   0.00690   0.00182  -0.2145  0.0464  0.0084  -1.1144   0.0000   0.4893
   0.000   0.9496   0.00701   0.00191  -0.2148  0.0438  0.0091  -1.1671   0.0000   0.4743
   0.500   1.0073   0.00711   0.00201  -0.2151  0.0414  0.0156  -1.2218   0.0000   0.4610
   1.000   1.0646   0.00721   0.00211  -0.2154  0.0442  0.0170  -1.2864   0.0000   0.4490
   1.500   1.1215   0.00735   0.00223  -0.2156  0.0430  0.0172  -1.3619   0.0000   0.4382
   2.000   1.1781   0.00749   0.00236  -0.2158  0.0412  0.0192  -1.4382   0.0000   0.4284
   2.500   1.2307   0.00797   0.00273  -0.2151  0.0021  0.0373  -1.5257   0.0000   0.4194
   3.500   1.3414   0.00840   0.00312  -0.2150  0.0013  0.0411  -1.7578   0.0000   0.4034
   4.000   1.3961   0.00863   0.00334  -0.2149  0.0014  0.0444  -1.9014   0.0000   0.3963
   4.500   1.4505   0.00888   0.00358  -0.2147  0.0013  0.0509  -2.0795   0.0000   0.3896
   5.000   1.5045   0.00914   0.00384  -0.2145  0.0013  0.0669  -2.2620   0.0000   0.3834
   5.500   1.5579   0.00943   0.00411  -0.2141  0.0013  0.0786  -2.4483   0.0000   0.3775
   6.000   1.6111   0.00972   0.00442  -0.2138  0.0012  0.1177  -2.6391   0.0000   0.3720
   6.500   1.6637   0.01003   0.00474  -0.2134  0.0012  0.1454  -2.8335   0.0000   0.3667
   7.000   1.7151   0.01037   0.00507  -0.2127  0.0012  0.1515  -3.0307   0.0000   0.3616
   7.500   1.7660   0.01074   0.00543  -0.2120  0.0012  0.1653  -3.2312   0.0000   0.3567
   8.000   1.8157   0.01113   0.00581  -0.2111  0.0012  0.1618  -3.4341   0.0000   0.3520
   8.500   1.8652   0.01153   0.00623  -0.2102  0.0012  0.2032  -3.6406   0.0000   0.3476
   9.000   1.9139   0.01195   0.00668  -0.2092  0.0012  0.2535  -3.9099   0.0000   0.3432
   9.500   1.9606   0.01242   0.00716  -0.2078  0.0012  0.2763  -4.2569   0.0000   0.3390
  10.000   2.0078   0.01288   0.00772  -0.2066  0.0011  0.3763  -4.8373   0.0000   0.3349
  10.500   2.0506   0.01344   0.00827  -0.2045  0.0011  0.3916  -5.4243   0.0000   0.3307
  11.000   2.0815   0.01405   0.00891  -0.2000  0.0011  0.4023  -5.9691   0.0000   0.3261
  11.500   2.1119   0.01476   0.00965  -0.1956  0.0011  0.4328  -6.5318   0.0000   0.3216
  12.500   2.1693   0.01658   0.01150  -0.1867  0.0010  0.4468  -7.7006   0.0000   0.3130
  13.000   2.1979   0.01769   0.01268  -0.1827  0.0010  0.4992  -8.3154   0.0000   0.3090
  13.500   2.2235   0.01899   0.01400  -0.1784  0.0009  0.5038  -8.9291   0.0000   0.3051
  14.000   2.2482   0.02049   0.01554  -0.1744  0.0009  0.5307  -9.5559   0.0000   0.3013
  14.500   2.2688   0.02227   0.01739  -0.1701  0.0009  0.5750  -10.1687   0.0000   0.2975
  15.000   2.2872   0.02445   0.01964  -0.1660  0.0008  0.6200  -10.7824   0.0000   0.2940
  16.000   2.2705   0.03386   0.02936  -0.1539  0.0015  0.6590  -11.5262   0.0000   0.2867
  16.500   2.2768   0.03792   0.03351  -0.1505  0.0019  0.6904  -12.0932   0.0000   0.2837
  17.500   2.2900   0.04661   0.04239  -0.1452  0.0027  0.7561  -13.2249   0.0000   0.2784
  18.000   2.2923   0.05206   0.04796  -0.1433  0.0031  0.8072  -13.7567   0.0000   0.2761
  18.500   2.3074   0.05737   0.05352  -0.1435  0.0035  1.0000  -14.4186   0.0000   0.2743
  19.000   2.3019   0.06396   0.06020  -0.1420  0.0038  1.0000  -14.8935   0.0000   0.2723
  19.500   2.2925   0.07124   0.06756  -0.1410  0.0040  1.0000  -15.3333   0.0000   0.2706


