XFLR5 v6.02 Beta

 Calculated polar for: WORTMANN FX 63-137

 1 1 Reynolds number fixed          Mach number fixed         

 xtrf =   1.000 (top)        1.000 (bottom)
 Mach =   0.000     Re =    14.750 e 6     Ncrit =   9.000

  alpha     CL        CD       CDp       CM    Top Xtr Bot Xtr   Cpmin    Chinge    XCp    
 ------- -------- --------- --------- -------- ------- ------- -------- --------- ---------
 -20.000  -1.0545   0.05267   0.04989  -0.1468  0.7626  0.0032  -22.7403   0.0000   0.0775
 -19.500  -1.0934   0.04071   0.03772  -0.1574  0.7451  0.0033  -23.1612   0.0000   0.0750
 -19.000  -1.0973   0.03417   0.03100  -0.1632  0.7203  0.0033  -22.9059   0.0000   0.0718
 -18.500  -1.0950   0.02862   0.02530  -0.1680  0.6943  0.0033  -22.5262   0.0000   0.0685
 -18.000  -1.0821   0.02454   0.02107  -0.1712  0.6725  0.0034  -21.9571   0.0000   0.0650
 -17.500  -1.0672   0.02115   0.01761  -0.1730  0.6618  0.0034  -21.3394   0.0000   0.0624
 -17.000  -1.0295   0.01832   0.01471  -0.1776  0.6592  0.0034  -20.4555   0.0000   0.0529
 -16.500  -0.9823   0.01613   0.01229  -0.1829  0.5973  0.0035  -19.4678   0.0000   0.0399
 -16.000  -0.9311   0.01488   0.01084  -0.1858  0.5426  0.0035  -18.4228   0.0000   0.0269
 -15.500  -0.8769   0.01393   0.00982  -0.1877  0.5322  0.0036  -17.3533   0.0000   0.0128
 -15.000  -0.8214   0.01310   0.00895  -0.1892  0.5298  0.0037  -16.2939   0.0000  -0.0033
 -14.500  -0.7668   0.01247   0.00820  -0.1903  0.4970  0.0037  -15.2686   0.0000  -0.0209
 -14.000  -0.7108   0.01188   0.00751  -0.1914  0.4782  0.0038  -14.2585   0.0000  -0.0420
 -13.500  -0.6581   0.01156   0.00689  -0.1917  0.3674  0.0038  -13.3151   0.0000  -0.0641
 -13.000  -0.6007   0.01108   0.00633  -0.1927  0.3515  0.0039  -12.3481   0.0000  -0.0940
 -12.500  -0.5423   0.01060   0.00580  -0.1938  0.3389  0.0039  -11.4027   0.0000  -0.1313
 -12.000  -0.4833   0.01015   0.00531  -0.1950  0.3369  0.0040  -10.4860   0.0000  -0.1782
 -11.500  -0.4241   0.00975   0.00486  -0.1961  0.3365  0.0041  -9.6080   0.0000  -0.2386
 -11.000  -0.3660   0.00945   0.00445  -0.1969  0.3018  0.0041  -8.8096   0.0000  -0.3161
 -10.500  -0.3081   0.00922   0.00407  -0.1976  0.2473  0.0042  -8.0463   0.0000  -0.4224
 -10.000  -0.2488   0.00894   0.00371  -0.1986  0.2277  0.0042  -7.3074   0.0000  -0.5838
  -9.500  -0.1887   0.00864   0.00337  -0.1996  0.2213  0.0043  -6.6051   0.0000  -0.8516
  -9.000  -0.1294   0.00844   0.00307  -0.2004  0.1948  0.0043  -5.9754   0.0000  -1.3586
  -4.500   0.4082   0.00749   0.00181  -0.2072  0.1310  0.0045  -2.2454   0.0000   0.7661
  -4.000   0.4675   0.00747   0.00178  -0.2078  0.1252  0.0045  -1.9481   0.0000   0.7010
  -3.000   0.5843   0.00757   0.00182  -0.2087  0.1068  0.0082  -1.3785   0.0000   0.6107
  -2.500   0.6428   0.00763   0.00185  -0.2092  0.0998  0.0094  -1.1184   0.0000   0.5779
  -2.000   0.7008   0.00771   0.00189  -0.2096  0.0940  0.0095  -0.9487   0.0000   0.5505
  -1.500   0.7592   0.00776   0.00193  -0.2101  0.0908  0.0149  -0.9982   0.0000   0.5272
  -1.000   0.8171   0.00784   0.00200  -0.2104  0.0850  0.0154  -1.0502   0.0000   0.5072
  -0.500   0.8748   0.00793   0.00208  -0.2108  0.0840  0.0157  -1.1025   0.0000   0.4898
   0.000   0.9323   0.00804   0.00217  -0.2111  0.0832  0.0159  -1.1549   0.0000   0.4745
   0.500   0.9895   0.00815   0.00228  -0.2113  0.0825  0.0163  -1.2082   0.0000   0.4610
   1.000   1.0468   0.00825   0.00238  -0.2116  0.0834  0.0172  -1.2709   0.0000   0.4489
   1.500   1.1035   0.00839   0.00251  -0.2118  0.0827  0.0188  -1.3459   0.0000   0.4379
   2.000   1.1581   0.00868   0.00275  -0.2116  0.0664  0.0249  -1.4201   0.0000   0.4280
   3.000   1.2621   0.00968   0.00353  -0.2102  0.0044  0.0438  -1.6098   0.0000   0.4104
   4.000   1.3705   0.01021   0.00405  -0.2097  0.0043  0.0665  -1.8576   0.0000   0.3954
   4.500   1.4236   0.01053   0.00436  -0.2093  0.0035  0.0742  -2.0314   0.0000   0.3887
   5.000   1.4764   0.01085   0.00470  -0.2089  0.0027  0.1021  -2.2106   0.0000   0.3824
   5.500   1.5286   0.01119   0.00504  -0.2083  0.0019  0.1241  -2.3929   0.0000   0.3764
   6.500   1.6332   0.01187   0.00586  -0.2076  0.0013  0.2709  -2.7718   0.0000   0.3655
   7.000   1.6835   0.01227   0.00630  -0.2068  0.0013  0.3156  -2.9649   0.0000   0.3604
   7.500   1.7350   0.01264   0.00681  -0.2064  0.0012  0.4260  -3.1645   0.0000   0.3557
   8.000   1.7797   0.01320   0.00728  -0.2044  0.0012  0.3685  -3.3559   0.0000   0.3507
   8.500   1.8276   0.01368   0.00787  -0.2034  0.0012  0.4597  -3.5570   0.0000   0.3462
   9.000   1.8711   0.01425   0.00847  -0.2014  0.0012  0.4858  -3.7856   0.0000   0.3417
   9.500   1.9045   0.01489   0.00914  -0.1974  0.0012  0.4993  -4.0265   0.0000   0.3367
  10.000   1.9375   0.01562   0.00992  -0.1934  0.0011  0.5363  -4.4237   0.0000   0.3320
  10.500   1.9692   0.01647   0.01082  -0.1894  0.0011  0.5617  -4.9239   0.0000   0.3274
  11.000   2.0001   0.01745   0.01185  -0.1855  0.0011  0.5926  -5.4413   0.0000   0.3230
  11.500   2.0288   0.01860   0.01306  -0.1815  0.0011  0.6291  -5.9667   0.0000   0.3187
  12.000   2.0567   0.01992   0.01445  -0.1776  0.0011  0.6656  -6.5061   0.0000   0.3145
  12.500   2.0829   0.02143   0.01603  -0.1738  0.0010  0.6970  -7.0742   0.0000   0.3106
  13.000   2.1053   0.02323   0.01790  -0.1697  0.0010  0.7261  -7.6221   0.0000   0.3067
  13.500   2.1265   0.02535   0.02012  -0.1660  0.0009  0.7769  -8.1785   0.0000   0.3030
  14.000   2.1487   0.02773   0.02264  -0.1630  0.0009  0.8546  -8.7586   0.0000   0.2996
  14.500   2.1692   0.03038   0.02550  -0.1601  0.0009  1.0000  -9.3432   0.0000   0.2964
  15.000   2.1842   0.03346   0.02864  -0.1568  0.0009  1.0000  -9.9003   0.0000   0.2931
  15.500   2.1964   0.03695   0.03219  -0.1537  0.0008  1.0000  -10.4508   0.0000   0.2901
  16.000   2.2061   0.04076   0.03606  -0.1507  0.0008  1.0000  -10.9945   0.0000   0.2872
  16.500   2.2131   0.04509   0.04046  -0.1480  0.0008  1.0000  -11.5268   0.0000   0.2844
  17.000   2.2232   0.04935   0.04477  -0.1458  0.0008  1.0000  -12.0965   0.0000   0.2818
  17.500   2.2256   0.05471   0.05022  -0.1438  0.0008  1.0000  -12.6094   0.0000   0.2795
  18.000   2.2252   0.06063   0.05622  -0.1422  0.0007  1.0000  -13.1049   0.0000   0.2773
  18.500   2.2228   0.06696   0.06265  -0.1409  0.0007  1.0000  -13.5897   0.0000   0.2754
  19.000   2.2177   0.07375   0.06953  -0.1401  0.0007  1.0000  -14.0530   0.0000   0.2737
  19.500   2.2183   0.07962   0.07548  -0.1395  0.0007  1.0000  -14.5778   0.0000   0.2719
  20.000   2.2048   0.08755   0.08352  -0.1394  0.0007  1.0000  -14.9652   0.0000   0.2708


