XFLR5 v6.02 Beta

 Calculated polar for: WORTMANN FX 63-137

 1 1 Reynolds number fixed          Mach number fixed         

 xtrf =   1.000 (top)        1.000 (bottom)
 Mach =   0.000     Re =    18.000 e 6     Ncrit =   9.000

  alpha     CL        CD       CDp       CM    Top Xtr Bot Xtr   Cpmin    Chinge    XCp    
 ------- -------- --------- --------- -------- ------- ------- -------- --------- ---------
 -20.000  -1.1402   0.04087   0.03784  -0.1581  0.7207  0.0031  -24.3821   0.0000   0.0795
 -19.500  -1.1454   0.03429   0.03116  -0.1638  0.7167  0.0031  -24.1329   0.0000   0.0768
 -19.000  -1.1446   0.02869   0.02535  -0.1687  0.6708  0.0032  -23.7639   0.0000   0.0739
 -18.000  -1.1191   0.02110   0.01755  -0.1736  0.6355  0.0033  -22.5810   0.0000   0.0688
 -17.500  -1.0856   0.01828   0.01463  -0.1776  0.6208  0.0033  -21.7233   0.0000   0.0613
 -17.000  -1.0369   0.01596   0.01219  -0.1831  0.5957  0.0034  -20.6942   0.0000   0.0489
 -16.000  -0.9341   0.01379   0.00966  -0.1878  0.4878  0.0035  -18.5614   0.0000   0.0255
 -15.500  -0.8793   0.01300   0.00880  -0.1892  0.4754  0.0036  -17.4815   0.0000   0.0117
 -15.000  -0.8231   0.01228   0.00803  -0.1906  0.4662  0.0036  -16.4138   0.0000  -0.0044
 -14.500  -0.7661   0.01164   0.00734  -0.1918  0.4648  0.0037  -15.3644   0.0000  -0.0232
 -14.000  -0.7113   0.01121   0.00676  -0.1925  0.4074  0.0037  -14.3657   0.0000  -0.0435
 -13.500  -0.6558   0.01084   0.00619  -0.1932  0.3381  0.0038  -13.3937   0.0000  -0.0675
 -13.000  -0.5972   0.01037   0.00569  -0.1943  0.3370  0.0038  -12.4461   0.0000  -0.0986
 -12.500  -0.5397   0.01003   0.00524  -0.1951  0.3029  0.0039  -11.5726   0.0000  -0.1354
 -12.000  -0.4811   0.00968   0.00482  -0.1960  0.2907  0.0039  -10.7117   0.0000  -0.1823
 -11.500  -0.4220   0.00937   0.00447  -0.1969  0.2827  0.0040  -9.8355   0.0000  -0.2430
 -10.500  -0.3048   0.00888   0.00380  -0.1985  0.2217  0.0041  -8.2379   0.0000  -0.4329
 -10.000  -0.2450   0.00861   0.00348  -0.1995  0.2202  0.0041  -7.4808   0.0000  -0.6008
  -9.500  -0.1858   0.00841   0.00320  -0.2003  0.1945  0.0042  -6.7774   0.0000  -0.8728
  -9.000  -0.1261   0.00820   0.00293  -0.2012  0.1795  0.0042  -6.1479   0.0000  -1.4059
  -8.500  -0.0661   0.00800   0.00269  -0.2021  0.1707  0.0043  -5.4978   0.0000  -2.9148
  -8.000  -0.0060   0.00782   0.00248  -0.2029  0.1696  0.0043  -4.8866   0.0000  -34.6806
  -7.500   0.0541   0.00767   0.00230  -0.2038  0.1687  0.0043  -4.3286   0.0000   4.1309
  -6.000   0.2330   0.00741   0.00194  -0.2059  0.1386  0.0044  -3.2522   0.0000   1.1544
  -5.000   0.3521   0.00731   0.00180  -0.2073  0.1276  0.0044  -2.5692   0.0000   0.8499
  -4.500   0.4116   0.00727   0.00175  -0.2080  0.1240  0.0045  -2.2563   0.0000   0.7637
  -3.500   0.5299   0.00725   0.00172  -0.2091  0.1227  0.0046  -1.6526   0.0000   0.6495
  -3.000   0.5874   0.00739   0.00177  -0.2094  0.0989  0.0074  -1.3750   0.0000   0.6100
  -2.500   0.6458   0.00744   0.00179  -0.2099  0.0953  0.0084  -1.1086   0.0000   0.5773
  -2.000   0.7042   0.00750   0.00182  -0.2103  0.0896  0.0086  -0.9509   0.0000   0.5501
  -1.500   0.7628   0.00754   0.00187  -0.2108  0.0863  0.0144  -1.0006   0.0000   0.5269
  -1.000   0.8208   0.00761   0.00193  -0.2112  0.0841  0.0152  -1.0527   0.0000   0.5070
  -0.500   0.8785   0.00770   0.00201  -0.2115  0.0833  0.0156  -1.1051   0.0000   0.4897
   0.000   0.9360   0.00780   0.00210  -0.2119  0.0826  0.0158  -1.1576   0.0000   0.4745
   0.500   0.9921   0.00802   0.00228  -0.2119  0.0681  0.0161  -1.2102   0.0000   0.4610
   1.000   1.0507   0.00801   0.00230  -0.2124  0.0828  0.0172  -1.2744   0.0000   0.4489
   1.500   1.1074   0.00814   0.00243  -0.2126  0.0817  0.0182  -1.3495   0.0000   0.4380
   2.000   1.1613   0.00850   0.00269  -0.2123  0.0605  0.0237  -1.4231   0.0000   0.4281
   2.500   1.2155   0.00884   0.00297  -0.2120  0.0369  0.0379  -1.5105   0.0000   0.4190
   3.000   1.2666   0.00940   0.00341  -0.2111  0.0038  0.0407  -1.6154   0.0000   0.4105
   3.500   1.3210   0.00966   0.00367  -0.2109  0.0031  0.0505  -1.7315   0.0000   0.4028
   4.500   1.4286   0.01023   0.00422  -0.2103  0.0029  0.0686  -2.0405   0.0000   0.3889
   5.000   1.4815   0.01054   0.00453  -0.2099  0.0022  0.0835  -2.2200   0.0000   0.3825
   5.500   1.5340   0.01087   0.00486  -0.2094  0.0016  0.1130  -2.4032   0.0000   0.3766
   6.000   1.5872   0.01117   0.00525  -0.2092  0.0013  0.1960  -2.5921   0.0000   0.3711
   6.500   1.6390   0.01152   0.00565  -0.2086  0.0013  0.2482  -2.7836   0.0000   0.3658
   7.000   1.6890   0.01193   0.00606  -0.2078  0.0012  0.2695  -2.9765   0.0000   0.3606
   8.000   1.7858   0.01283   0.00699  -0.2055  0.0012  0.3072  -3.3694   0.0000   0.3509
   8.500   1.8353   0.01326   0.00755  -0.2048  0.0012  0.4265  -3.5739   0.0000   0.3465
   9.000   1.8795   0.01382   0.00812  -0.2029  0.0012  0.4403  -3.8099   0.0000   0.3420
   9.500   1.9197   0.01441   0.00874  -0.2003  0.0012  0.4661  -4.0698   0.0000   0.3374
  10.000   1.9520   0.01506   0.00948  -0.1961  0.0011  0.5240  -4.5080   0.0000   0.3326
  10.500   1.9832   0.01586   0.01029  -0.1919  0.0011  0.5312  -5.0106   0.0000   0.3279
  11.000   2.0149   0.01676   0.01124  -0.1880  0.0011  0.5611  -5.5379   0.0000   0.3235
  11.500   2.0440   0.01781   0.01233  -0.1839  0.0011  0.5884  -6.0707   0.0000   0.3192
  12.000   2.0722   0.01903   0.01363  -0.1799  0.0011  0.6276  -6.6209   0.0000   0.3150
  12.500   2.0983   0.02046   0.01512  -0.1759  0.0010  0.6575  -7.1876   0.0000   0.3109
  13.000   2.1228   0.02211   0.01684  -0.1720  0.0010  0.6918  -7.7542   0.0000   0.3071
  13.500   2.1441   0.02402   0.01882  -0.1680  0.0009  0.7211  -8.3162   0.0000   0.3033
  14.000   2.1658   0.02622   0.02111  -0.1645  0.0009  0.7746  -8.8982   0.0000   0.2997
  14.500   2.1869   0.02872   0.02373  -0.1615  0.0009  0.8455  -9.4926   0.0000   0.2964
  15.000   2.2077   0.03150   0.02674  -0.1589  0.0009  1.0000  -10.1006   0.0000   0.2933
  15.500   2.2216   0.03472   0.03001  -0.1557  0.0008  1.0000  -10.6710   0.0000   0.2902
  16.000   2.2328   0.03835   0.03370  -0.1526  0.0008  1.0000  -11.2331   0.0000   0.2872
  16.500   2.2400   0.04243   0.03784  -0.1497  0.0008  1.0000  -11.7736   0.0000   0.2844
  17.000   2.2453   0.04708   0.04256  -0.1471  0.0008  1.0000  -12.3082   0.0000   0.2817
  17.500   2.2494   0.05213   0.04769  -0.1449  0.0008  1.0000  -12.8419   0.0000   0.2793
  18.000   2.2513   0.05764   0.05327  -0.1431  0.0007  1.0000  -13.3670   0.0000   0.2770
  18.500   2.2567   0.06281   0.05851  -0.1417  0.0007  1.0000  -13.9321   0.0000   0.2748
  19.000   2.2518   0.06948   0.06527  -0.1406  0.0007  1.0000  -14.4058   0.0000   0.2730
  19.500   2.2437   0.07670   0.07259  -0.1400  0.0006  1.0000  -14.8517   0.0000   0.2715
  20.000   2.2321   0.08418   0.08017  -0.1397  0.0006  1.0000  -15.2658   0.0000   0.2701


