XFLR5 v6.02 Beta

 Calculated polar for: WORTMANN FX 63-137

 1 1 Reynolds number fixed          Mach number fixed         

 xtrf =   1.000 (top)        1.000 (bottom)
 Mach =   0.000     Re =    73.750 e 6     Ncrit =   9.000

  alpha     CL        CD       CDp       CM    Top Xtr Bot Xtr   Cpmin    Chinge    XCp    
 ------- -------- --------- --------- -------- ------- ------- -------- --------- ---------
 -22.500  -0.5358   0.17345   0.17103  -0.0716  0.2824  0.0015  -11.6427   0.0000   0.0658
 -22.000  -0.5204   0.16821   0.16577  -0.0753  0.2789  0.0015  -11.3604   0.0000   0.0552
 -21.500  -0.5047   0.16305   0.16059  -0.0789  0.2776  0.0016  -11.0656   0.0000   0.0440
 -21.000  -0.4894   0.15796   0.15543  -0.0822  0.2252  0.0017  -10.7747   0.0000   0.0327
 -20.500  -0.4739   0.15278   0.15023  -0.0857  0.2220  0.0018  -10.4888   0.0000   0.0203
 -20.000  -0.4591   0.14761   0.14504  -0.0890  0.2216  0.0019  -10.2147   0.0000   0.0074
 -19.500  -0.4455   0.14264   0.14006  -0.0922  0.2210  0.0019  -9.9588   0.0000  -0.0054
 -18.500  -1.2003   0.01450   0.01078  -0.1881  0.3703  0.0014  -24.5173   0.0000   0.0672
 -18.000  -1.1501   0.01357   0.00973  -0.1896  0.3043  0.0015  -23.3609   0.0000   0.0597
 -17.500  -1.0968   0.01276   0.00887  -0.1909  0.2958  0.0016  -22.1855   0.0000   0.0511
 -17.000  -1.0421   0.01204   0.00812  -0.1921  0.2886  0.0016  -21.0171   0.0000   0.0413
 -16.500  -0.9864   0.01140   0.00746  -0.1932  0.2811  0.0017  -19.8629   0.0000   0.0302
 -16.000  -0.9299   0.01082   0.00685  -0.1943  0.2785  0.0018  -18.7273   0.0000   0.0175
 -15.500  -0.8727   0.01029   0.00629  -0.1953  0.2782  0.0019  -17.6133   0.0000   0.0028
 -15.000  -0.8161   0.00987   0.00578  -0.1961  0.2350  0.0020  -16.5356   0.0000  -0.0134
 -14.500  -0.7580   0.00943   0.00531  -0.1971  0.2216  0.0022  -15.4721   0.0000  -0.0331
 -14.000  -0.6995   0.00902   0.00488  -0.1980  0.2210  0.0023  -14.4349   0.0000  -0.0563
 -13.500  -0.6413   0.00869   0.00448  -0.1989  0.1914  0.0024  -13.5139   0.0000  -0.0835
 -13.000  -0.5824   0.00834   0.00411  -0.1998  0.1830  0.0025  -12.6172   0.0000  -0.1170
 -12.000  -0.4640   0.00775   0.00343  -0.2015  0.1431  0.0029  -10.9002   0.0000  -0.2102
 -11.500  -0.4041   0.00745   0.00311  -0.2025  0.1443  0.0033  -10.0767   0.0000  -0.2787
 -11.000  -0.3443   0.00721   0.00284  -0.2034  0.1406  0.0036  -9.2806   0.0000  -0.3707
 -10.500  -0.2844   0.00699   0.00260  -0.2042  0.1359  0.0038  -8.5098   0.0000  -0.5019
 -10.000  -0.2246   0.00681   0.00240  -0.2051  0.1310  0.0040  -7.7671   0.0000  -0.7029
  -9.500  -0.1647   0.00666   0.00223  -0.2058  0.1259  0.0040  -7.0552   0.0000  -1.0500
  -9.000  -0.1049   0.00653   0.00208  -0.2066  0.1237  0.0041  -6.3732   0.0000  -1.7934
  -8.500  -0.0450   0.00641   0.00195  -0.2073  0.1234  0.0041  -5.7191   0.0000  -4.5159
  -8.000   0.0148   0.00631   0.00183  -0.2081  0.1231  0.0042  -5.0947   0.0000  14.7243
  -7.500   0.0747   0.00622   0.00173  -0.2088  0.1228  0.0042  -4.5000   0.0000   3.1295
  -7.000   0.1339   0.00618   0.00164  -0.2094  0.1033  0.0043  -4.0420   0.0000   1.8559
  -6.500   0.1935   0.00613   0.00157  -0.2100  0.1005  0.0043  -3.6503   0.0000   1.3627
  -6.000   0.2530   0.00610   0.00151  -0.2106  0.0977  0.0043  -3.2740   0.0000   1.1018
  -5.500   0.3124   0.00607   0.00147  -0.2112  0.0951  0.0044  -2.9128   0.0000   0.9403
  -5.000   0.3718   0.00605   0.00144  -0.2118  0.0920  0.0044  -2.5671   0.0000   0.8305
  -4.500   0.4311   0.00604   0.00141  -0.2124  0.0853  0.0044  -2.2369   0.0000   0.7510
  -4.000   0.4903   0.00604   0.00140  -0.2130  0.0842  0.0045  -1.9221   0.0000   0.6907
  -3.500   0.5494   0.00605   0.00140  -0.2135  0.0841  0.0045  -1.6235   0.0000   0.6434
  -3.000   0.6083   0.00607   0.00141  -0.2141  0.0840  0.0046  -1.3406   0.0000   0.6053
  -2.500   0.6671   0.00610   0.00143  -0.2146  0.0838  0.0046  -1.0732   0.0000   0.5740
  -2.000   0.7240   0.00629   0.00152  -0.2147  0.0467  0.0047  -0.9631   0.0000   0.5479
  -1.500   0.7823   0.00636   0.00158  -0.2151  0.0438  0.0054  -1.0137   0.0000   0.5254
  -1.000   0.8404   0.00643   0.00164  -0.2155  0.0415  0.0063  -1.0661   0.0000   0.5060
  -0.500   0.8983   0.00651   0.00171  -0.2158  0.0393  0.0070  -1.1187   0.0000   0.4891
   0.000   0.9561   0.00661   0.00179  -0.2162  0.0382  0.0075  -1.1717   0.0000   0.4742
   0.500   1.0136   0.00671   0.00188  -0.2165  0.0381  0.0093  -1.2268   0.0000   0.4610
   1.000   1.0712   0.00680   0.00197  -0.2168  0.0387  0.0169  -1.2922   0.0000   0.4491
   1.500   1.1283   0.00692   0.00208  -0.2170  0.0382  0.0171  -1.3680   0.0000   0.4384
   2.000   1.1832   0.00721   0.00229  -0.2169  0.0221  0.0200  -1.4424   0.0000   0.4286
   2.500   1.2381   0.00751   0.00256  -0.2166  0.0014  0.0370  -1.5334   0.0000   0.4196
   3.000   1.2938   0.00770   0.00273  -0.2167  0.0013  0.0379  -1.6496   0.0000   0.4113
   3.500   1.3492   0.00791   0.00292  -0.2166  0.0013  0.0385  -1.7678   0.0000   0.4037
   4.000   1.4042   0.00813   0.00312  -0.2165  0.0013  0.0409  -1.9153   0.0000   0.3966
   4.500   1.4589   0.00836   0.00334  -0.2164  0.0013  0.0465  -2.0944   0.0000   0.3900
   5.500   1.5670   0.00887   0.00383  -0.2160  0.0013  0.0716  -2.4656   0.0000   0.3779
   6.000   1.6206   0.00914   0.00411  -0.2157  0.0012  0.1036  -2.6576   0.0000   0.3723
   6.500   1.6733   0.00944   0.00440  -0.2153  0.0012  0.1149  -2.8529   0.0000   0.3670
   7.000   1.7258   0.00975   0.00472  -0.2148  0.0012  0.1455  -3.0525   0.0000   0.3620
   7.500   1.7771   0.01009   0.00504  -0.2142  0.0012  0.1460  -3.2546   0.0000   0.3572
   8.000   1.8277   0.01045   0.00539  -0.2134  0.0012  0.1457  -3.4598   0.0000   0.3525
   8.500   1.8775   0.01083   0.00576  -0.2126  0.0012  0.1521  -3.6677   0.0000   0.3481
   9.000   1.9271   0.01122   0.00617  -0.2117  0.0012  0.2069  -3.9481   0.0000   0.3437
  10.000   2.0223   0.01210   0.00708  -0.2093  0.0012  0.2749  -4.9261   0.0000   0.3354
  10.500   2.0679   0.01259   0.00760  -0.2077  0.0011  0.3234  -5.5345   0.0000   0.3314
  11.000   2.1106   0.01313   0.00814  -0.2056  0.0011  0.3332  -6.1560   0.0000   0.3274
  11.500   2.1410   0.01373   0.00876  -0.2010  0.0011  0.3408  -6.7263   0.0000   0.3228
  12.000   2.1696   0.01444   0.00948  -0.1962  0.0010  0.3429  -7.3073   0.0000   0.3184
  12.500   2.1992   0.01526   0.01033  -0.1918  0.0010  0.3694  -7.9159   0.0000   0.3141
  13.000   2.2264   0.01624   0.01132  -0.1873  0.0009  0.3857  -8.5297   0.0000   0.3100
  14.000   2.2459   0.02060   0.01593  -0.1737  0.0018  0.4561  -9.4929   0.0000   0.3011
  15.000   2.2807   0.02473   0.02016  -0.1647  0.0024  0.4980  -10.7094   0.0000   0.2936
  15.500   2.2959   0.02734   0.02284  -0.1607  0.0028  0.5288  -11.3066   0.0000   0.2902
  16.000   2.3083   0.03035   0.02591  -0.1568  0.0032  0.5474  -11.8925   0.0000   0.2869
  16.500   2.3188   0.03376   0.02939  -0.1533  0.0036  0.5665  -12.4741   0.0000   0.2838
  17.000   2.3267   0.03762   0.03332  -0.1500  0.0040  0.5982  -13.0451   0.0000   0.2808
  17.500   2.3307   0.04190   0.03769  -0.1469  0.0044  0.6284  -13.5903   0.0000   0.2780
  18.000   2.3327   0.04681   0.04267  -0.1442  0.0046  0.6474  -14.1279   0.0000   0.2754
  18.500   2.3333   0.05223   0.04819  -0.1420  0.0046  0.6730  -14.6625   0.0000   0.2731
  19.000   2.3302   0.05835   0.05441  -0.1402  0.0046  0.6986  -15.1691   0.0000   0.2709
  19.500   2.3367   0.06346   0.05960  -0.1391  0.0047  0.7413  -15.7781   0.0000   0.2688
  20.000   2.3279   0.07073   0.06698  -0.1383  0.0047  0.7752  -16.2400   0.0000   0.2672
  20.500   2.3151   0.07857   0.07494  -0.1380  0.0047  0.8028  -16.6624   0.0000   0.2658


