XFLR5 v6.02 Beta

 Calculated polar for: WORTMANN FX 63-137

 1 1 Reynolds number fixed          Mach number fixed         

 xtrf =   1.000 (top)        1.000 (bottom)
 Mach =   0.000     Re =    37.250 e 6     Ncrit =   9.000

  alpha     CL        CD       CDp       CM    Top Xtr Bot Xtr   Cpmin    Chinge    XCp    
 ------- -------- --------- --------- -------- ------- ------- -------- --------- ---------
 -21.500  -1.1624   0.05572   0.05259  -0.1491  0.5312  0.0019  -25.9002   0.0000   0.0858
 -21.000  -1.2018   0.04461   0.04135  -0.1579  0.5311  0.0019  -26.3016   0.0000   0.0848
 -20.000  -1.2299   0.03019   0.02667  -0.1694  0.4918  0.0020  -26.0488   0.0000   0.0820
 -19.500  -1.2212   0.02593   0.02234  -0.1723  0.4862  0.0020  -25.5023   0.0000   0.0799
 -19.000  -1.2087   0.02207   0.01841  -0.1749  0.4799  0.0021  -24.8903   0.0000   0.0776
 -18.500  -1.1904   0.01907   0.01537  -0.1766  0.4729  0.0022  -24.1822   0.0000   0.0752
 -18.000  -1.1475   0.01647   0.01269  -0.1818  0.4666  0.0022  -23.1808   0.0000   0.0660
 -17.500  -1.0952   0.01462   0.01068  -0.1870  0.4009  0.0023  -22.0709   0.0000   0.0544
 -17.000  -1.0438   0.01363   0.00958  -0.1886  0.3642  0.0025  -20.9562   0.0000   0.0450
 -16.500  -0.9897   0.01276   0.00866  -0.1901  0.3548  0.0026  -19.8320   0.0000   0.0340
 -16.000  -0.9342   0.01199   0.00784  -0.1915  0.3453  0.0027  -18.7162   0.0000   0.0216
 -15.500  -0.8777   0.01129   0.00711  -0.1928  0.3394  0.0029  -17.6152   0.0000   0.0072
 -15.000  -0.8204   0.01067   0.00646  -0.1940  0.3383  0.0031  -16.5335   0.0000  -0.0095
 -14.500  -0.7641   0.01022   0.00589  -0.1948  0.2900  0.0032  -15.4913   0.0000  -0.0279
 -13.500  -0.6484   0.00939   0.00492  -0.1966  0.2383  0.0035  -13.5341   0.0000  -0.0765
 -13.000  -0.5894   0.00902   0.00451  -0.1976  0.2294  0.0037  -12.6314   0.0000  -0.1090
 -12.500  -0.5302   0.00868   0.00414  -0.1986  0.2217  0.0038  -11.7536   0.0000  -0.1489
 -12.000  -0.4719   0.00845   0.00382  -0.1993  0.1764  0.0038  -10.9109   0.0000  -0.1978
 -11.500  -0.4124   0.00817   0.00351  -0.2002  0.1773  0.0039  -10.0827   0.0000  -0.2625
 -11.000  -0.3527   0.00793   0.00324  -0.2011  0.1709  0.0039  -9.2861   0.0000  -0.3493
 -10.500  -0.2930   0.00771   0.00300  -0.2019  0.1698  0.0040  -8.5176   0.0000  -0.4720
 -10.000  -0.2331   0.00751   0.00277  -0.2028  0.1692  0.0040  -7.7778   0.0000  -0.6580
  -9.000  -0.1142   0.00723   0.00239  -0.2042  0.1387  0.0041  -6.3943   0.0000  -1.6062
  -8.500  -0.0544   0.00709   0.00223  -0.2050  0.1333  0.0041  -5.7419   0.0000  -3.6518
  -8.000   0.0055   0.00697   0.00209  -0.2058  0.1283  0.0042  -5.1186   0.0000  39.0768
  -7.500   0.0653   0.00687   0.00197  -0.2065  0.1241  0.0042  -4.5247   0.0000   3.5066
  -7.000   0.1251   0.00678   0.00186  -0.2072  0.1239  0.0043  -4.0509   0.0000   1.9521
  -6.500   0.1848   0.00670   0.00177  -0.2079  0.1236  0.0043  -3.6600   0.0000   1.4034
  -6.000   0.2445   0.00664   0.00169  -0.2086  0.1232  0.0043  -3.2843   0.0000   1.1229
  -5.500   0.3041   0.00659   0.00163  -0.2093  0.1228  0.0044  -2.9239   0.0000   0.9527
  -5.000   0.3636   0.00656   0.00159  -0.2099  0.1223  0.0044  -2.5776   0.0000   0.8383
  -4.500   0.4220   0.00661   0.00158  -0.2104  0.1011  0.0045  -2.2514   0.0000   0.7568
  -4.000   0.4809   0.00664   0.00156  -0.2109  0.0952  0.0045  -1.9386   0.0000   0.6949
  -3.500   0.5398   0.00665   0.00157  -0.2114  0.0880  0.0046  -1.6406   0.0000   0.6464
  -3.000   0.5987   0.00668   0.00158  -0.2119  0.0853  0.0052  -1.3581   0.0000   0.6074
  -2.500   0.6574   0.00671   0.00160  -0.2124  0.0842  0.0050  -1.0901   0.0000   0.5755
  -2.000   0.7160   0.00675   0.00163  -0.2129  0.0840  0.0060  -0.9583   0.0000   0.5487
  -1.500   0.7743   0.00681   0.00168  -0.2133  0.0825  0.0074  -1.0086   0.0000   0.5260
  -1.000   0.8309   0.00701   0.00179  -0.2134  0.0575  0.0085  -1.0596   0.0000   0.5065
   0.000   0.9463   0.00721   0.00197  -0.2141  0.0482  0.0150  -1.1647   0.0000   0.4744
   0.500   1.0034   0.00735   0.00208  -0.2143  0.0454  0.0158  -1.2188   0.0000   0.4610
   1.000   1.0608   0.00744   0.00217  -0.2146  0.0479  0.0170  -1.2832   0.0000   0.4490
   1.500   1.1175   0.00759   0.00230  -0.2148  0.0464  0.0172  -1.3585   0.0000   0.4382
   2.000   1.1739   0.00775   0.00245  -0.2149  0.0444  0.0200  -1.4344   0.0000   0.4284
   2.500   1.2262   0.00825   0.00284  -0.2142  0.0027  0.0374  -1.5210   0.0000   0.4192
   3.000   1.2816   0.00847   0.00304  -0.2141  0.0019  0.0381  -1.6343   0.0000   0.4109
   3.500   1.3366   0.00870   0.00325  -0.2140  0.0015  0.0433  -1.7516   0.0000   0.4033
   4.000   1.3911   0.00894   0.00348  -0.2139  0.0019  0.0466  -1.8928   0.0000   0.3961
   5.000   1.4991   0.00947   0.00400  -0.2134  0.0013  0.0673  -2.2521   0.0000   0.3832
   5.500   1.5523   0.00977   0.00429  -0.2130  0.0013  0.0834  -2.4378   0.0000   0.3773
   7.000   1.7088   0.01075   0.00529  -0.2115  0.0012  0.1688  -3.0177   0.0000   0.3613
   7.500   1.7595   0.01112   0.00568  -0.2108  0.0012  0.1950  -3.2175   0.0000   0.3565
   9.500   1.9517   0.01289   0.00751  -0.2061  0.0011  0.3166  -4.2055   0.0000   0.3386
  10.500   2.0358   0.01397   0.00872  -0.2017  0.0011  0.4359  -5.3330   0.0000   0.3301
  11.000   2.0647   0.01464   0.00941  -0.1968  0.0011  0.4509  -5.8595   0.0000   0.3254
  11.500   2.0951   0.01543   0.01023  -0.1925  0.0010  0.4653  -6.4201   0.0000   0.3210
  12.000   2.1248   0.01635   0.01116  -0.1883  0.0010  0.4658  -6.9959   0.0000   0.3167
  12.500   2.1524   0.01742   0.01228  -0.1840  0.0010  0.5018  -7.5789   0.0000   0.3125
  13.000   2.1791   0.01867   0.01357  -0.1798  0.0010  0.5310  -8.1761   0.0000   0.3085
  13.500   2.2043   0.02011   0.01505  -0.1757  0.0009  0.5586  -8.7816   0.0000   0.3046
  14.000   2.2276   0.02176   0.01677  -0.1717  0.0009  0.5947  -9.3917   0.0000   0.3008
  14.500   2.2487   0.02367   0.01876  -0.1677  0.0009  0.6384  -10.0032   0.0000   0.2972
  15.000   2.2688   0.02589   0.02104  -0.1641  0.0009  0.6773  -10.6241   0.0000   0.2937
  15.500   2.2864   0.02843   0.02364  -0.1605  0.0008  0.7037  -11.2412   0.0000   0.2903
  17.500   2.2769   0.04948   0.04544  -0.1463  0.0016  1.0000  -13.0559   0.0000   0.2791
  18.000   2.2789   0.05491   0.05093  -0.1443  0.0022  1.0000  -13.6301   0.0000   0.2768
  18.500   2.2748   0.06128   0.05739  -0.1427  0.0025  1.0000  -14.1092   0.0000   0.2747
  19.000   2.2678   0.06820   0.06439  -0.1414  0.0027  1.0000  -14.5638   0.0000   0.2729
  19.500   2.2568   0.07582   0.07211  -0.1407  0.0029  1.0000  -14.9811   0.0000   0.2714


