XFLR5 v6.02 Beta

 Calculated polar for: WORTMANN FX 63-137

 1 1 Reynolds number fixed          Mach number fixed         

 xtrf =   1.000 (top)        1.000 (bottom)
 Mach =   0.000     Re =    17.500 e 6     Ncrit =   9.000

  alpha     CL        CD       CDp       CM    Top Xtr Bot Xtr   Cpmin    Chinge    XCp    
 ------- -------- --------- --------- -------- ------- ------- -------- --------- ---------
 -20.000  -1.1269   0.04268   0.03969  -0.1564  0.7226  0.0031  -24.1335   0.0000   0.0792
 -19.500  -1.1402   0.03491   0.03179  -0.1631  0.7182  0.0031  -24.0369   0.0000   0.0766
 -19.000  -1.1406   0.02911   0.02579  -0.1683  0.6800  0.0032  -23.6911   0.0000   0.0737
 -18.500  -1.1280   0.02501   0.02157  -0.1715  0.6586  0.0032  -23.1148   0.0000   0.0705
 -17.500  -1.0837   0.01858   0.01495  -0.1770  0.6278  0.0033  -21.6826   0.0000   0.0615
 -17.000  -1.0370   0.01625   0.01249  -0.1823  0.5979  0.0034  -20.6772   0.0000   0.0497
 -16.500  -0.9856   0.01481   0.01082  -0.1861  0.5305  0.0035  -19.6146   0.0000   0.0373
 -16.000  -0.9336   0.01391   0.00979  -0.1876  0.4953  0.0035  -18.5440   0.0000   0.0256
 -15.500  -0.8792   0.01311   0.00892  -0.1890  0.4833  0.0036  -17.4687   0.0000   0.0119
 -15.000  -0.8234   0.01240   0.00815  -0.1903  0.4677  0.0036  -16.4045   0.0000  -0.0041
 -14.000  -0.7114   0.01130   0.00685  -0.1923  0.4184  0.0037  -14.3550   0.0000  -0.0432
 -13.500  -0.6562   0.01093   0.00628  -0.1930  0.3387  0.0038  -13.3864   0.0000  -0.0670
 -13.000  -0.5978   0.01046   0.00577  -0.1941  0.3371  0.0038  -12.4243   0.0000  -0.0980
 -12.500  -0.5401   0.01011   0.00531  -0.1949  0.3070  0.0039  -11.5468   0.0000  -0.1348
 -12.000  -0.4816   0.00976   0.00489  -0.1958  0.2950  0.0039  -10.6842   0.0000  -0.1815
 -11.500  -0.4226   0.00945   0.00453  -0.1967  0.2869  0.0040  -9.8048   0.0000  -0.2419
 -11.000  -0.3632   0.00912   0.00416  -0.1977  0.2772  0.0041  -8.9846   0.0000  -0.3228
 -10.500  -0.3054   0.00894   0.00384  -0.1984  0.2220  0.0041  -8.2077   0.0000  -0.4310
 -10.000  -0.2455   0.00866   0.00352  -0.1994  0.2206  0.0042  -7.4525   0.0000  -0.5982
  -9.500  -0.1862   0.00844   0.00324  -0.2002  0.2011  0.0042  -6.7496   0.0000  -0.8696
  -9.000  -0.1267   0.00825   0.00295  -0.2010  0.1815  0.0042  -6.1200   0.0000  -1.3979
  -8.500  -0.0666   0.00804   0.00271  -0.2019  0.1724  0.0043  -5.4710   0.0000  -2.8874
  -8.000  -0.0065   0.00786   0.00250  -0.2028  0.1698  0.0043  -4.8595   0.0000  -31.8372
  -7.500   0.0536   0.00770   0.00231  -0.2037  0.1689  0.0044  -4.3114   0.0000   4.1665
  -6.000   0.2325   0.00745   0.00195  -0.2058  0.1398  0.0044  -3.2363   0.0000   1.1559
  -5.500   0.2920   0.00739   0.00187  -0.2065  0.1344  0.0044  -2.8926   0.0000   0.9720
  -3.500   0.5294   0.00728   0.00172  -0.2090  0.1229  0.0046  -1.6530   0.0000   0.6497
  -3.000   0.5869   0.00742   0.00177  -0.2093  0.0995  0.0075  -1.3755   0.0000   0.6101
  -2.500   0.6454   0.00747   0.00180  -0.2098  0.0959  0.0085  -1.1096   0.0000   0.5774
  -2.000   0.7037   0.00753   0.00183  -0.2102  0.0902  0.0087  -0.9506   0.0000   0.5501
  -1.500   0.7623   0.00757   0.00187  -0.2107  0.0869  0.0145  -1.0003   0.0000   0.5269
  -1.000   0.8203   0.00764   0.00194  -0.2111  0.0842  0.0152  -1.0524   0.0000   0.5070
  -0.500   0.8780   0.00773   0.00202  -0.2114  0.0834  0.0156  -1.1047   0.0000   0.4897
   0.000   0.9355   0.00783   0.00211  -0.2117  0.0827  0.0158  -1.1573   0.0000   0.4745
   0.500   0.9927   0.00795   0.00222  -0.2120  0.0816  0.0162  -1.2108   0.0000   0.4610
   1.000   1.0501   0.00804   0.00231  -0.2123  0.0829  0.0172  -1.2739   0.0000   0.4489
   1.500   1.1069   0.00818   0.00244  -0.2125  0.0819  0.0182  -1.3490   0.0000   0.4380
   2.000   1.1608   0.00853   0.00270  -0.2122  0.0614  0.0238  -1.4226   0.0000   0.4281
   2.500   1.2149   0.00887   0.00299  -0.2119  0.0370  0.0379  -1.5099   0.0000   0.4190
   3.000   1.2660   0.00944   0.00343  -0.2110  0.0038  0.0411  -1.6147   0.0000   0.4105
   3.500   1.3204   0.00970   0.00369  -0.2107  0.0032  0.0509  -1.7306   0.0000   0.4028
   4.000   1.3747   0.00996   0.00394  -0.2106  0.0037  0.0658  -1.8641   0.0000   0.3956
   4.500   1.4279   0.01027   0.00424  -0.2102  0.0030  0.0693  -2.0393   0.0000   0.3888
   5.000   1.4808   0.01059   0.00455  -0.2097  0.0023  0.0843  -2.2186   0.0000   0.3825
   5.500   1.5332   0.01091   0.00489  -0.2093  0.0016  0.1145  -2.4017   0.0000   0.3766
   6.000   1.5864   0.01122   0.00528  -0.2090  0.0013  0.1996  -2.5905   0.0000   0.3710
   6.500   1.6381   0.01157   0.00567  -0.2085  0.0013  0.2484  -2.7818   0.0000   0.3657
   7.000   1.6883   0.01198   0.00609  -0.2076  0.0012  0.2753  -2.9750   0.0000   0.3606
   7.500   1.7395   0.01235   0.00657  -0.2072  0.0012  0.3693  -3.1744   0.0000   0.3558
   8.000   1.7847   0.01289   0.00702  -0.2053  0.0012  0.3085  -3.3671   0.0000   0.3509
   9.000   1.8783   0.01388   0.00816  -0.2027  0.0012  0.4482  -3.8065   0.0000   0.3419
   9.500   1.9171   0.01448   0.00880  -0.1997  0.0012  0.4696  -4.0626   0.0000   0.3373
  10.000   1.9500   0.01514   0.00954  -0.1957  0.0011  0.5268  -4.4968   0.0000   0.3325
  10.500   1.9812   0.01594   0.01036  -0.1915  0.0011  0.5322  -4.9984   0.0000   0.3279
  11.000   2.0129   0.01685   0.01132  -0.1877  0.0011  0.5633  -5.5250   0.0000   0.3234
  11.500   2.0418   0.01792   0.01243  -0.1835  0.0011  0.5934  -6.0562   0.0000   0.3191
  12.000   2.0697   0.01916   0.01374  -0.1795  0.0011  0.6290  -6.6024   0.0000   0.3149
  12.500   2.0960   0.02060   0.01525  -0.1756  0.0010  0.6619  -7.1705   0.0000   0.3109
  13.000   2.1204   0.02226   0.01698  -0.1717  0.0010  0.6975  -7.7361   0.0000   0.3070
  13.500   2.1420   0.02419   0.01898  -0.1677  0.0009  0.7325  -8.2996   0.0000   0.3032
  14.000   2.1636   0.02640   0.02129  -0.1643  0.0009  0.7834  -8.8804   0.0000   0.2997
  14.500   2.1852   0.02892   0.02394  -0.1614  0.0009  0.8626  -9.4777   0.0000   0.2964
  15.000   2.2050   0.03172   0.02695  -0.1587  0.0009  1.0000  -10.0773   0.0000   0.2933
  15.500   2.2188   0.03496   0.03024  -0.1554  0.0008  1.0000  -10.6461   0.0000   0.2902
  16.000   2.2299   0.03861   0.03395  -0.1524  0.0008  1.0000  -11.2066   0.0000   0.2872
  16.500   2.2369   0.04272   0.03813  -0.1494  0.0008  1.0000  -11.7451   0.0000   0.2844
  17.000   2.2422   0.04740   0.04287  -0.1469  0.0008  1.0000  -12.2787   0.0000   0.2817
  17.500   2.2458   0.05252   0.04807  -0.1448  0.0008  1.0000  -12.8072   0.0000   0.2793
  18.000   2.2466   0.05820   0.05383  -0.1430  0.0007  1.0000  -13.3206   0.0000   0.2771
  18.500   2.2534   0.06319   0.05888  -0.1416  0.0007  1.0000  -13.8980   0.0000   0.2749
  19.000   2.2484   0.06988   0.06566  -0.1405  0.0007  1.0000  -14.3700   0.0000   0.2731
  19.500   2.2403   0.07711   0.07299  -0.1399  0.0007  1.0000  -14.8148   0.0000   0.2715
  20.000   2.2279   0.08469   0.08068  -0.1396  0.0006  1.0000  -15.2206   0.0000   0.2702


