XFLR5 v6.02 Beta

 Calculated polar for: WORTMANN FX 63-137

 1 1 Reynolds number fixed          Mach number fixed         

 xtrf =   1.000 (top)        1.000 (bottom)
 Mach =   0.000     Re =    34.750 e 6     Ncrit =   9.000

  alpha     CL        CD       CDp       CM    Top Xtr Bot Xtr   Cpmin    Chinge    XCp    
 ------- -------- --------- --------- -------- ------- ------- -------- --------- ---------
 -21.500  -1.1514   0.05721   0.05410  -0.1477  0.5444  0.0020  -25.6817   0.0000   0.0856
 -21.000  -1.1930   0.04574   0.04249  -0.1568  0.5400  0.0020  -26.1341   0.0000   0.0846
 -20.500  -1.2142   0.03722   0.03385  -0.1638  0.5312  0.0020  -26.1603   0.0000   0.0830
 -19.500  -1.2156   0.02647   0.02291  -0.1719  0.5001  0.0021  -25.4060   0.0000   0.0796
 -19.000  -1.2015   0.02281   0.01917  -0.1742  0.4939  0.0022  -24.7707   0.0000   0.0772
 -18.500  -1.1874   0.01956   0.01585  -0.1758  0.4874  0.0022  -24.1238   0.0000   0.0754
 -18.000  -1.1472   0.01681   0.01304  -0.1809  0.4767  0.0023  -23.1606   0.0000   0.0667
 -17.500  -1.0953   0.01481   0.01086  -0.1865  0.4070  0.0024  -22.0621   0.0000   0.0548
 -16.500  -0.9899   0.01287   0.00876  -0.1899  0.3644  0.0027  -19.8266   0.0000   0.0343
 -16.000  -0.9347   0.01209   0.00793  -0.1912  0.3550  0.0028  -18.7151   0.0000   0.0220
 -15.500  -0.8783   0.01139   0.00719  -0.1925  0.3485  0.0030  -17.6157   0.0000   0.0077
 -15.000  -0.8211   0.01077   0.00654  -0.1937  0.3395  0.0032  -16.5346   0.0000  -0.0089
 -14.500  -0.7644   0.01029   0.00595  -0.1946  0.3054  0.0034  -15.4869   0.0000  -0.0276
 -14.000  -0.7068   0.00984   0.00544  -0.1956  0.2773  0.0035  -14.4586   0.0000  -0.0497
 -13.500  -0.6490   0.00949   0.00499  -0.1964  0.2444  0.0036  -13.5287   0.0000  -0.0758
 -13.000  -0.5903   0.00912   0.00458  -0.1973  0.2353  0.0037  -12.6281   0.0000  -0.1079
 -12.500  -0.5312   0.00878   0.00422  -0.1983  0.2257  0.0038  -11.7514   0.0000  -0.1476
 -12.000  -0.4729   0.00855   0.00388  -0.1990  0.1807  0.0038  -10.9091   0.0000  -0.1962
 -11.500  -0.4133   0.00827   0.00357  -0.1999  0.1837  0.0039  -10.0807   0.0000  -0.2606
 -11.000  -0.3537   0.00803   0.00330  -0.2008  0.1751  0.0039  -9.2848   0.0000  -0.3468
 -10.500  -0.2940   0.00780   0.00305  -0.2016  0.1701  0.0040  -8.5166   0.0000  -0.4685
 -10.000  -0.2342   0.00759   0.00282  -0.2025  0.1695  0.0040  -7.7770   0.0000  -0.6528
  -9.500  -0.1743   0.00741   0.00261  -0.2033  0.1687  0.0041  -7.0675   0.0000  -0.9642
  -9.000  -0.1151   0.00730   0.00243  -0.2040  0.1414  0.0041  -6.3941   0.0000  -1.5887
  -8.500  -0.0554   0.00717   0.00226  -0.2047  0.1359  0.0041  -5.7424   0.0000  -3.5759
  -8.000   0.0044   0.00705   0.00212  -0.2055  0.1309  0.0042  -5.1195   0.0000  47.9661
  -7.500   0.0643   0.00694   0.00199  -0.2063  0.1258  0.0042  -4.5260   0.0000   3.5547
  -7.000   0.1241   0.00685   0.00188  -0.2070  0.1240  0.0043  -4.0512   0.0000   1.9642
  -6.500   0.1838   0.00677   0.00179  -0.2077  0.1237  0.0043  -3.6606   0.0000   1.4085
  -6.000   0.2435   0.00671   0.00171  -0.2084  0.1234  0.0043  -3.2852   0.0000   1.1256
  -5.500   0.3031   0.00666   0.00165  -0.2091  0.1230  0.0044  -2.9251   0.0000   0.9543
  -5.000   0.3625   0.00663   0.00161  -0.2097  0.1223  0.0044  -2.5787   0.0000   0.8393
  -4.500   0.4211   0.00667   0.00159  -0.2101  0.1024  0.0045  -2.2526   0.0000   0.7574
  -4.000   0.4800   0.00670   0.00158  -0.2107  0.0976  0.0045  -1.9400   0.0000   0.6953
  -3.500   0.5388   0.00672   0.00158  -0.2112  0.0892  0.0046  -1.6424   0.0000   0.6467
  -3.000   0.5977   0.00674   0.00159  -0.2117  0.0862  0.0054  -1.3599   0.0000   0.6077
  -2.500   0.6564   0.00678   0.00161  -0.2122  0.0843  0.0051  -1.0919   0.0000   0.5756
  -2.000   0.7150   0.00682   0.00164  -0.2127  0.0841  0.0062  -0.9576   0.0000   0.5488
  -1.500   0.7733   0.00688   0.00169  -0.2131  0.0830  0.0076  -1.0079   0.0000   0.5261
  -1.000   0.8301   0.00706   0.00180  -0.2132  0.0625  0.0088  -1.0591   0.0000   0.5065
  -0.500   0.8876   0.00717   0.00190  -0.2135  0.0517  0.0098  -1.1113   0.0000   0.4894
   0.500   1.0023   0.00741   0.00210  -0.2141  0.0466  0.0158  -1.2180   0.0000   0.4610
   1.000   1.0598   0.00751   0.00219  -0.2144  0.0490  0.0170  -1.2823   0.0000   0.4490
   1.500   1.1164   0.00765   0.00232  -0.2145  0.0476  0.0173  -1.3575   0.0000   0.4382
   2.000   1.1728   0.00782   0.00247  -0.2147  0.0453  0.0203  -1.4334   0.0000   0.4283
   2.500   1.2250   0.00833   0.00288  -0.2139  0.0028  0.0374  -1.5196   0.0000   0.4192
   3.000   1.2803   0.00855   0.00307  -0.2139  0.0021  0.0382  -1.6326   0.0000   0.4109
   3.500   1.3352   0.00878   0.00329  -0.2138  0.0016  0.0439  -1.7498   0.0000   0.4032
   4.000   1.3897   0.00903   0.00352  -0.2136  0.0020  0.0473  -1.8904   0.0000   0.3961
   5.000   1.4975   0.00957   0.00405  -0.2131  0.0013  0.0679  -2.2492   0.0000   0.3831
   5.500   1.5507   0.00986   0.00434  -0.2127  0.0013  0.0865  -2.4347   0.0000   0.3772
   6.000   1.6040   0.01015   0.00467  -0.2124  0.0012  0.1453  -2.6250   0.0000   0.3717
   6.500   1.6557   0.01050   0.00500  -0.2118  0.0012  0.1547  -2.8176   0.0000   0.3663
   7.500   1.7574   0.01123   0.00575  -0.2104  0.0012  0.1959  -3.2132   0.0000   0.3564
   8.000   1.8065   0.01165   0.00615  -0.2093  0.0012  0.1953  -3.4143   0.0000   0.3517
   8.500   1.8560   0.01206   0.00662  -0.2085  0.0012  0.2707  -3.6201   0.0000   0.3472
   9.000   1.9037   0.01251   0.00710  -0.2073  0.0012  0.3082  -3.8802   0.0000   0.3428
   9.500   1.9491   0.01302   0.00762  -0.2056  0.0011  0.3301  -4.1907   0.0000   0.3385
  10.000   1.9954   0.01352   0.00822  -0.2043  0.0011  0.4345  -4.7623   0.0000   0.3344
  10.500   2.0298   0.01413   0.00885  -0.2005  0.0011  0.4509  -5.2966   0.0000   0.3299
  11.500   2.0903   0.01564   0.01041  -0.1917  0.0010  0.4820  -6.3880   0.0000   0.3208
  12.000   2.1196   0.01658   0.01137  -0.1874  0.0010  0.4870  -6.9599   0.0000   0.3165
  12.500   2.1470   0.01769   0.01252  -0.1831  0.0010  0.5195  -7.5406   0.0000   0.3123
  13.000   2.1737   0.01896   0.01384  -0.1790  0.0010  0.5380  -8.1355   0.0000   0.3083
  13.500   2.1991   0.02042   0.01535  -0.1750  0.0009  0.5658  -8.7415   0.0000   0.3044
  14.000   2.2228   0.02210   0.01711  -0.1711  0.0009  0.6253  -9.3534   0.0000   0.3007
  14.500   2.2435   0.02407   0.01914  -0.1671  0.0009  0.6560  -9.9598   0.0000   0.2971
  15.000   2.2627   0.02637   0.02152  -0.1634  0.0009  0.6903  -10.5720   0.0000   0.2936
  15.500   2.2784   0.02910   0.02431  -0.1597  0.0008  0.7192  -11.1725   0.0000   0.2903
  16.000   2.2951   0.03201   0.02730  -0.1566  0.0008  0.7635  -11.7958   0.0000   0.2871
  16.500   2.3093   0.03542   0.03082  -0.1538  0.0007  0.8266  -12.4134   0.0000   0.2842
  17.500   2.2686   0.05035   0.04626  -0.1459  0.0012  1.0000  -12.9938   0.0000   0.2792
  18.000   2.2691   0.05600   0.05200  -0.1439  0.0019  1.0000  -13.5287   0.0000   0.2769
  18.500   2.2681   0.06203   0.05812  -0.1424  0.0022  1.0000  -14.0439   0.0000   0.2748
  19.000   2.2609   0.06901   0.06519  -0.1413  0.0024  1.0000  -14.4963   0.0000   0.2730
  19.500   2.2497   0.07669   0.07296  -0.1406  0.0026  1.0000  -14.9101   0.0000   0.2715


