xflr5 v6.59

 Calculated polar for: WORTMANN FX 63-137 AIRFOIL

 1 1 Reynolds number fixed          Mach number fixed         

 xtrf =   1.000 (top)        1.000 (bottom)
 Mach =   0.000     Re =     1.900 e 6     Ncrit =   9.000

  alpha     CL        CD       CDp       Cm    Top Xtr Bot Xtr   Cpmin    Chinge    XCp    
 ------- -------- --------- --------- -------- ------- ------- -------- --------- ---------
 -13.800   -0.4432   0.08900   0.08748   -0.0834   0.9937   0.0071   -7.6164   0.0000   0.0319   
 -13.700   -0.4067   0.09276   0.09128   -0.0826   0.9921   0.0072   -7.0229   0.0000   0.0156   
 -13.600   -0.3874   0.09368   0.09221   -0.0833   0.9909   0.0072   -6.7292   0.0000   0.0030   
 -13.500   -0.3788   0.09353   0.09206   -0.0835   0.9890   0.0072   -6.5868   0.0000   -0.0027   
 -13.400   -0.3349   0.10108   0.09968   -0.0789   0.9801   0.0074   -5.7098   0.0000   -0.0199   
 -13.300   -0.3159   0.10239   0.10100   -0.0790   0.9699   0.0075   -5.3852   0.0000   -0.0355   
 -13.200   -0.2643   0.10128   0.09983   -0.0888   0.9561   0.0077   -4.9154   0.0000   -0.1278   
 -13.100   -0.2126   0.09915   0.09762   -0.1006   0.9451   0.0078   -4.5236   0.0000   -0.2750   
 -13.000   -0.1590   0.09703   0.09516   -0.1132   0.8941   0.0078   -4.1431   0.0000   -0.5314   
 -12.900   -0.1522   0.09683   0.09485   -0.1134   0.8708   0.0079   -4.0312   0.0000   -0.5669   
 -12.800   -0.1460   0.09677   0.09471   -0.1133   0.8532   0.0079   -3.9145   0.0000   -0.6003   
 -12.700   -0.1384   0.09686   0.09475   -0.1133   0.8422   0.0080   -3.7761   0.0000   -0.6455   
 -12.600   -0.1292   0.09740   0.09524   -0.1130   0.8322   0.0081   -3.5975   0.0000   -0.7055   
 -12.400   -0.5225   0.01893   0.01570   -0.1782   0.9165   0.0068   -10.2450   0.0000   -0.1154   
 -12.300   -0.5081   0.01803   0.01465   -0.1813   0.8983   0.0068   -10.0936   0.0000   -0.1314   
 -12.200   -0.4970   0.01737   0.01386   -0.1830   0.8846   0.0068   -9.9591   0.0000   -0.1429   
 -12.100   -0.4878   0.01688   0.01326   -0.1838   0.8730   0.0068   -9.8324   0.0000   -0.1516   
 -12.000   -0.4784   0.01642   0.01271   -0.1845   0.8610   0.0068   -9.7027   0.0000   -0.1606   
 -11.900   -0.4693   0.01603   0.01221   -0.1849   0.8501   0.0068   -9.5747   0.0000   -0.1691   
 -11.800   -0.4594   0.01564   0.01173   -0.1855   0.8413   0.0068   -9.4408   0.0000   -0.1790   
 -11.700   -0.4499   0.01529   0.01129   -0.1859   0.8328   0.0068   -9.3103   0.0000   -0.1884   
 -11.600   -0.4396   0.01494   0.01086   -0.1864   0.8264   0.0068   -9.1724   0.0000   -0.1995   
 -11.500   -0.4289   0.01461   0.01046   -0.1869   0.8194   0.0068   -9.0322   0.0000   -0.2115   
 -11.400   -0.4187   0.01432   0.01009   -0.1872   0.8110   0.0068   -8.8952   0.0000   -0.2232   
 -11.300   -0.4086   0.01405   0.00974   -0.1875   0.8032   0.0068   -8.7587   0.0000   -0.2352   
 -11.200   -0.3974   0.01377   0.00940   -0.1879   0.7985   0.0067   -8.6157   0.0000   -0.2495   
 -11.100   -0.3863   0.01351   0.00908   -0.1883   0.7937   0.0067   -8.4733   0.0000   -0.2646   
 -11.000   -0.3753   0.01327   0.00878   -0.1887   0.7887   0.0067   -8.3320   0.0000   -0.2801   
 -10.900   -0.3644   0.01305   0.00849   -0.1889   0.7833   0.0067   -8.1922   0.0000   -0.2962   
 -10.800   -0.3534   0.01284   0.00822   -0.1892   0.7777   0.0067   -8.0517   0.0000   -0.3137   
 -10.700   -0.3416   0.01261   0.00795   -0.1897   0.7756   0.0067   -7.9065   0.0000   -0.3341   
 -10.600   -0.3298   0.01240   0.00769   -0.1901   0.7726   0.0067   -7.7622   0.0000   -0.3557   
 -10.500   -0.3181   0.01220   0.00745   -0.1904   0.7687   0.0066   -7.6193   0.0000   -0.3787   
 -10.400   -0.3065   0.01202   0.00722   -0.1907   0.7638   0.0066   -7.4781   0.0000   -0.4028   
 -10.300   -0.2953   0.01186   0.00700   -0.1909   0.7580   0.0066   -7.3394   0.0000   -0.4280   
 -10.200   -0.2842   0.01172   0.00679   -0.1911   0.7514   0.0066   -7.2027   0.0000   -0.4545   
 -10.100   -0.2725   0.01156   0.00659   -0.1914   0.7477   0.0066   -7.0627   0.0000   -0.4853   
 -10.000   -0.2607   0.01140   0.00639   -0.1917   0.7444   0.0066   -6.9229   0.0000   -0.5194   
 -9.900   -0.2489   0.01125   0.00620   -0.1920   0.7410   0.0066   -6.7842   0.0000   -0.5565   
 -9.800   -0.2372   0.01111   0.00602   -0.1923   0.7375   0.0065   -6.6466   0.0000   -0.5970   
 -9.700   -0.2255   0.01097   0.00584   -0.1926   0.7341   0.0065   -6.5137   0.0000   -0.6416   
 -9.600   -0.2138   0.01084   0.00568   -0.1928   0.7309   0.0065   -6.3976   0.0000   -0.6910   
 -9.500   -0.2020   0.01071   0.00551   -0.1931   0.7276   0.0065   -6.2819   0.0000   -0.7464   
 -9.400   -0.1901   0.01058   0.00536   -0.1933   0.7246   0.0065   -6.1664   0.0000   -0.8094   
 -9.300   -0.1782   0.01044   0.00518   -0.1936   0.7216   0.0065   -6.0523   0.0000   -0.8813   
 -9.200   -0.1660   0.01030   0.00503   -0.1940   0.7205   0.0064   -5.9358   0.0000   -0.9661   
 -9.100   -0.1537   0.01016   0.00488   -0.1943   0.7196   0.0064   -5.8196   0.0000   -1.0649   
 -9.000   -0.1414   0.01002   0.00474   -0.1947   0.7186   0.0064   -5.7043   0.0000   -1.1804   
 -8.900   -0.1292   0.00990   0.00461   -0.1950   0.7173   0.0064   -5.5901   0.0000   -1.3173   
 -8.800   -0.1171   0.00979   0.00448   -0.1953   0.7150   0.0064   -5.4771   0.0000   -1.4813   
 -8.700   -0.1051   0.00970   0.00436   -0.1955   0.7110   0.0064   -5.3657   0.0000   -1.6800   
 -8.600   -0.0935   0.00962   0.00424   -0.1957   0.7038   0.0064   -5.2570   0.0000   -1.9202   
 -8.500   -0.0825   0.00958   0.00413   -0.1957   0.6937   0.0064   -5.1520   0.0000   -2.2090   
 -8.400   -0.0708   0.00951   0.00403   -0.1958   0.6872   0.0064   -5.0448   0.0000   -2.6133   
 -8.300   -0.0591   0.00945   0.00392   -0.1960   0.6813   0.0063   -4.9382   0.0000   -3.1805   
 -8.200   -0.0476   0.00940   0.00383   -0.1961   0.6751   0.0063   -4.8331   0.0000   -4.0134   
 -8.100   -0.0361   0.00935   0.00373   -0.1962   0.6685   0.0063   -4.7292   0.0000   -5.3635   
 -8.000   -0.0245   0.00930   0.00364   -0.1964   0.6618   0.0063   -4.6254   0.0000   -8.0291   
 -7.900   -0.0124   0.00923   0.00355   -0.1966   0.6594   0.0063   -4.5203   0.0000   -16.0980   
 -7.800   -0.0003   0.00915   0.00346   -0.1968   0.6576   0.0063   -4.4159   0.0000   -742.7816   
 -7.700   0.0119   0.00908   0.00338   -0.1970   0.6558   0.0063   -4.3124   0.0000   17.3978   
 -7.600   0.0239   0.00902   0.00330   -0.1973   0.6532   0.0064   -4.2100   0.0000   8.7479   
 -7.500   0.0359   0.00896   0.00322   -0.1975   0.6495   0.0064   -4.1089   0.0000   5.9164   
 -7.400   0.0477   0.00892   0.00315   -0.1976   0.6435   0.0064   -4.0263   0.0000   4.5207   
 -7.300   0.0591   0.00890   0.00308   -0.1977   0.6356   0.0064   -3.9526   0.0000   3.6949   
 -7.200   0.0706   0.00888   0.00302   -0.1978   0.6286   0.0064   -3.8789   0.0000   3.1315   
 -7.100   0.0825   0.00883   0.00295   -0.1980   0.6245   0.0064   -3.8044   0.0000   2.7176   
 -7.000   0.0944   0.00879   0.00289   -0.1981   0.6205   0.0065   -3.7304   0.0000   2.4083   
 -6.900   0.1064   0.00875   0.00281   -0.1983   0.6180   0.0065   -3.6562   0.0000   2.1661   
 -6.800   0.1182   0.00871   0.00276   -0.1984   0.6140   0.0064   -3.5833   0.0000   1.9752   
 -6.700   0.1299   0.00869   0.00271   -0.1986   0.6096   0.0064   -3.5108   0.0000   1.8198   
 -6.600   0.1416   0.00866   0.00266   -0.1987   0.6049   0.0064   -3.4385   0.0000   1.6903   
 -6.500   0.1534   0.00863   0.00261   -0.1988   0.5998   0.0064   -3.3659   0.0000   1.5800   
 -6.400   0.1654   0.00860   0.00256   -0.1990   0.5969   0.0064   -3.2926   0.0000   1.4841   
 -6.300   0.1774   0.00855   0.00251   -0.1992   0.5954   0.0064   -3.2186   0.0000   1.4008   
 -6.200   0.1894   0.00852   0.00247   -0.1994   0.5936   0.0064   -3.1429   0.0000   1.3284   
 -6.100   0.2013   0.00849   0.00244   -0.1995   0.5909   0.0064   -3.0629   0.0000   1.2650   
 -6.000   0.2129   0.00849   0.00244   -0.1996   0.5860   0.0064   -2.9752   0.0000   1.2098   
 -5.900   0.2234   0.00857   0.00253   -0.1995   0.5768   0.0064   -2.8565   0.0000   1.1635   
 -5.800   0.2336   0.00868   0.00263   -0.1993   0.5650   0.0064   -2.7513   0.0000   1.1224   
 -5.700   0.2451   0.00869   0.00263   -0.1994   0.5597   0.0064   -2.6772   0.0000   1.0815   
 -5.600   0.2567   0.00869   0.00261   -0.1995   0.5549   0.0064   -2.6075   0.0000   1.0440   
 -5.500   0.2682   0.00869   0.00260   -0.1995   0.5498   0.0064   -2.5402   0.0000   1.0098   
 -5.400   0.2797   0.00869   0.00258   -0.1996   0.5440   0.0064   -2.4752   0.0000   0.9787   
 -5.300   0.2912   0.00870   0.00255   -0.1997   0.5381   0.0064   -2.4116   0.0000   0.9498   
 -5.200   0.3030   0.00868   0.00253   -0.1998   0.5328   0.0064   -2.3489   0.0000   0.9228   
 -5.100   0.3150   0.00865   0.00249   -0.2000   0.5311   0.0064   -2.2870   0.0000   0.8975   
 -5.000   0.3270   0.00862   0.00246   -0.2002   0.5292   0.0064   -2.2264   0.0000   0.8740   
 -4.900   0.3389   0.00859   0.00243   -0.2003   0.5264   0.0064   -2.1672   0.0000   0.8522   
 -4.800   0.3507   0.00858   0.00240   -0.2005   0.5215   0.0064   -2.1094   0.0000   0.8321   
 -4.700   0.3618   0.00862   0.00239   -0.2005   0.5093   0.0064   -2.0544   0.0000   0.8140   
 -4.600   0.3727   0.00867   0.00238   -0.2005   0.4961   0.0065   -2.0005   0.0000   0.7972   
 -4.500   0.3843   0.00868   0.00236   -0.2006   0.4902   0.0065   -1.9457   0.0000   0.7807   
 -4.400   0.3957   0.00870   0.00233   -0.2006   0.4840   0.0066   -1.8916   0.0000   0.7654   
 -4.300   0.4070   0.00872   0.00232   -0.2007   0.4779   0.0066   -1.8371   0.0000   0.7509   
 -4.200   0.4184   0.00875   0.00232   -0.2007   0.4712   0.0068   -1.7812   0.0000   0.7372   
 -4.100   0.4298   0.00877   0.00233   -0.2007   0.4668   0.0070   -1.7197   0.0000   0.7242   
 -4.000   0.4379   0.00906   0.00247   -0.1999   0.4653   0.0089   -1.6327   0.0000   0.7131   
 -3.900   0.4575   0.00844   0.00196   -0.2019   0.4628   0.0152   -1.8021   0.0000   0.6975   
 -3.800   0.4685   0.00850   0.00203   -0.2019   0.4591   0.0158   -1.7061   0.0000   0.6868   
 -3.700   0.4796   0.00854   0.00210   -0.2019   0.4558   0.0162   -1.6142   0.0000   0.6765   
 -3.600   0.4890   0.00871   0.00222   -0.2016   0.4336   0.0165   -1.5344   0.0000   0.6675   
 -3.500   0.4997   0.00878   0.00232   -0.2015   0.4283   0.0168   -1.4513   0.0000   0.6582   
 -3.000   0.5571   0.00886   0.00232   -0.2020   0.4023   0.0209   -1.1766   0.0000   0.6161   
 -2.900   0.5693   0.00883   0.00227   -0.2022   0.4011   0.0208   -1.1316   0.0000   0.6085   
 -2.800   0.5814   0.00881   0.00223   -0.2024   0.3996   0.0207   -1.0869   0.0000   0.6012   
 -2.700   0.5934   0.00879   0.00219   -0.2025   0.3976   0.0206   -1.0426   0.0000   0.5942   
 -2.600   0.6053   0.00878   0.00216   -0.2027   0.3943   0.0205   -0.9987   0.0000   0.5875   
 -2.500   0.6172   0.00877   0.00213   -0.2028   0.3911   0.0202   -0.9549   0.0000   0.5810   
 -2.400   0.6271   0.00892   0.00217   -0.2026   0.3696   0.0199   -0.9147   0.0000   0.5753   
 -2.300   0.6387   0.00894   0.00215   -0.2027   0.3654   0.0192   -0.9007   0.0000   0.5694   
 -2.200   0.6503   0.00896   0.00214   -0.2028   0.3610   0.0192   -0.9095   0.0000   0.5637   
 -2.100   0.6618   0.00898   0.00213   -0.2029   0.3567   0.0192   -0.9182   0.0000   0.5581   
 -2.000   0.6730   0.00903   0.00212   -0.2029   0.3506   0.0191   -0.9269   0.0000   0.5529   
 -1.900   0.6842   0.00908   0.00212   -0.2029   0.3418   0.0191   -0.9356   0.0000   0.5478   
 -1.800   0.6959   0.00909   0.00211   -0.2030   0.3379   0.0191   -0.9447   0.0000   0.5428   
 -1.700   0.7076   0.00910   0.00210   -0.2031   0.3349   0.0190   -0.9542   0.0000   0.5379   
 -1.600   0.7189   0.00913   0.00211   -0.2031   0.3277   0.0190   -0.9647   0.0000   0.5333   
 -1.500   0.7281   0.00935   0.00219   -0.2028   0.3025   0.0191   -0.9754   0.0000   0.5291   
 -1.400   0.7387   0.00944   0.00221   -0.2027   0.2930   0.0193   -0.9803   0.0000   0.5248   
 -1.300   0.7496   0.00952   0.00223   -0.2027   0.2827   0.0196   -0.9902   0.0000   0.5206   
 -1.200   0.7611   0.00954   0.00223   -0.2027   0.2779   0.0199   -1.0007   0.0000   0.5164   
 -1.100   0.7727   0.00955   0.00223   -0.2028   0.2759   0.0202   -1.0114   0.0000   0.5123   
 -1.000   0.7842   0.00957   0.00224   -0.2029   0.2731   0.0204   -1.0224   0.0000   0.5084   
 -0.900   0.7959   0.00958   0.00224   -0.2030   0.2721   0.0205   -1.0330   0.0000   0.5046   
 -0.800   0.8054   0.00977   0.00233   -0.2027   0.2498   0.0205   -1.0474   0.0000   0.5011   
 -0.700   0.8165   0.00982   0.00235   -0.2027   0.2459   0.0203   -1.0570   0.0000   0.4975   
 -0.600   0.8277   0.00987   0.00238   -0.2027   0.2422   0.0202   -1.0653   0.0000   0.4940   
 -0.500   0.8388   0.00992   0.00241   -0.2027   0.2385   0.0201   -1.0721   0.0000   0.4906   
 -0.400   0.8498   0.00997   0.00243   -0.2027   0.2347   0.0200   -1.0786   0.0000   0.4873   
 -0.300   0.8609   0.01003   0.00246   -0.2027   0.2301   0.0199   -1.0852   0.0000   0.4841   
 -0.200   0.8720   0.01008   0.00249   -0.2027   0.2233   0.0198   -1.0926   0.0000   0.4809   
 -0.100   0.8833   0.01011   0.00251   -0.2027   0.2209   0.0198   -1.1027   0.0000   0.4778   
 0.000   0.8946   0.01014   0.00254   -0.2028   0.2184   0.0197   -1.1133   0.0000   0.4748   
 0.100   0.9059   0.01018   0.00257   -0.2028   0.2157   0.0196   -1.1241   0.0000   0.4719   
 0.200   0.9151   0.01038   0.00269   -0.2025   0.1955   0.0196   -1.1389   0.0000   0.4691   
 0.300   0.9261   0.01044   0.00273   -0.2024   0.1923   0.0196   -1.1503   0.0000   0.4663   
 0.400   0.9370   0.01050   0.00278   -0.2024   0.1891   0.0196   -1.1605   0.0000   0.4636   
 0.500   0.9478   0.01057   0.00282   -0.2023   0.1859   0.0196   -1.1704   0.0000   0.4609   
 0.600   0.9587   0.01063   0.00287   -0.2023   0.1827   0.0196   -1.1814   0.0000   0.4583   
 0.700   0.9696   0.01069   0.00291   -0.2023   0.1793   0.0197   -1.1922   0.0000   0.4557   
 0.800   0.9806   0.01074   0.00296   -0.2022   0.1754   0.0199   -1.2029   0.0000   0.4532   
 0.900   0.9917   0.01079   0.00299   -0.2022   0.1719   0.0205   -1.2135   0.0000   0.4508   
 1.000   1.0031   0.01081   0.00307   -0.2023   0.1703   0.0336   -1.2241   0.0000   0.4484   
 1.100   1.0144   0.01084   0.00311   -0.2023   0.1697   0.0363   -1.2355   0.0000   0.4460   
 1.200   1.0256   0.01087   0.00314   -0.2023   0.1690   0.0374   -1.2504   0.0000   0.4437   
 1.300   1.0367   0.01091   0.00318   -0.2023   0.1682   0.0380   -1.2653   0.0000   0.4415   
 1.400   1.0478   0.01094   0.00322   -0.2023   0.1671   0.0384   -1.2804   0.0000   0.4393   
 1.500   1.0589   0.01099   0.00326   -0.2023   0.1655   0.0396   -1.2956   0.0000   0.4371   
 1.600   1.0699   0.01103   0.00330   -0.2023   0.1638   0.0413   -1.3109   0.0000   0.4350   
 1.700   1.0787   0.01125   0.00345   -0.2019   0.1460   0.0432   -1.3297   0.0000   0.4329   
 1.800   1.0894   0.01132   0.00350   -0.2018   0.1435   0.0458   -1.3431   0.0000   0.4309   
 1.900   1.0999   0.01140   0.00356   -0.2018   0.1410   0.0481   -1.3557   0.0000   0.4289   
 2.000   1.1106   0.01148   0.00363   -0.2017   0.1384   0.0502   -1.3672   0.0000   0.4269   
 2.100   1.1215   0.01154   0.00370   -0.2017   0.1358   0.0626   -1.3784   0.0000   0.4250   
 2.200   1.1321   0.01161   0.00377   -0.2016   0.1330   0.0652   -1.3898   0.0000   0.4231   
 2.300   1.1428   0.01167   0.00382   -0.2015   0.1300   0.0700   -1.4024   0.0000   0.4212   
 2.400   1.1552   0.01166   0.00390   -0.2019   0.1269   0.1237   -1.4211   0.0000   0.4195   
 2.500   1.1677   0.01164   0.00396   -0.2023   0.1243   0.1705   -1.4399   0.0000   0.4178   
 2.600   1.1796   0.01164   0.00401   -0.2025   0.1237   0.2015   -1.4589   0.0000   0.4161   
 2.700   1.1912   0.01166   0.00407   -0.2027   0.1232   0.2220   -1.4779   0.0000   0.4145   
 2.800   1.2030   0.01167   0.00413   -0.2029   0.1225   0.2499   -1.4970   0.0000   0.4128   
 2.900   1.2147   0.01168   0.00419   -0.2031   0.1215   0.2741   -1.5167   0.0000   0.4112   
 3.000   1.2263   0.01171   0.00427   -0.2033   0.1183   0.3065   -1.5395   0.0000   0.4097   
 3.100   1.2350   0.01196   0.00447   -0.2029   0.1017   0.3244   -1.5596   0.0000   0.4081   
 3.300   1.2559   0.01218   0.00469   -0.2029   0.0924   0.3705   -1.6033   0.0000   0.4050   
 3.400   1.2666   0.01226   0.00480   -0.2029   0.0869   0.3884   -1.6252   0.0000   0.4035   
 3.500   1.2773   0.01232   0.00488   -0.2028   0.0842   0.4015   -1.6483   0.0000   0.4020   
 3.600   1.2885   0.01237   0.00497   -0.2029   0.0834   0.4208   -1.6736   0.0000   0.4005   
 3.700   1.2990   0.01243   0.00505   -0.2028   0.0823   0.4312   -1.6980   0.0000   0.3990   
 3.800   1.3094   0.01251   0.00514   -0.2027   0.0807   0.4370   -1.7221   0.0000   0.3975   
 3.900   1.3201   0.01255   0.00520   -0.2026   0.0826   0.4364   -1.7447   0.0000   0.3961   
 4.000   1.3310   0.01261   0.00528   -0.2026   0.0822   0.4496   -1.7785   0.0000   0.3947   
 4.100   1.3415   0.01268   0.00537   -0.2025   0.0809   0.4600   -1.8120   0.0000   0.3933   
 4.200   1.3516   0.01277   0.00546   -0.2024   0.0782   0.4668   -1.8450   0.0000   0.3919   
 4.300   1.3598   0.01302   0.00568   -0.2019   0.0660   0.4769   -1.8751   0.0000   0.3905   
 4.400   1.3697   0.01313   0.00578   -0.2017   0.0641   0.4872   -1.9080   0.0000   0.3891   
 4.500   1.3794   0.01325   0.00589   -0.2015   0.0624   0.4939   -1.9408   0.0000   0.3878   
 4.600   1.3891   0.01336   0.00598   -0.2012   0.0606   0.4979   -1.9737   0.0000   0.3864   
 4.700   1.3989   0.01346   0.00608   -0.2010   0.0586   0.5037   -2.0068   0.0000   0.3851   
 4.800   1.4090   0.01356   0.00620   -0.2009   0.0565   0.5173   -2.0406   0.0000   0.3838   
 4.900   1.4190   0.01365   0.00631   -0.2007   0.0547   0.5280   -2.0742   0.0000   0.3825   
 5.000   1.4289   0.01375   0.00641   -0.2005   0.0531   0.5355   -2.1078   0.0000   0.3812   
 5.100   1.4390   0.01383   0.00652   -0.2004   0.0517   0.5477   -2.1420   0.0000   0.3800   
 5.200   1.4489   0.01392   0.00663   -0.2002   0.0515   0.5547   -2.1773   0.0000   0.3788   
 5.300   1.4586   0.01402   0.00674   -0.1999   0.0511   0.5581   -2.2125   0.0000   0.3775   
 5.400   1.4681   0.01412   0.00685   -0.1997   0.0505   0.5611   -2.2475   0.0000   0.3763   
 5.500   1.4775   0.01424   0.00696   -0.1994   0.0497   0.5636   -2.2824   0.0000   0.3751   
 5.600   1.4867   0.01435   0.00708   -0.1990   0.0487   0.5662   -2.3173   0.0000   0.3739   
 5.700   1.4960   0.01448   0.00721   -0.1987   0.0474   0.5733   -2.3525   0.0000   0.3727   
 5.800   1.5053   0.01460   0.00735   -0.1984   0.0461   0.5805   -2.3876   0.0000   0.3715   
 5.900   1.5143   0.01473   0.00748   -0.1981   0.0447   0.5877   -2.4226   0.0000   0.3703   
 6.000   1.5232   0.01487   0.00762   -0.1977   0.0433   0.5949   -2.4573   0.0000   0.3692   
 6.100   1.5313   0.01506   0.00784   -0.1972   0.0381   0.6079   -2.4917   0.0000   0.3680   
 6.200   1.5405   0.01517   0.00797   -0.1969   0.0377   0.6174   -2.5282   0.0000   0.3669   
 6.300   1.5495   0.01529   0.00809   -0.1966   0.0373   0.6242   -2.5643   0.0000   0.3657   
 6.400   1.5583   0.01541   0.00821   -0.1962   0.0368   0.6282   -2.6000   0.0000   0.3646   
 6.500   1.5670   0.01553   0.00834   -0.1958   0.0362   0.6327   -2.6360   0.0000   0.3635   
 6.600   1.5754   0.01566   0.00848   -0.1953   0.0355   0.6400   -2.6718   0.0000   0.3623   
 6.700   1.5830   0.01580   0.00862   -0.1947   0.0343   0.6457   -2.7069   0.0000   0.3612   
 6.800   1.5863   0.01614   0.00891   -0.1933   0.0276   0.6503   -2.7411   0.0000   0.3599   
 6.900   1.5917   0.01638   0.00913   -0.1923   0.0240   0.6547   -2.7703   0.0000   0.3587   
 7.000   1.5970   0.01663   0.00936   -0.1912   0.0213   0.6584   -2.7899   0.0000   0.3575   
 7.200   1.6108   0.01699   0.00972   -0.1898   0.0168   0.6690   -2.8436   0.0000   0.3552   
 7.300   1.6181   0.01714   0.00989   -0.1891   0.0162   0.6743   -2.8764   0.0000   0.3541   
 7.600   1.6293   0.01819   0.01093   -0.1853   0.0043   0.6866   -2.9652   0.0000   0.3505   
 7.700   1.6355   0.01841   0.01115   -0.1845   0.0041   0.6897   -2.9979   0.0000   0.3494   
 7.800   1.6419   0.01862   0.01137   -0.1837   0.0039   0.6934   -3.0307   0.0000   0.3483   
 7.900   1.6487   0.01882   0.01159   -0.1831   0.0037   0.6995   -3.0640   0.0000   0.3472   
 8.000   1.6557   0.01902   0.01180   -0.1824   0.0035   0.7050   -3.0967   0.0000   0.3462   
 8.100   1.6625   0.01922   0.01201   -0.1818   0.0032   0.7102   -3.1288   0.0000   0.3452   
 8.200   1.6692   0.01942   0.01222   -0.1811   0.0028   0.7151   -3.1608   0.0000   0.3442   
 8.300   1.6760   0.01962   0.01243   -0.1804   0.0025   0.7197   -3.1929   0.0000   0.3432   
 8.400   1.6829   0.01982   0.01265   -0.1798   0.0021   0.7263   -3.2258   0.0000   0.3422   
 8.500   1.6893   0.02005   0.01292   -0.1791   0.0023   0.7342   -3.2589   0.0000   0.3412   
 8.600   1.6956   0.02028   0.01318   -0.1784   0.0023   0.7417   -3.2914   0.0000   0.3402   
 8.700   1.7020   0.02051   0.01342   -0.1777   0.0019   0.7482   -3.3237   0.0000   0.3392   
 12.200   1.8516   0.03644   0.03042   -0.1516   0.0022   1.0000   -4.7068   0.0000   0.3097   
 12.300   1.8532   0.03726   0.03128   -0.1509   0.0023   1.0000   -4.7666   0.0000   0.3090   
 12.400   1.8549   0.03808   0.03212   -0.1502   0.0024   1.0000   -4.8268   0.0000   0.3083   
 12.500   1.8569   0.03888   0.03295   -0.1496   0.0025   1.0000   -4.8865   0.0000   0.3077   
 12.600   1.8589   0.03968   0.03379   -0.1490   0.0027   1.0000   -4.9438   0.0000   0.3070   
 12.700   1.8633   0.04026   0.03437   -0.1485   0.0031   1.0000   -4.9893   0.0000   0.3064   
 12.800   1.8790   0.03976   0.03377   -0.1487   0.0040   1.0000   -5.0513   0.0000   0.3056   
 12.900   1.8913   0.03958   0.03356   -0.1488   0.0044   1.0000   -5.1319   0.0000   0.3049   
 18.300   1.7500   0.13117   0.12763   -0.1473   0.0033   1.0000   -7.1261   0.0000   0.2967   
 18.400   1.7455   0.13341   0.12991   -0.1482   0.0033   1.0000   -7.1469   0.0000   0.2971   
 18.500   1.7412   0.13558   0.13212   -0.1490   0.0032   1.0000   -7.1698   0.0000   0.2975   
 18.600   1.7369   0.13777   0.13435   -0.1499   0.0032   1.0000   -7.1912   0.0000   0.2980   
 18.700   1.7308   0.14036   0.13698   -0.1510   0.0031   1.0000   -7.1961   0.0000   0.2987   
 18.800   1.7245   0.14305   0.13972   -0.1523   0.0031   1.0000   -7.1972   0.0000   0.2995   
 18.900   1.7198   0.14536   0.14207   -0.1533   0.0031   1.0000   -7.2132   0.0000   0.3000   
 19.000   1.7156   0.14758   0.14433   -0.1543   0.0030   1.0000   -7.2321   0.0000   0.3006   
 19.100   1.7105   0.14999   0.14679   -0.1555   0.0030   1.0000   -7.2418   0.0000   0.3013   
 19.200   1.7040   0.15262   0.14947   -0.1570   0.0030   1.0000   -7.2360   0.0000   0.3022   
 19.300   1.7002   0.15461   0.15149   -0.1582   0.0030   1.0000   -7.2539   0.0000   0.3028   
 19.400   1.6968   0.15648   0.15340   -0.1593   0.0029   1.0000   -7.2763   0.0000   0.3034   
 19.500   1.6935   0.15838   0.15533   -0.1604   0.0029   1.0000   -7.2985   0.0000   0.3040   
 19.600   1.6900   0.16036   0.15734   -0.1615   0.0028   1.0000   -7.3187   0.0000   0.3046   
 19.700   1.6843   0.16291   0.15994   -0.1631   0.0028   1.0000   -7.3149   0.0000   0.3056   
 19.800   1.6791   0.16540   0.16247   -0.1646   0.0028   1.0000   -7.3153   0.0000   0.3065   
 19.900   1.6752   0.16761   0.16473   -0.1659   0.0028   1.0000   -7.3287   0.0000   0.3073   
 20.000   1.6716   0.16980   0.16696   -0.1671   0.0027   1.0000   -7.3447   0.0000   0.3080   
