XFLR5 v6.02 Beta

 Calculated polar for: WORTMANN FX 63-137

 1 1 Reynolds number fixed          Mach number fixed         

 xtrf =   1.000 (top)        1.000 (bottom)
 Mach =   0.000     Re =    64.750 e 6     Ncrit =   9.000

  alpha     CL        CD       CDp       CM    Top Xtr Bot Xtr   Cpmin    Chinge    XCp    
 ------- -------- --------- --------- -------- ------- ------- -------- --------- ---------
 -22.500  -0.3794   0.22042   0.21801  -0.0558  0.2211  0.0013  -4.6500   0.0000   0.0536
 -21.500  -0.3762   0.19863   0.19617  -0.0652  0.2211  0.0014  -6.3823   0.0000   0.0256
 -21.000  -0.3589   0.19337   0.19089  -0.0687  0.2210  0.0014  -6.1733   0.0000   0.0069
 -20.000  -1.2917   0.02358   0.02002  -0.1756  0.4024  0.0014  -27.1315   0.0000   0.0847
 -19.500  -1.2756   0.02033   0.01671  -0.1772  0.4018  0.0014  -26.4273   0.0000   0.0829
 -19.000  -1.2499   0.01762   0.01396  -0.1798  0.4012  0.0015  -25.5964   0.0000   0.0792
 -18.000  -1.1490   0.01397   0.01013  -0.1888  0.3380  0.0016  -23.3276   0.0000   0.0602
 -17.500  -1.0968   0.01311   0.00920  -0.1902  0.3073  0.0017  -22.1677   0.0000   0.0517
 -17.000  -1.0426   0.01236   0.00840  -0.1914  0.2998  0.0018  -21.0079   0.0000   0.0420
 -16.500  -0.9873   0.01169   0.00770  -0.1926  0.2927  0.0019  -19.8596   0.0000   0.0310
 -16.000  -0.9310   0.01108   0.00706  -0.1937  0.2858  0.0020  -18.7278   0.0000   0.0184
 -15.500  -0.8739   0.01052   0.00647  -0.1948  0.2811  0.0021  -17.6164   0.0000   0.0038
 -15.000  -0.8163   0.01001   0.00593  -0.1958  0.2774  0.0022  -16.5287   0.0000  -0.0130
 -14.500  -0.7594   0.00961   0.00544  -0.1966  0.2231  0.0023  -15.4786   0.0000  -0.0319
 -14.000  -0.7009   0.00918   0.00498  -0.1976  0.2216  0.0025  -14.4423   0.0000  -0.0550
 -13.500  -0.6421   0.00879   0.00457  -0.1985  0.2208  0.0026  -13.5168   0.0000  -0.0826
 -13.000  -0.5836   0.00847   0.00418  -0.1994  0.1917  0.0027  -12.6244   0.0000  -0.1155
 -11.000  -0.3456   0.00730   0.00288  -0.2030  0.1451  0.0038  -9.2827   0.0000  -0.3673
 -10.500  -0.2860   0.00711   0.00266  -0.2038  0.1401  0.0039  -8.5125   0.0000  -0.4964
 -10.000  -0.2262   0.00694   0.00246  -0.2046  0.1350  0.0040  -7.7716   0.0000  -0.6941
  -9.500  -0.1664   0.00679   0.00229  -0.2054  0.1299  0.0041  -7.0602   0.0000  -1.0344
  -9.000  -0.1066   0.00665   0.00213  -0.2062  0.1239  0.0041  -6.3785   0.0000  -1.7572
  -8.500  -0.0467   0.00653   0.00200  -0.2069  0.1236  0.0041  -5.7245   0.0000  -4.3351
  -8.000   0.0132   0.00642   0.00187  -0.2076  0.1233  0.0042  -5.1002   0.0000  16.5426
  -7.500   0.0730   0.00633   0.00177  -0.2084  0.1229  0.0042  -4.5055   0.0000   3.1903
  -7.000   0.1327   0.00626   0.00167  -0.2091  0.1228  0.0043  -4.0426   0.0000   1.8680
  -6.500   0.1919   0.00623   0.00161  -0.2096  0.1029  0.0043  -3.6527   0.0000   1.3698
  -6.000   0.2514   0.00620   0.00155  -0.2103  0.0999  0.0043  -3.2766   0.0000   1.1057
  -5.500   0.3108   0.00617   0.00150  -0.2109  0.0971  0.0044  -2.9157   0.0000   0.9427
  -5.000   0.3701   0.00616   0.00147  -0.2115  0.0946  0.0044  -2.5701   0.0000   0.8320
  -4.500   0.4294   0.00615   0.00144  -0.2120  0.0891  0.0044  -2.2399   0.0000   0.7520
  -4.000   0.4886   0.00615   0.00143  -0.2126  0.0843  0.0045  -1.9253   0.0000   0.6914
  -3.500   0.5476   0.00616   0.00143  -0.2132  0.0842  0.0045  -1.6267   0.0000   0.6440
  -3.000   0.6066   0.00618   0.00144  -0.2137  0.0841  0.0046  -1.3438   0.0000   0.6057
  -2.500   0.6654   0.00621   0.00146  -0.2142  0.0839  0.0046  -1.0763   0.0000   0.5742
  -2.000   0.7224   0.00638   0.00155  -0.2143  0.0496  0.0049  -0.9621   0.0000   0.5480
  -1.500   0.7805   0.00646   0.00160  -0.2147  0.0461  0.0057  -1.0125   0.0000   0.5255
  -1.000   0.8386   0.00654   0.00167  -0.2151  0.0436  0.0067  -1.0648   0.0000   0.5061
  -0.500   0.8965   0.00663   0.00174  -0.2154  0.0413  0.0074  -1.1174   0.0000   0.4892
   0.000   0.9542   0.00672   0.00182  -0.2158  0.0391  0.0079  -1.1703   0.0000   0.4742
   0.500   1.0117   0.00683   0.00192  -0.2161  0.0382  0.0098  -1.2253   0.0000   0.4610
   1.000   1.0692   0.00692   0.00201  -0.2164  0.0402  0.0170  -1.2905   0.0000   0.4491
   1.500   1.1263   0.00705   0.00213  -0.2166  0.0393  0.0171  -1.3662   0.0000   0.4383
   2.000   1.1829   0.00720   0.00226  -0.2168  0.0373  0.0208  -1.4424   0.0000   0.4285
   2.500   1.2359   0.00764   0.00261  -0.2162  0.0015  0.0371  -1.5311   0.0000   0.4195
   3.500   1.3469   0.00805   0.00298  -0.2162  0.0013  0.0391  -1.7649   0.0000   0.4036
   4.000   1.4019   0.00827   0.00319  -0.2161  0.0013  0.0420  -1.9113   0.0000   0.3965
   4.500   1.4564   0.00851   0.00341  -0.2159  0.0013  0.0477  -2.0901   0.0000   0.3899
   5.500   1.5644   0.00903   0.00391  -0.2154  0.0013  0.0735  -2.4606   0.0000   0.3778
   6.000   1.6178   0.00931   0.00420  -0.2152  0.0012  0.1073  -2.6522   0.0000   0.3722
   6.500   1.6704   0.00961   0.00450  -0.2147  0.0012  0.1192  -2.8472   0.0000   0.3669
   7.500   1.7739   0.01028   0.00515  -0.2136  0.0012  0.1467  -3.2478   0.0000   0.3571
   8.000   1.8242   0.01065   0.00551  -0.2128  0.0012  0.1464  -3.4524   0.0000   0.3524
   8.500   1.8739   0.01104   0.00589  -0.2118  0.0012  0.1621  -3.6597   0.0000   0.3479
   9.000   1.9232   0.01144   0.00632  -0.2109  0.0012  0.2178  -3.9370   0.0000   0.3436
   9.500   1.9712   0.01187   0.00677  -0.2098  0.0012  0.2492  -4.3170   0.0000   0.3394
  10.000   2.0183   0.01232   0.00727  -0.2085  0.0012  0.3085  -4.9014   0.0000   0.3353
  10.500   2.0631   0.01283   0.00779  -0.2068  0.0011  0.3458  -5.5039   0.0000   0.3312
  11.000   2.1055   0.01339   0.00836  -0.2047  0.0011  0.3692  -6.1219   0.0000   0.3272
  11.500   2.1321   0.01402   0.00900  -0.1993  0.0011  0.3694  -6.6669   0.0000   0.3225
  12.000   2.1608   0.01477   0.00976  -0.1946  0.0010  0.3695  -7.2463   0.0000   0.3180
  12.500   2.1903   0.01564   0.01064  -0.1903  0.0010  0.3709  -7.8520   0.0000   0.3138
  13.000   2.2192   0.01662   0.01169  -0.1861  0.0009  0.4335  -8.4746   0.0000   0.3097
  13.500   2.2463   0.01779   0.01291  -0.1819  0.0009  0.4669  -9.1056   0.0000   0.3058
  16.500   2.3107   0.03460   0.03021  -0.1527  0.0031  0.6179  -12.4053   0.0000   0.2838
  17.000   2.3170   0.03853   0.03422  -0.1494  0.0035  0.6352  -12.9603   0.0000   0.2808
  18.000   2.3220   0.04813   0.04399  -0.1438  0.0043  0.6895  -14.0289   0.0000   0.2756
  18.500   2.3219   0.05375   0.04971  -0.1418  0.0045  0.7176  -14.5519   0.0000   0.2733
  19.000   2.3184   0.06006   0.05613  -0.1403  0.0046  0.7509  -15.0500   0.0000   0.2712
  19.500   2.3146   0.06670   0.06288  -0.1393  0.0046  0.7974  -15.5522   0.0000   0.2694
  20.000   2.3174   0.07246   0.06874  -0.1387  0.0046  0.8336  -16.1283   0.0000   0.2675


