XFLR5 v6.02 Beta

 Calculated polar for: WORTMANN FX 63-137

 1 1 Reynolds number fixed          Mach number fixed         

 xtrf =   1.000 (top)        1.000 (bottom)
 Mach =   0.000     Re =    59.000 e 6     Ncrit =   9.000

  alpha     CL        CD       CDp       CM    Top Xtr Bot Xtr   Cpmin    Chinge    XCp    
 ------- -------- --------- --------- -------- ------- ------- -------- --------- ---------
 -22.500  -1.1900   0.06414   0.06105  -0.1441  0.4314  0.0014  -27.1245   0.0000   0.0903
 -22.000  -1.2459   0.05068   0.04746  -0.1547  0.4333  0.0014  -27.8799   0.0000   0.0896
 -21.500  -1.2770   0.04105   0.03770  -0.1624  0.4283  0.0014  -28.0909   0.0000   0.0886
 -21.000  -1.2927   0.03374   0.03029  -0.1681  0.4222  0.0014  -27.9792   0.0000   0.0875
 -20.500  -1.2896   0.02896   0.02544  -0.1715  0.4187  0.0014  -27.5119   0.0000   0.0860
 -20.000  -1.2800   0.02487   0.02130  -0.1743  0.4145  0.0015  -26.9274   0.0000   0.0842
 -19.500  -1.2657   0.02127   0.01765  -0.1766  0.4098  0.0015  -26.2641   0.0000   0.0822
 -19.000  -1.2463   0.01839   0.01472  -0.1783  0.4044  0.0016  -25.5191   0.0000   0.0799
 -18.500  -1.2019   0.01596   0.01224  -0.1834  0.4019  0.0016  -24.4660   0.0000   0.0712
 -18.000  -1.1489   0.01429   0.01044  -0.1881  0.3427  0.0017  -23.3103   0.0000   0.0608
 -17.000  -1.0427   0.01257   0.00861  -0.1910  0.3084  0.0019  -20.9984   0.0000   0.0425
 -16.500  -0.9877   0.01188   0.00787  -0.1922  0.3011  0.0020  -19.8551   0.0000   0.0315
 -16.000  -0.9317   0.01126   0.00720  -0.1933  0.2941  0.0021  -18.7274   0.0000   0.0190
 -15.500  -0.8747   0.01068   0.00660  -0.1944  0.2897  0.0022  -17.6183   0.0000   0.0045
 -15.000  -0.8173   0.01015   0.00604  -0.1954  0.2782  0.0023  -16.5323   0.0000  -0.0122
 -14.500  -0.7604   0.00973   0.00553  -0.1962  0.2298  0.0025  -15.4832   0.0000  -0.0311
 -14.000  -0.7020   0.00929   0.00505  -0.1972  0.2221  0.0026  -14.4477   0.0000  -0.0541
 -13.500  -0.6432   0.00889   0.00463  -0.1982  0.2209  0.0027  -13.5230   0.0000  -0.0816
 -13.000  -0.5845   0.00855   0.00424  -0.1991  0.1981  0.0029  -12.6292   0.0000  -0.1145
 -12.500  -0.5256   0.00823   0.00386  -0.2000  0.1696  0.0031  -11.7587   0.0000  -0.1551
 -11.500  -0.4061   0.00760   0.00319  -0.2019  0.1690  0.0037  -10.0806   0.0000  -0.2747
 -11.000  -0.3463   0.00736   0.00293  -0.2028  0.1689  0.0039  -9.2806   0.0000  -0.3655
 -10.500  -0.2871   0.00720   0.00271  -0.2035  0.1433  0.0040  -8.5145   0.0000  -0.4925
 -10.000  -0.2274   0.00703   0.00251  -0.2043  0.1380  0.0040  -7.7745   0.0000  -0.6878
  -9.500  -0.1676   0.00688   0.00233  -0.2051  0.1327  0.0041  -7.0635   0.0000  -1.0231
  -9.000  -0.1078   0.00674   0.00217  -0.2059  0.1241  0.0041  -6.3822   0.0000  -1.7314
  -8.500  -0.0479   0.00662   0.00203  -0.2066  0.1238  0.0041  -5.7283   0.0000  -4.2106
  -8.000   0.0119   0.00651   0.00191  -0.2073  0.1235  0.0042  -5.1039   0.0000  18.2002
  -7.500   0.0717   0.00642   0.00180  -0.2081  0.1232  0.0042  -4.5093   0.0000   3.2364
  -6.500   0.1912   0.00627   0.00162  -0.2095  0.1227  0.0043  -3.6524   0.0000   1.3728
  -6.000   0.2502   0.00627   0.00157  -0.2100  0.1016  0.0043  -3.2783   0.0000   1.1085
  -5.500   0.3096   0.00625   0.00152  -0.2106  0.0987  0.0044  -2.9176   0.0000   0.9444
  -5.000   0.3689   0.00623   0.00149  -0.2112  0.0960  0.0044  -2.5722   0.0000   0.8332
  -4.500   0.4282   0.00623   0.00146  -0.2118  0.0918  0.0045  -2.2419   0.0000   0.7528
  -4.000   0.4873   0.00623   0.00145  -0.2123  0.0844  0.0045  -1.9276   0.0000   0.6920
  -3.500   0.5464   0.00624   0.00145  -0.2129  0.0842  0.0045  -1.6290   0.0000   0.6443
  -3.000   0.6053   0.00626   0.00146  -0.2134  0.0841  0.0046  -1.3462   0.0000   0.6060
  -2.500   0.6641   0.00629   0.00148  -0.2139  0.0839  0.0046  -1.0786   0.0000   0.5744
  -2.000   0.7213   0.00645   0.00157  -0.2141  0.0563  0.0050  -0.9614   0.0000   0.5482
  -1.500   0.7793   0.00654   0.00162  -0.2144  0.0479  0.0059  -1.0117   0.0000   0.5256
  -1.000   0.8373   0.00662   0.00169  -0.2148  0.0452  0.0070  -1.0640   0.0000   0.5062
  -0.500   0.8952   0.00671   0.00177  -0.2151  0.0427  0.0077  -1.1165   0.0000   0.4892
   0.000   0.9528   0.00681   0.00185  -0.2155  0.0405  0.0083  -1.1694   0.0000   0.4743
   0.500   1.0105   0.00690   0.00194  -0.2158  0.0384  0.0154  -1.2243   0.0000   0.4610
   1.000   1.0678   0.00701   0.00204  -0.2161  0.0414  0.0170  -1.2893   0.0000   0.4491
   1.500   1.1248   0.00714   0.00216  -0.2163  0.0404  0.0171  -1.3649   0.0000   0.4383
   2.500   1.2344   0.00774   0.00265  -0.2159  0.0017  0.0372  -1.5295   0.0000   0.4195
   3.500   1.3453   0.00815   0.00302  -0.2158  0.0013  0.0396  -1.7628   0.0000   0.4035
   4.000   1.4002   0.00838   0.00323  -0.2157  0.0013  0.0427  -1.9083   0.0000   0.3964
   4.500   1.4547   0.00862   0.00346  -0.2155  0.0013  0.0486  -2.0869   0.0000   0.3898
   5.500   1.5624   0.00915   0.00397  -0.2150  0.0013  0.0750  -2.4569   0.0000   0.3777
   6.000   1.6158   0.00943   0.00427  -0.2147  0.0012  0.1103  -2.6483   0.0000   0.3721
   6.500   1.6684   0.00974   0.00457  -0.2143  0.0012  0.1225  -2.8430   0.0000   0.3668
   7.000   1.7204   0.01006   0.00489  -0.2138  0.0012  0.1461  -3.0416   0.0000   0.3618
   7.500   1.7715   0.01042   0.00523  -0.2131  0.0012  0.1512  -3.2428   0.0000   0.3570
   8.000   1.8217   0.01079   0.00560  -0.2123  0.0012  0.1477  -3.4469   0.0000   0.3523
   8.500   1.8713   0.01119   0.00600  -0.2113  0.0012  0.1718  -3.6541   0.0000   0.3478
   9.000   1.9209   0.01158   0.00643  -0.2105  0.0012  0.2489  -3.9301   0.0000   0.3435
   9.500   1.9679   0.01204   0.00688  -0.2092  0.0012  0.2502  -4.2986   0.0000   0.3392
  10.000   2.0150   0.01249   0.00740  -0.2079  0.0011  0.3285  -4.8815   0.0000   0.3352
  11.000   2.1005   0.01359   0.00852  -0.2037  0.0011  0.3703  -6.0897   0.0000   0.3270
  11.500   2.1254   0.01424   0.00919  -0.1980  0.0011  0.3747  -6.6220   0.0000   0.3222
  12.000   2.1546   0.01502   0.00997  -0.1934  0.0010  0.3762  -7.2034   0.0000   0.3178
  12.500   2.1844   0.01590   0.01087  -0.1892  0.0010  0.3882  -7.8097   0.0000   0.3136
  13.000   2.2132   0.01692   0.01196  -0.1852  0.0010  0.4564  -8.4292   0.0000   0.3095
  13.500   2.2393   0.01815   0.01323  -0.1809  0.0009  0.4872  -9.0512   0.0000   0.3056
  14.000   2.2629   0.01960   0.01472  -0.1765  0.0008  0.4975  -9.6737   0.0000   0.3016
  15.000   2.2631   0.02608   0.02145  -0.1628  0.0015  0.5449  -10.5259   0.0000   0.2933
  15.500   2.2758   0.02899   0.02444  -0.1587  0.0020  0.5698  -11.1283   0.0000   0.2899
  16.000   2.2939   0.03171   0.02723  -0.1557  0.0024  0.6082  -11.7698   0.0000   0.2868
  16.500   2.3038   0.03526   0.03086  -0.1522  0.0028  0.6338  -12.3450   0.0000   0.2837
  17.000   2.3105   0.03919   0.03486  -0.1490  0.0031  0.6590  -12.9035   0.0000   0.2808
  17.500   2.3134   0.04384   0.03961  -0.1460  0.0037  0.6898  -13.4345   0.0000   0.2781
  18.000   2.3148   0.04903   0.04489  -0.1436  0.0040  0.7174  -13.9620   0.0000   0.2756
  18.500   2.3140   0.05482   0.05078  -0.1417  0.0042  0.7524  -14.4777   0.0000   0.2734
  19.000   2.3112   0.06124   0.05732  -0.1404  0.0044  0.8016  -14.9800   0.0000   0.2715


