xflr5 v6.59

 Calculated polar for: WORTMANN FX 63-137 AIRFOIL

 1 1 Reynolds number fixed          Mach number fixed         

 xtrf =   1.000 (top)        1.000 (bottom)
 Mach =   0.000     Re =     2.400 e 6     Ncrit =   9.000

  alpha     CL        CD       CDp       Cm    Top Xtr Bot Xtr   Cpmin    Chinge    XCp    
 ------- -------- --------- --------- -------- ------- ------- -------- --------- ---------
 -13.900   -0.5776   0.06166   0.06005   -0.1059   0.9882   0.0067   -10.1642   0.0000   0.0403   
 -13.500   -0.1142   0.11890   0.11659   -0.1041   0.7801   0.0057   -2.6964   0.0000   -0.7526   
 -13.400   -0.1109   0.11788   0.11556   -0.1046   0.7758   0.0059   -2.6635   0.0000   -0.7867   
 -13.300   -0.1075   0.11687   0.11453   -0.1051   0.7712   0.0061   -2.6304   0.0000   -0.8231   
 -13.200   -0.1043   0.11587   0.11350   -0.1055   0.7632   0.0063   -2.5996   0.0000   -0.8591   
 -13.100   -0.1015   0.11487   0.11246   -0.1059   0.7530   0.0065   -2.5728   0.0000   -0.8928   
 -13.000   -0.0987   0.11377   0.11133   -0.1064   0.7467   0.0067   -2.5523   0.0000   -0.9292   
 -12.900   -0.0963   0.11257   0.11011   -0.1069   0.7423   0.0070   -2.5418   0.0000   -0.9644   
 -12.800   -0.0940   0.11133   0.10886   -0.1075   0.7378   0.0073   -2.5374   0.0000   -0.9985   
 -12.700   -0.0937   0.10952   0.10704   -0.1082   0.7350   0.0078   -2.5884   0.0000   -1.0099   
 -12.600   -0.0977   0.10634   0.10388   -0.1094   0.7363   0.0082   -2.7665   0.0000   -0.9704   
 -12.500   -0.1063   0.10207   0.09963   -0.1109   0.7408   0.0083   -3.0501   0.0000   -0.8883   
 -11.700   -0.4549   0.01473   0.01070   -0.1861   0.7758   0.0069   -9.3709   0.0000   -0.1841   
 -11.600   -0.4435   0.01436   0.01027   -0.1868   0.7744   0.0069   -9.2259   0.0000   -0.1965   
 -11.500   -0.4321   0.01402   0.00987   -0.1874   0.7716   0.0069   -9.0804   0.0000   -0.2093   
 -11.400   -0.4208   0.01370   0.00949   -0.1879   0.7676   0.0068   -8.9353   0.0000   -0.2225   
 -11.300   -0.4096   0.01342   0.00914   -0.1884   0.7622   0.0068   -8.7916   0.0000   -0.2361   
 -11.200   -0.3988   0.01317   0.00882   -0.1887   0.7554   0.0068   -8.6501   0.0000   -0.2498   
 -11.100   -0.3877   0.01292   0.00851   -0.1891   0.7491   0.0068   -8.5073   0.0000   -0.2646   
 -11.000   -0.3761   0.01268   0.00821   -0.1895   0.7456   0.0068   -8.3616   0.0000   -0.2812   
 -10.900   -0.3645   0.01245   0.00793   -0.1899   0.7417   0.0067   -8.2164   0.0000   -0.2987   
 -10.800   -0.3530   0.01224   0.00766   -0.1902   0.7375   0.0067   -8.0721   0.0000   -0.3172   
 -10.700   -0.3415   0.01205   0.00741   -0.1906   0.7331   0.0067   -7.9289   0.0000   -0.3367   
 -10.600   -0.3301   0.01187   0.00717   -0.1909   0.7284   0.0067   -7.7863   0.0000   -0.3575   
 -10.500   -0.3185   0.01169   0.00695   -0.1912   0.7235   0.0066   -7.6435   0.0000   -0.3801   
 -10.400   -0.3067   0.01151   0.00673   -0.1915   0.7207   0.0066   -7.4995   0.0000   -0.4052   
 -10.300   -0.2946   0.01134   0.00651   -0.1919   0.7196   0.0066   -7.3549   0.0000   -0.4329   
 -10.200   -0.2825   0.01116   0.00631   -0.1923   0.7185   0.0066   -7.2111   0.0000   -0.4630   
 -10.100   -0.2704   0.01100   0.00612   -0.1926   0.7173   0.0065   -7.0682   0.0000   -0.4957   
 -10.000   -0.2583   0.01085   0.00593   -0.1930   0.7158   0.0065   -6.9262   0.0000   -0.5314   
 -9.900   -0.2462   0.01070   0.00575   -0.1933   0.7139   0.0065   -6.7853   0.0000   -0.5706   
 -9.800   -0.2342   0.01056   0.00558   -0.1936   0.7113   0.0065   -6.6456   0.0000   -0.6135   
 -9.700   -0.2222   0.01043   0.00542   -0.1939   0.7077   0.0065   -6.5075   0.0000   -0.6605   
 -9.600   -0.2105   0.01031   0.00526   -0.1941   0.7030   0.0064   -6.3752   0.0000   -0.7119   
 -9.500   -0.1989   0.01021   0.00511   -0.1943   0.6976   0.0064   -6.2604   0.0000   -0.7685   
 -9.400   -0.1872   0.01010   0.00496   -0.1945   0.6920   0.0064   -6.1460   0.0000   -0.8326   
 -9.300   -0.1752   0.00998   0.00480   -0.1948   0.6887   0.0063   -6.0317   0.0000   -0.9077   
 -9.200   -0.1631   0.00985   0.00465   -0.1951   0.6856   0.0063   -5.9167   0.0000   -0.9942   
 -9.100   -0.1513   0.00974   0.00451   -0.1954   0.6805   0.0063   -5.8032   0.0000   -1.0926   
 -9.000   -0.1397   0.00964   0.00438   -0.1956   0.6738   0.0063   -5.6914   0.0000   -1.2048   
 -8.900   -0.1282   0.00957   0.00426   -0.1957   0.6654   0.0063   -5.5808   0.0000   -1.3355   
 -8.800   -0.1163   0.00947   0.00414   -0.1959   0.6598   0.0063   -5.4689   0.0000   -1.4991   
 -8.700   -0.1041   0.00938   0.00402   -0.1962   0.6570   0.0062   -5.3570   0.0000   -1.7041   
 -8.600   -0.0922   0.00930   0.00391   -0.1964   0.6517   0.0062   -5.2467   0.0000   -1.9583   
 -8.500   -0.0811   0.00927   0.00382   -0.1965   0.6379   0.0062   -5.1414   0.0000   -2.2595   
 -8.400   -0.0699   0.00925   0.00373   -0.1965   0.6256   0.0062   -5.0361   0.0000   -2.6626   
 -8.300   -0.0581   0.00919   0.00364   -0.1967   0.6194   0.0062   -4.9292   0.0000   -3.2518   
 -8.200   -0.0463   0.00913   0.00355   -0.1969   0.6148   0.0062   -4.8228   0.0000   -4.1471   
 -8.100   -0.0346   0.00909   0.00346   -0.1970   0.6099   0.0061   -4.7176   0.0000   -5.6425   
 -8.000   -0.0228   0.00904   0.00338   -0.1972   0.6046   0.0061   -4.6132   0.0000   -8.6874   
 -7.900   -0.0109   0.00899   0.00330   -0.1974   0.5993   0.0061   -4.5090   0.0000   -18.4498   
 -7.800   0.0012   0.00892   0.00322   -0.1976   0.5967   0.0061   -4.4048   0.0000   170.9186   
 -7.700   0.0133   0.00886   0.00314   -0.1978   0.5952   0.0061   -4.3013   0.0000   15.5598   
 -7.600   0.0254   0.00880   0.00307   -0.1980   0.5932   0.0061   -4.1988   0.0000   8.2813   
 -7.500   0.0374   0.00875   0.00300   -0.1982   0.5902   0.0061   -4.1182   0.0000   5.7055   
 -7.400   0.0494   0.00870   0.00293   -0.1984   0.5860   0.0061   -4.0427   0.0000   4.3890   
 -7.300   0.0605   0.00872   0.00289   -0.1984   0.5729   0.0061   -3.9704   0.0000   3.6279   
 -7.200   0.0718   0.00872   0.00283   -0.1985   0.5617   0.0061   -3.8976   0.0000   3.0946   
 -7.100   0.0835   0.00870   0.00278   -0.1986   0.5560   0.0061   -3.8237   0.0000   2.6958   
 -7.000   0.0952   0.00868   0.00273   -0.1987   0.5504   0.0061   -3.7502   0.0000   2.3964   
 -6.900   0.1071   0.00865   0.00267   -0.1989   0.5477   0.0062   -3.6760   0.0000   2.1587   
 -6.800   0.1187   0.00863   0.00262   -0.1990   0.5422   0.0062   -3.6035   0.0000   1.9717   
 -6.700   0.1305   0.00861   0.00258   -0.1991   0.5361   0.0062   -3.5310   0.0000   1.8170   
 -6.600   0.1424   0.00858   0.00253   -0.1993   0.5322   0.0062   -3.4583   0.0000   1.6860   
 -6.500   0.1545   0.00854   0.00248   -0.1995   0.5307   0.0061   -3.3857   0.0000   1.5746   
 -6.400   0.1665   0.00850   0.00244   -0.1997   0.5288   0.0061   -3.3136   0.0000   1.4795   
 -6.300   0.1784   0.00847   0.00240   -0.1998   0.5258   0.0061   -3.2419   0.0000   1.3976   
 -6.100   0.2008   0.00853   0.00237   -0.1999   0.5018   0.0061   -3.1036   0.0000   1.2694   
 -6.000   0.2123   0.00854   0.00234   -0.1999   0.4942   0.0061   -3.0326   0.0000   1.2140   
 -5.900   0.2238   0.00854   0.00232   -0.2000   0.4882   0.0060   -2.9595   0.0000   1.1643   
 -5.800   0.2352   0.00856   0.00231   -0.2001   0.4822   0.0060   -2.8837   0.0000   1.1199   
 -5.700   0.2465   0.00859   0.00232   -0.2001   0.4759   0.0060   -2.7997   0.0000   1.0798   
 -5.600   0.2571   0.00868   0.00244   -0.2000   0.4692   0.0060   -2.6670   0.0000   1.0448   
 -5.500   0.2687   0.00868   0.00247   -0.2001   0.4664   0.0060   -2.5831   0.0000   1.0105   
 -5.400   0.2806   0.00866   0.00245   -0.2002   0.4647   0.0060   -2.5147   0.0000   0.9785   
 -5.300   0.2924   0.00864   0.00243   -0.2004   0.4622   0.0060   -2.4488   0.0000   0.9492   
 -5.200   0.3043   0.00862   0.00240   -0.2005   0.4596   0.0060   -2.3849   0.0000   0.9221   
 -5.100   0.3152   0.00868   0.00241   -0.2005   0.4443   0.0060   -2.3256   0.0000   0.8985   
 -5.000   0.3262   0.00874   0.00240   -0.2005   0.4314   0.0060   -2.2673   0.0000   0.8763   
 -4.900   0.3378   0.00874   0.00238   -0.2006   0.4261   0.0060   -2.2088   0.0000   0.8548   
 -4.800   0.3494   0.00875   0.00236   -0.2007   0.4209   0.0060   -2.1516   0.0000   0.8348   
 -4.700   0.3609   0.00876   0.00234   -0.2007   0.4155   0.0060   -2.0958   0.0000   0.8161   
 -4.600   0.3725   0.00876   0.00232   -0.2008   0.4095   0.0060   -2.0409   0.0000   0.7985   
 -4.500   0.3843   0.00875   0.00229   -0.2010   0.4040   0.0060   -1.9868   0.0000   0.7818   
 -4.400   0.3963   0.00873   0.00225   -0.2011   0.4016   0.0060   -1.9342   0.0000   0.7659   
 -4.300   0.4083   0.00871   0.00222   -0.2013   0.4003   0.0060   -1.8816   0.0000   0.7509   
 -4.200   0.4203   0.00869   0.00219   -0.2015   0.3986   0.0061   -1.8301   0.0000   0.7368   
 -4.100   0.4322   0.00867   0.00217   -0.2016   0.3960   0.0061   -1.7797   0.0000   0.7236   
 -3.900   0.4572   0.00858   0.00196   -0.2022   0.3718   0.0138   -1.8877   0.0000   0.6986   
 -3.800   0.4685   0.00861   0.00198   -0.2022   0.3663   0.0145   -1.8099   0.0000   0.6876   
 -3.700   0.4797   0.00865   0.00201   -0.2022   0.3619   0.0150   -1.7272   0.0000   0.6773   
 -3.600   0.4906   0.00871   0.00206   -0.2022   0.3577   0.0155   -1.6415   0.0000   0.6674   
 -3.500   0.5015   0.00877   0.00211   -0.2022   0.3533   0.0159   -1.5566   0.0000   0.6581   
 -3.400   0.5126   0.00882   0.00216   -0.2022   0.3488   0.0162   -1.4751   0.0000   0.6491   
 -3.300   0.5238   0.00886   0.00222   -0.2022   0.3436   0.0165   -1.3975   0.0000   0.6404   
 -3.200   0.5351   0.00888   0.00227   -0.2022   0.3396   0.0167   -1.3223   0.0000   0.6321   
 -3.100   0.5461   0.00893   0.00236   -0.2022   0.3385   0.0170   -1.2404   0.0000   0.6242   
 -1.500   0.7273   0.00954   0.00234   -0.2030   0.2256   0.0190   -0.9692   0.0000   0.5296   
 -1.400   0.7389   0.00956   0.00234   -0.2031   0.2222   0.0189   -0.9782   0.0000   0.5251   
 -1.300   0.7506   0.00956   0.00233   -0.2032   0.2216   0.0188   -0.9870   0.0000   0.5208   
 -1.200   0.7623   0.00957   0.00233   -0.2032   0.2208   0.0188   -0.9959   0.0000   0.5166   
 -1.100   0.7739   0.00958   0.00233   -0.2033   0.2200   0.0190   -1.0051   0.0000   0.5126   
 -1.000   0.7856   0.00959   0.00233   -0.2034   0.2190   0.0192   -1.0155   0.0000   0.5086   
 -0.900   0.7972   0.00961   0.00233   -0.2035   0.2175   0.0195   -1.0261   0.0000   0.5048   
 -0.800   0.8088   0.00962   0.00234   -0.2036   0.2165   0.0197   -1.0367   0.0000   0.5011   
 -0.700   0.8190   0.00975   0.00241   -0.2034   0.2013   0.0198   -1.0499   0.0000   0.4976   
 -0.600   0.8298   0.00983   0.00245   -0.2034   0.1939   0.0199   -1.0612   0.0000   0.4941   
 -0.500   0.8411   0.00987   0.00247   -0.2034   0.1913   0.0198   -1.0719   0.0000   0.4907   
 -0.400   0.8522   0.00992   0.00250   -0.2034   0.1881   0.0197   -1.0828   0.0000   0.4874   
 -0.300   0.8630   0.00999   0.00254   -0.2033   0.1833   0.0196   -1.0940   0.0000   0.4842   
 -0.200   0.8740   0.01006   0.00257   -0.2033   0.1771   0.0194   -1.1050   0.0000   0.4811   
 -0.100   0.8851   0.01010   0.00260   -0.2033   0.1714   0.0193   -1.1157   0.0000   0.4780   
 0.000   0.8965   0.01013   0.00262   -0.2034   0.1700   0.0192   -1.1261   0.0000   0.4750   
 0.100   0.9079   0.01015   0.00265   -0.2034   0.1695   0.0191   -1.1366   0.0000   0.4720   
 0.200   0.9193   0.01017   0.00267   -0.2034   0.1689   0.0190   -1.1470   0.0000   0.4692   
 0.300   0.9306   0.01020   0.00270   -0.2035   0.1681   0.0189   -1.1574   0.0000   0.4664   
 0.400   0.9419   0.01023   0.00272   -0.2035   0.1673   0.0189   -1.1679   0.0000   0.4636   
 0.500   0.9532   0.01026   0.00276   -0.2035   0.1660   0.0188   -1.1783   0.0000   0.4609   
 0.600   0.9644   0.01029   0.00279   -0.2036   0.1647   0.0188   -1.1888   0.0000   0.4583   
 0.700   0.9739   0.01047   0.00291   -0.2033   0.1482   0.0188   -1.1992   0.0000   0.4558   
 0.800   0.9847   0.01054   0.00296   -0.2032   0.1445   0.0189   -1.2095   0.0000   0.4533   
 0.900   0.9956   0.01060   0.00300   -0.2032   0.1422   0.0192   -1.2200   0.0000   0.4509   
 1.000   1.0066   0.01066   0.00305   -0.2031   0.1407   0.0213   -1.2325   0.0000   0.4485   
 1.100   1.0175   0.01072   0.00313   -0.2031   0.1386   0.0264   -1.2453   0.0000   0.4462   
 1.200   1.0286   0.01076   0.00318   -0.2031   0.1364   0.0352   -1.2582   0.0000   0.4439   
 1.300   1.0395   0.01082   0.00323   -0.2031   0.1341   0.0365   -1.2709   0.0000   0.4416   
 1.400   1.0505   0.01087   0.00327   -0.2030   0.1315   0.0373   -1.2835   0.0000   0.4394   
 1.500   1.0615   0.01092   0.00331   -0.2030   0.1288   0.0378   -1.2960   0.0000   0.4373   
 1.600   1.0725   0.01096   0.00335   -0.2030   0.1263   0.0382   -1.3085   0.0000   0.4351   
 1.700   1.0836   0.01100   0.00340   -0.2030   0.1243   0.0387   -1.3210   0.0000   0.4331   
 1.800   1.0946   0.01104   0.00343   -0.2030   0.1238   0.0402   -1.3350   0.0000   0.4310   
 1.900   1.1057   0.01108   0.00347   -0.2030   0.1234   0.0420   -1.3501   0.0000   0.4290   
 2.000   1.1167   0.01112   0.00351   -0.2030   0.1230   0.0444   -1.3652   0.0000   0.4271   
 2.100   1.1277   0.01116   0.00356   -0.2030   0.1224   0.0471   -1.3803   0.0000   0.4251   
 2.200   1.1387   0.01120   0.00361   -0.2029   0.1217   0.0497   -1.3955   0.0000   0.4232   
 2.300   1.1502   0.01123   0.00368   -0.2030   0.1209   0.0670   -1.4136   0.0000   0.4214   
 2.400   1.1611   0.01127   0.00373   -0.2030   0.1194   0.0767   -1.4322   0.0000   0.4196   
 2.600   1.1818   0.01150   0.00395   -0.2028   0.1026   0.1185   -1.4719   0.0000   0.4161   
 2.700   1.1929   0.01157   0.00403   -0.2029   0.0999   0.1440   -1.4867   0.0000   0.4144   
 2.800   1.2028   0.01169   0.00412   -0.2027   0.0959   0.1499   -1.4981   0.0000   0.4127   
 2.900   1.2134   0.01178   0.00420   -0.2027   0.0904   0.1638   -1.5196   0.0000   0.4111   
 3.000   1.2249   0.01182   0.00428   -0.2028   0.0854   0.1923   -1.5419   0.0000   0.4095   
 3.100   1.2356   0.01187   0.00435   -0.2028   0.0840   0.1978   -1.5657   0.0000   0.4078   
 3.200   1.2468   0.01191   0.00442   -0.2028   0.0832   0.2162   -1.5905   0.0000   0.4063   
 3.300   1.2585   0.01193   0.00449   -0.2030   0.0819   0.2472   -1.6155   0.0000   0.4048   
 3.400   1.2693   0.01199   0.00457   -0.2030   0.0800   0.2608   -1.6400   0.0000   0.4033   
 3.500   1.2789   0.01218   0.00475   -0.2029   0.0669   0.2863   -1.6682   0.0000   0.4018   
 3.600   1.2896   0.01226   0.00484   -0.2029   0.0647   0.3079   -1.6880   0.0000   0.4003   
 3.700   1.3003   0.01233   0.00493   -0.2028   0.0627   0.3264   -1.7079   0.0000   0.3989   
 3.900   1.3222   0.01242   0.00508   -0.2029   0.0630   0.3482   -1.7537   0.0000   0.3960   
 4.000   1.3331   0.01248   0.00516   -0.2029   0.0622   0.3689   -1.7842   0.0000   0.3946   
 4.100   1.3437   0.01256   0.00525   -0.2028   0.0607   0.3840   -1.8177   0.0000   0.3932   
 4.200   1.3543   0.01263   0.00534   -0.2028   0.0590   0.3991   -1.8515   0.0000   0.3919   
 4.300   1.3651   0.01269   0.00544   -0.2028   0.0570   0.4201   -1.8856   0.0000   0.3906   
 4.400   1.3755   0.01277   0.00553   -0.2027   0.0551   0.4316   -1.9193   0.0000   0.3892   
 4.500   1.3858   0.01285   0.00562   -0.2026   0.0536   0.4400   -1.9530   0.0000   0.3879   
 4.600   1.3964   0.01291   0.00572   -0.2026   0.0523   0.4537   -1.9873   0.0000   0.3866   
 4.700   1.4067   0.01299   0.00581   -0.2025   0.0516   0.4632   -2.0218   0.0000   0.3853   
 4.800   1.4170   0.01306   0.00590   -0.2023   0.0514   0.4715   -2.0567   0.0000   0.3840   
 4.900   1.4275   0.01313   0.00600   -0.2023   0.0510   0.4878   -2.0924   0.0000   0.3828   
 5.000   1.4376   0.01322   0.00610   -0.2021   0.0503   0.4985   -2.1277   0.0000   0.3815   
 5.100   1.4478   0.01331   0.00622   -0.2020   0.0493   0.5136   -2.1633   0.0000   0.3803   
 5.200   1.4577   0.01341   0.00634   -0.2018   0.0478   0.5268   -2.1988   0.0000   0.3791   
 5.300   1.4671   0.01353   0.00646   -0.2015   0.0460   0.5321   -2.2337   0.0000   0.3778   
 5.400   1.4765   0.01366   0.00658   -0.2012   0.0444   0.5357   -2.2685   0.0000   0.3766   
 5.500   1.4859   0.01378   0.00670   -0.2009   0.0429   0.5402   -2.3032   0.0000   0.3754   
 5.600   1.4953   0.01390   0.00682   -0.2006   0.0413   0.5445   -2.3380   0.0000   0.3742   
 5.700   1.5047   0.01401   0.00693   -0.2004   0.0397   0.5485   -2.3729   0.0000   0.3730   
 5.800   1.5142   0.01412   0.00704   -0.2001   0.0384   0.5525   -2.4080   0.0000   0.3718   
 5.900   1.5238   0.01422   0.00714   -0.1998   0.0380   0.5565   -2.4440   0.0000   0.3707   
 6.000   1.5329   0.01434   0.00728   -0.1995   0.0369   0.5619   -2.4816   0.0000   0.3695   
 6.100   1.5420   0.01446   0.00740   -0.1992   0.0359   0.5651   -2.5183   0.0000   0.3683   
 6.200   1.5511   0.01459   0.00753   -0.1988   0.0346   0.5747   -2.5555   0.0000   0.3672   
 6.300   1.5567   0.01494   0.00783   -0.1979   0.0255   0.5832   -2.5933   0.0000   0.3660   
 6.400   1.5642   0.01516   0.00803   -0.1973   0.0220   0.5909   -2.6171   0.0000   0.3648   
 6.500   1.5721   0.01535   0.00820   -0.1967   0.0188   0.5965   -2.6415   0.0000   0.3637   
 6.600   1.5809   0.01547   0.00834   -0.1964   0.0169   0.6057   -2.6740   0.0000   0.3626   
 6.700   1.5895   0.01560   0.00848   -0.1959   0.0164   0.6141   -2.7084   0.0000   0.3615   
 6.900   1.5960   0.01628   0.00915   -0.1930   0.0045   0.6245   -2.7669   0.0000   0.3588   
 7.000   1.6030   0.01644   0.00931   -0.1923   0.0043   0.6282   -2.7998   0.0000   0.3577   
 7.100   1.6099   0.01661   0.00949   -0.1915   0.0042   0.6337   -2.8329   0.0000   0.3565   
 7.200   1.6171   0.01677   0.00966   -0.1909   0.0040   0.6421   -2.8667   0.0000   0.3554   
 7.300   1.6244   0.01693   0.00984   -0.1902   0.0038   0.6486   -2.9007   0.0000   0.3543   
 7.400   1.6316   0.01708   0.01001   -0.1895   0.0036   0.6540   -2.9342   0.0000   0.3532   
 7.500   1.6387   0.01725   0.01017   -0.1889   0.0035   0.6582   -2.9671   0.0000   0.3521   
 7.900   1.6672   0.01791   0.01088   -0.1862   0.0025   0.6806   -3.0988   0.0000   0.3479   
 8.000   1.6741   0.01808   0.01106   -0.1855   0.0022   0.6849   -3.1316   0.0000   0.3468   
 8.100   1.6810   0.01826   0.01124   -0.1848   0.0020   0.6883   -3.1647   0.0000   0.3458   
 8.200   1.6879   0.01844   0.01143   -0.1842   0.0017   0.6909   -3.1980   0.0000   0.3448   
 8.300   1.6948   0.01863   0.01163   -0.1835   0.0014   0.6962   -3.2314   0.0000   0.3438   
 8.400   1.7016   0.01883   0.01187   -0.1828   0.0014   0.7023   -3.2652   0.0000   0.3428   
 8.600   1.7148   0.01925   0.01232   -0.1814   0.0014   0.7127   -3.3322   0.0000   0.3408   
 8.700   1.7212   0.01947   0.01255   -0.1807   0.0014   0.7174   -3.3655   0.0000   0.3398   
 8.800   1.7274   0.01970   0.01279   -0.1800   0.0013   0.7221   -3.3985   0.0000   0.3388   
 8.900   1.7336   0.01994   0.01306   -0.1792   0.0013   0.7305   -3.4315   0.0000   0.3378   
 9.000   1.7397   0.02018   0.01332   -0.1785   0.0013   0.7385   -3.4645   0.0000   0.3368   
 9.100   1.7457   0.02044   0.01360   -0.1778   0.0013   0.7456   -3.4975   0.0000   0.3359   
 9.200   1.7517   0.02070   0.01388   -0.1770   0.0013   0.7519   -3.5304   0.0000   0.3349   
 9.300   1.7577   0.02097   0.01418   -0.1763   0.0013   0.7616   -3.5634   0.0000   0.3340   
 9.400   1.7635   0.02125   0.01449   -0.1756   0.0013   0.7706   -3.5961   0.0000   0.3330   
 10.000   1.7981   0.02309   0.01654   -0.1714   0.0013   0.8417   -3.8364   0.0000   0.3277   
 10.100   1.8037   0.02343   0.01694   -0.1707   0.0013   0.8617   -3.8778   0.0000   0.3268   
 10.200   1.8092   0.02373   0.01734   -0.1701   0.0013   0.9095   -3.9187   0.0000   0.3259   
 11.200   1.8455   0.02821   0.02216   -0.1611   0.0018   1.0000   -4.2588   0.0000   0.3172   
 11.300   1.8490   0.02875   0.02272   -0.1603   0.0019   1.0000   -4.2961   0.0000   0.3164   
 11.400   1.8526   0.02930   0.02329   -0.1596   0.0020   1.0000   -4.3337   0.0000   0.3157   
 11.500   1.8564   0.02985   0.02385   -0.1589   0.0021   1.0000   -4.3714   0.0000   0.3149   
 11.600   1.8599   0.03042   0.02445   -0.1582   0.0022   1.0000   -4.4349   0.0000   0.3141   
 11.700   1.8624   0.03108   0.02513   -0.1574   0.0023   1.0000   -4.4993   0.0000   0.3134   
 11.800   1.8649   0.03175   0.02584   -0.1566   0.0025   1.0000   -4.5618   0.0000   0.3126   
 11.900   1.8675   0.03243   0.02654   -0.1559   0.0028   1.0000   -4.6180   0.0000   0.3119   
