XFLR5 v6.02 Beta

 Calculated polar for: WORTMANN FX 63-137

 1 1 Reynolds number fixed          Mach number fixed         

 xtrf =   1.000 (top)        1.000 (bottom)
 Mach =   0.000     Re =    24.750 e 6     Ncrit =   9.000

  alpha     CL        CD       CDp       CM    Top Xtr Bot Xtr   Cpmin    Chinge    XCp    
 ------- -------- --------- --------- -------- ------- ------- -------- --------- ---------
 -21.000  -1.1278   0.05464   0.05169  -0.1481  0.6583  0.0025  -24.8623   0.0000   0.0837
 -20.000  -1.1815   0.03561   0.03231  -0.1639  0.6192  0.0026  -25.1797   0.0000   0.0801
 -19.500  -1.1869   0.02948   0.02605  -0.1689  0.5966  0.0026  -24.8995   0.0000   0.0782
 -19.000  -1.1769   0.02518   0.02169  -0.1721  0.5947  0.0027  -24.3494   0.0000   0.0756
 -18.500  -1.1655   0.02142   0.01780  -0.1744  0.5642  0.0028  -23.7605   0.0000   0.0736
 -18.000  -1.1406   0.01843   0.01473  -0.1773  0.5532  0.0029  -22.9930   0.0000   0.0688
 -17.500  -1.0934   0.01588   0.01209  -0.1832  0.5335  0.0030  -21.9651   0.0000   0.0575
 -17.000  -1.0421   0.01442   0.01042  -0.1869  0.4654  0.0031  -20.8763   0.0000   0.0463
 -16.500  -0.9903   0.01350   0.00938  -0.1884  0.4260  0.0032  -19.7809   0.0000   0.0359
 -16.000  -0.9357   0.01270   0.00851  -0.1898  0.4130  0.0034  -18.6750   0.0000   0.0237
 -15.500  -0.8796   0.01198   0.00776  -0.1911  0.4036  0.0035  -17.5777   0.0000   0.0095
 -15.000  -0.8227   0.01136   0.00708  -0.1924  0.4010  0.0035  -16.4987   0.0000  -0.0068
 -14.000  -0.7103   0.01049   0.00599  -0.1940  0.3168  0.0037  -14.4424   0.0000  -0.0460
 -13.500  -0.6527   0.01009   0.00549  -0.1949  0.2825  0.0037  -13.4850   0.0000  -0.0716
 -13.000  -0.5940   0.00967   0.00504  -0.1959  0.2779  0.0038  -12.5852   0.0000  -0.1033
 -12.500  -0.5349   0.00929   0.00463  -0.1969  0.2770  0.0038  -11.7097   0.0000  -0.1423
 -12.000  -0.4771   0.00905   0.00427  -0.1976  0.2272  0.0039  -10.8718   0.0000  -0.1893
 -11.500  -0.4175   0.00874   0.00393  -0.1985  0.2349  0.0039  -10.0382   0.0000  -0.2522
 -10.000  -0.2396   0.00807   0.00308  -0.2010  0.1809  0.0040  -7.7434   0.0000  -0.6261
  -9.500  -0.1797   0.00786   0.00285  -0.2019  0.1721  0.0041  -7.0380   0.0000  -0.9193
  -9.000  -0.1198   0.00767   0.00262  -0.2028  0.1692  0.0041  -6.3694   0.0000  -1.5073
  -8.500  -0.0598   0.00750   0.00244  -0.2036  0.1684  0.0041  -5.7203   0.0000  -3.2747
  -8.000  -0.0006   0.00741   0.00228  -0.2043  0.1443  0.0042  -5.1060   0.0000  -379.8993
  -7.500   0.0591   0.00731   0.00214  -0.2050  0.1389  0.0042  -4.5185   0.0000   3.8220
  -7.000   0.1188   0.00721   0.00201  -0.2057  0.1351  0.0043  -4.0445   0.0000   2.0289
  -6.500   0.1786   0.00713   0.00191  -0.2065  0.1307  0.0043  -3.6580   0.0000   1.4353
  -6.000   0.2383   0.00706   0.00182  -0.2072  0.1255  0.0043  -3.2860   0.0000   1.1396
  -5.500   0.2979   0.00700   0.00175  -0.2078  0.1239  0.0044  -2.9268   0.0000   0.9624
  -5.000   0.3574   0.00696   0.00170  -0.2085  0.1235  0.0044  -2.5820   0.0000   0.8445
  -4.500   0.4168   0.00694   0.00166  -0.2091  0.1230  0.0045  -2.2559   0.0000   0.7602
  -4.000   0.4760   0.00693   0.00164  -0.2097  0.1223  0.0045  -1.9436   0.0000   0.6970
  -3.500   0.5337   0.00705   0.00167  -0.2100  0.0962  0.0046  -1.6503   0.0000   0.6484
  -3.000   0.5924   0.00708   0.00168  -0.2105  0.0923  0.0062  -1.3685   0.0000   0.6089
  -2.500   0.6511   0.00711   0.00170  -0.2110  0.0890  0.0069  -1.1005   0.0000   0.5765
  -2.000   0.7095   0.00716   0.00173  -0.2115  0.0844  0.0074  -0.9542   0.0000   0.5494
  -1.500   0.7679   0.00721   0.00178  -0.2119  0.0840  0.0089  -1.0042   0.0000   0.5265
  -1.000   0.8263   0.00727   0.00184  -0.2124  0.0832  0.0146  -1.0565   0.0000   0.5067
  -0.500   0.8841   0.00735   0.00191  -0.2127  0.0821  0.0153  -1.1090   0.0000   0.4895
   0.000   0.9399   0.00760   0.00207  -0.2127  0.0612  0.0156  -1.1603   0.0000   0.4744
   0.500   0.9970   0.00774   0.00219  -0.2129  0.0518  0.0160  -1.2139   0.0000   0.4610
   1.000   1.0542   0.00785   0.00230  -0.2132  0.0574  0.0171  -1.2775   0.0000   0.4489
   1.500   1.1109   0.00798   0.00242  -0.2134  0.0555  0.0174  -1.3527   0.0000   0.4381
   2.000   1.1673   0.00814   0.00257  -0.2135  0.0512  0.0220  -1.4285   0.0000   0.4282
   2.500   1.2184   0.00874   0.00303  -0.2126  0.0038  0.0376  -1.5128   0.0000   0.4190
   3.000   1.2734   0.00898   0.00325  -0.2125  0.0028  0.0384  -1.6239   0.0000   0.4107
   3.500   1.3281   0.00923   0.00348  -0.2123  0.0023  0.0470  -1.7406   0.0000   0.4030
   4.000   1.3824   0.00948   0.00373  -0.2121  0.0028  0.0509  -1.8778   0.0000   0.3958
   4.500   1.4363   0.00976   0.00400  -0.2119  0.0022  0.0666  -2.0544   0.0000   0.3891
   5.000   1.4895   0.01006   0.00428  -0.2115  0.0016  0.0753  -2.2345   0.0000   0.3828
   5.500   1.5425   0.01036   0.00460  -0.2111  0.0013  0.1030  -2.4192   0.0000   0.3769
   6.000   1.5953   0.01067   0.00495  -0.2107  0.0013  0.1599  -2.6081   0.0000   0.3713
   6.500   1.6472   0.01101   0.00532  -0.2102  0.0012  0.1947  -2.8004   0.0000   0.3660
   7.000   1.6977   0.01140   0.00570  -0.2094  0.0012  0.2137  -2.9948   0.0000   0.3609
   7.500   1.7480   0.01179   0.00612  -0.2086  0.0012  0.2495  -3.1931   0.0000   0.3561
   8.000   1.7961   0.01224   0.00656  -0.2074  0.0012  0.2487  -3.3919   0.0000   0.3513
   8.500   1.8464   0.01264   0.00708  -0.2068  0.0012  0.3683  -3.5984   0.0000   0.3469
   9.000   1.8918   0.01316   0.00760  -0.2051  0.0012  0.3724  -3.8456   0.0000   0.3424
   9.500   1.9360   0.01371   0.00816  -0.2033  0.0011  0.3997  -4.1173   0.0000   0.3380
  10.000   1.9762   0.01426   0.00884  -0.2007  0.0011  0.4968  -4.6487   0.0000   0.3337
  10.500   2.0061   0.01496   0.00954  -0.1960  0.0011  0.4991  -5.1511   0.0000   0.3289
  11.000   2.0365   0.01576   0.01036  -0.1917  0.0011  0.5060  -5.6782   0.0000   0.3243
  11.500   2.0677   0.01668   0.01132  -0.1878  0.0011  0.5333  -6.2318   0.0000   0.3200
  12.000   2.0954   0.01777   0.01246  -0.1835  0.0010  0.5626  -6.7909   0.0000   0.3157
  12.500   2.1219   0.01904   0.01376  -0.1792  0.0010  0.5794  -7.3597   0.0000   0.3116
  13.000   2.1487   0.02047   0.01528  -0.1755  0.0010  0.6274  -7.9483   0.0000   0.3077
  13.500   2.1724   0.02214   0.01701  -0.1715  0.0009  0.6598  -8.5346   0.0000   0.3038
  14.000   2.1935   0.02408   0.01902  -0.1675  0.0009  0.6926  -9.1208   0.0000   0.3001
  14.500   2.2142   0.02631   0.02132  -0.1639  0.0009  0.7340  -9.7194   0.0000   0.2966
  15.000   2.2330   0.02887   0.02397  -0.1606  0.0009  0.7778  -10.3203   0.0000   0.2933
  15.500   2.2522   0.03174   0.02697  -0.1578  0.0008  0.8583  -10.9403   0.0000   0.2902
  16.000   2.2706   0.03497   0.03040  -0.1556  0.0008  1.0000  -11.5710   0.0000   0.2874
  16.500   2.2810   0.03865   0.03414  -0.1525  0.0008  1.0000  -12.1479   0.0000   0.2844
  17.000   2.2872   0.04282   0.03838  -0.1496  0.0008  1.0000  -12.7016   0.0000   0.2816
  17.500   2.2916   0.04759   0.04321  -0.1470  0.0007  1.0000  -13.2496   0.0000   0.2790
  18.000   2.2936   0.05289   0.04857  -0.1448  0.0007  1.0000  -13.7858   0.0000   0.2766
  18.500   2.2921   0.05883   0.05460  -0.1430  0.0006  1.0000  -14.2975   0.0000   0.2745


