XFLR5 v6.02 Beta

 Calculated polar for: WORTMANN FX 63-137

 1 1 Reynolds number fixed          Mach number fixed         

 xtrf =   1.000 (top)        1.000 (bottom)
 Mach =   0.000     Re =    44.500 e 6     Ncrit =   9.000

  alpha     CL        CD       CDp       CM    Top Xtr Bot Xtr   Cpmin    Chinge    XCp    
 ------- -------- --------- --------- -------- ------- ------- -------- --------- ---------
 -24.000  -0.4531   0.22663   0.22430  -0.0444  0.3380  0.0014  -6.6357   0.0000   0.1026
 -22.000  -1.1542   0.06298   0.05988  -0.1441  0.4795  0.0017  -26.0735   0.0000   0.0876
 -21.500  -1.2082   0.04967   0.04642  -0.1545  0.4831  0.0017  -26.7887   0.0000   0.0868
 -21.000  -1.2365   0.04027   0.03691  -0.1620  0.4730  0.0017  -26.9517   0.0000   0.0857
 -20.500  -1.2506   0.03312   0.02965  -0.1677  0.4666  0.0017  -26.8188   0.0000   0.0844
 -19.500  -1.2389   0.02392   0.02034  -0.1744  0.4658  0.0018  -25.8107   0.0000   0.0806
 -19.000  -1.2228   0.02069   0.01706  -0.1759  0.4657  0.0019  -25.1233   0.0000   0.0787
 -18.500  -1.1956   0.01783   0.01415  -0.1790  0.4654  0.0019  -24.3011   0.0000   0.0739
 -18.000  -1.1485   0.01551   0.01169  -0.1846  0.4180  0.0020  -23.2434   0.0000   0.0637
 -17.500  -1.0966   0.01419   0.01021  -0.1879  0.3499  0.0021  -22.1138   0.0000   0.0538
 -17.000  -1.0433   0.01324   0.00923  -0.1895  0.3401  0.0022  -20.9718   0.0000   0.0440
 -16.500  -0.9885   0.01243   0.00837  -0.1910  0.3384  0.0023  -19.8362   0.0000   0.0329
 -16.000  -0.9327   0.01170   0.00761  -0.1923  0.3377  0.0024  -18.7144   0.0000   0.0204
 -15.500  -0.8759   0.01104   0.00692  -0.1935  0.3376  0.0026  -17.6103   0.0000   0.0059
 -15.000  -0.8194   0.01049   0.00632  -0.1945  0.3106  0.0028  -16.5366   0.0000  -0.0104
 -14.000  -0.7049   0.00959   0.00524  -0.1963  0.2416  0.0031  -14.4616   0.0000  -0.0516
 -13.500  -0.6464   0.00919   0.00480  -0.1973  0.2235  0.0032  -13.5370   0.0000  -0.0785
 -13.000  -0.5872   0.00879   0.00437  -0.1983  0.2216  0.0034  -12.6358   0.0000  -0.1115
 -12.500  -0.5286   0.00849   0.00399  -0.1991  0.1916  0.0036  -11.7634   0.0000  -0.1512
 -12.000  -0.4694   0.00820   0.00366  -0.2000  0.1700  0.0038  -10.9122   0.0000  -0.2016
 -11.500  -0.4098   0.00793   0.00337  -0.2009  0.1700  0.0039  -10.0833   0.0000  -0.2674
 -11.000  -0.3501   0.00770   0.00311  -0.2018  0.1696  0.0039  -9.2859   0.0000  -0.3558
 -10.500  -0.2904   0.00748   0.00287  -0.2026  0.1690  0.0040  -8.5169   0.0000  -0.4809
 -10.000  -0.2305   0.00729   0.00266  -0.2034  0.1687  0.0040  -7.7764   0.0000  -0.6712
  -9.500  -0.1713   0.00717   0.00247  -0.2041  0.1424  0.0041  -7.0706   0.0000  -0.9898
  -9.000  -0.1117   0.00704   0.00230  -0.2049  0.1322  0.0041  -6.3915   0.0000  -1.6537
  -8.500  -0.0518   0.00691   0.00215  -0.2056  0.1270  0.0041  -5.7381   0.0000  -3.8568
  -8.000   0.0080   0.00679   0.00202  -0.2064  0.1240  0.0042  -5.1141   0.0000  26.7579
  -7.500   0.0679   0.00669   0.00190  -0.2071  0.1237  0.0042  -4.5197   0.0000   3.3928
  -7.000   0.1277   0.00660   0.00179  -0.2078  0.1235  0.0043  -4.0490   0.0000   1.9228
  -6.500   0.1874   0.00653   0.00171  -0.2085  0.1232  0.0043  -3.6576   0.0000   1.3910
  -6.000   0.2470   0.00647   0.00164  -0.2092  0.1227  0.0043  -3.2814   0.0000   1.1164
  -5.000   0.3653   0.00647   0.00156  -0.2103  0.1008  0.0044  -2.5773   0.0000   0.8367
  -4.500   0.4244   0.00647   0.00153  -0.2109  0.0979  0.0045  -2.2480   0.0000   0.7552
  -4.000   0.4834   0.00648   0.00152  -0.2114  0.0894  0.0045  -1.9345   0.0000   0.6937
  -3.500   0.5424   0.00649   0.00152  -0.2120  0.0853  0.0046  -1.6361   0.0000   0.6456
  -3.000   0.6013   0.00651   0.00153  -0.2125  0.0843  0.0050  -1.3534   0.0000   0.6069
  -2.500   0.6601   0.00654   0.00155  -0.2130  0.0841  0.0047  -1.0856   0.0000   0.5751
  -2.000   0.7187   0.00658   0.00158  -0.2135  0.0837  0.0056  -0.9600   0.0000   0.5484
  -1.500   0.7755   0.00677   0.00169  -0.2136  0.0560  0.0068  -1.0092   0.0000   0.5259
  -1.000   0.8335   0.00685   0.00175  -0.2140  0.0505  0.0079  -1.0614   0.0000   0.5064
  -0.500   0.8912   0.00696   0.00183  -0.2143  0.0477  0.0087  -1.1138   0.0000   0.4893
   0.000   0.9486   0.00707   0.00193  -0.2146  0.0450  0.0094  -1.1664   0.0000   0.4743
   0.500   1.0062   0.00718   0.00203  -0.2149  0.0425  0.0157  -1.2210   0.0000   0.4610
   1.000   1.0635   0.00728   0.00213  -0.2152  0.0452  0.0170  -1.2855   0.0000   0.4490
   1.500   1.1203   0.00742   0.00225  -0.2154  0.0439  0.0172  -1.3609   0.0000   0.4382
   2.000   1.1769   0.00756   0.00238  -0.2155  0.0421  0.0194  -1.4371   0.0000   0.4284
   2.500   1.2295   0.00805   0.00277  -0.2149  0.0022  0.0373  -1.5244   0.0000   0.4193
   3.500   1.3401   0.00848   0.00316  -0.2147  0.0014  0.0417  -1.7560   0.0000   0.4034
   4.000   1.3947   0.00872   0.00338  -0.2146  0.0015  0.0450  -1.8990   0.0000   0.3963
   4.500   1.4491   0.00897   0.00363  -0.2144  0.0013  0.0516  -2.0769   0.0000   0.3896
   5.000   1.5030   0.00924   0.00388  -0.2142  0.0013  0.0670  -2.2592   0.0000   0.3833
   5.500   1.5563   0.00952   0.00416  -0.2138  0.0013  0.0799  -2.4454   0.0000   0.3774
   6.000   1.6095   0.00981   0.00447  -0.2135  0.0012  0.1204  -2.6360   0.0000   0.3719
   6.500   1.6620   0.01013   0.00479  -0.2130  0.0012  0.1459  -2.8301   0.0000   0.3666
   7.000   1.7133   0.01048   0.00513  -0.2124  0.0012  0.1562  -3.0270   0.0000   0.3615
   7.500   1.7641   0.01084   0.00550  -0.2117  0.0012  0.1703  -3.2273   0.0000   0.3567
   8.000   1.8137   0.01124   0.00588  -0.2107  0.0012  0.1667  -3.4298   0.0000   0.3520
   8.500   1.8631   0.01165   0.00631  -0.2098  0.0012  0.2152  -3.6361   0.0000   0.3475
   9.000   1.9115   0.01208   0.00677  -0.2087  0.0012  0.2638  -3.9031   0.0000   0.3431
  10.000   2.0051   0.01302   0.00782  -0.2061  0.0011  0.3911  -4.8211   0.0000   0.3348
  11.500   2.1065   0.01495   0.00981  -0.1946  0.0011  0.4337  -6.4961   0.0000   0.3214
  12.000   2.1361   0.01582   0.01068  -0.1902  0.0010  0.4342  -7.0751   0.0000   0.3171
  12.500   2.1649   0.01680   0.01171  -0.1860  0.0010  0.4659  -7.6688   0.0000   0.3129
  13.000   2.1929   0.01794   0.01291  -0.1819  0.0010  0.5051  -8.2783   0.0000   0.3089
  13.500   2.2186   0.01927   0.01426  -0.1777  0.0009  0.5184  -8.8917   0.0000   0.3049
  14.000   2.2420   0.02085   0.01588  -0.1735  0.0009  0.5470  -9.5066   0.0000   0.3011
  14.500   2.2624   0.02270   0.01782  -0.1694  0.0009  0.5955  -10.1159   0.0000   0.2974
  15.000   2.2818   0.02485   0.02003  -0.1654  0.0008  0.6291  -10.7350   0.0000   0.2939
  15.500   2.2993   0.02732   0.02256  -0.1617  0.0008  0.6591  -11.3564   0.0000   0.2905
  19.000   2.2956   0.06469   0.06090  -0.1418  0.0035  1.0000  -14.8324   0.0000   0.2724
  19.500   2.2857   0.07203   0.06834  -0.1409  0.0037  1.0000  -15.2667   0.0000   0.2707


