XFLR5 v6.02 Beta

 Calculated polar for: WORTMANN FX 63-137

 1 1 Reynolds number fixed          Mach number fixed         

 xtrf =   1.000 (top)        1.000 (bottom)
 Mach =   0.000     Re =    65.000 e 6     Ncrit =   9.000

  alpha     CL        CD       CDp       CM    Top Xtr Bot Xtr   Cpmin    Chinge    XCp    
 ------- -------- --------- --------- -------- ------- ------- -------- --------- ---------
 -23.000  -1.0753   0.08620   0.08332  -0.1275  0.4076  0.0014  -25.0658   0.0000   0.0896
 -22.000  -0.3934   0.20383   0.20138  -0.0616  0.2214  0.0014  -6.5965   0.0000   0.0426
 -21.000  -1.3042   0.03249   0.02905  -0.1693  0.4085  0.0014  -28.1896   0.0000   0.0879
 -20.500  -1.3005   0.02778   0.02428  -0.1726  0.4050  0.0014  -27.7059   0.0000   0.0865
 -20.000  -1.2920   0.02354   0.01998  -0.1756  0.4023  0.0014  -27.1371   0.0000   0.0847
 -19.500  -1.2766   0.02024   0.01663  -0.1773  0.4017  0.0014  -26.4425   0.0000   0.0830
 -19.000  -1.2500   0.01758   0.01393  -0.1798  0.4012  0.0015  -25.5998   0.0000   0.0791
 -18.500  -1.2014   0.01530   0.01160  -0.1853  0.4010  0.0015  -24.4910   0.0000   0.0696
 -17.500  -1.0968   0.01310   0.00919  -0.1902  0.3069  0.0017  -22.1683   0.0000   0.0517
 -17.000  -1.0426   0.01235   0.00839  -0.1915  0.2995  0.0018  -21.0083   0.0000   0.0420
 -16.500  -0.9872   0.01168   0.00769  -0.1926  0.2924  0.0019  -19.8597   0.0000   0.0310
 -16.000  -0.9309   0.01107   0.00705  -0.1937  0.2855  0.0020  -18.7278   0.0000   0.0183
 -15.500  -0.8739   0.01051   0.00647  -0.1948  0.2808  0.0021  -17.6163   0.0000   0.0038
 -15.000  -0.8163   0.01001   0.00593  -0.1958  0.2774  0.0022  -16.5285   0.0000  -0.0130
 -14.500  -0.7594   0.00961   0.00544  -0.1966  0.2229  0.0023  -15.4784   0.0000  -0.0320
 -14.000  -0.7009   0.00917   0.00498  -0.1976  0.2216  0.0025  -14.4420   0.0000  -0.0551
 -13.500  -0.6421   0.00879   0.00457  -0.1985  0.2208  0.0026  -13.5166   0.0000  -0.0827
 -13.000  -0.5836   0.00846   0.00418  -0.1994  0.1915  0.0027  -12.6242   0.0000  -0.1156
 -11.000  -0.3456   0.00730   0.00288  -0.2030  0.1449  0.0038  -9.2827   0.0000  -0.3674
 -10.500  -0.2859   0.00710   0.00265  -0.2039  0.1400  0.0039  -8.5124   0.0000  -0.4966
 -10.000  -0.2262   0.00693   0.00246  -0.2046  0.1349  0.0040  -7.7714   0.0000  -0.6943
  -9.500  -0.1663   0.00678   0.00229  -0.2054  0.1298  0.0041  -7.0600   0.0000  -1.0348
  -9.000  -0.1065   0.00665   0.00213  -0.2062  0.1239  0.0041  -6.3784   0.0000  -1.7583
  -8.500  -0.0466   0.00653   0.00199  -0.2069  0.1236  0.0041  -5.7244   0.0000  -4.3403
  -8.000   0.0132   0.00642   0.00187  -0.2077  0.1233  0.0042  -5.1000   0.0000  16.4812
  -7.500   0.0730   0.00633   0.00177  -0.2084  0.1229  0.0042  -4.5054   0.0000   3.1885
  -7.000   0.1328   0.00625   0.00167  -0.2091  0.1228  0.0043  -4.0425   0.0000   1.8675
  -6.500   0.1920   0.00623   0.00161  -0.2096  0.1029  0.0043  -3.6526   0.0000   1.3696
  -6.000   0.2514   0.00620   0.00155  -0.2103  0.0999  0.0043  -3.2765   0.0000   1.1056
  -5.500   0.3108   0.00617   0.00150  -0.2109  0.0971  0.0044  -2.9156   0.0000   0.9426
  -5.000   0.3702   0.00615   0.00147  -0.2115  0.0946  0.0044  -2.5700   0.0000   0.8320
  -4.500   0.4294   0.00614   0.00144  -0.2121  0.0889  0.0044  -2.2398   0.0000   0.7520
  -4.000   0.4886   0.00615   0.00143  -0.2126  0.0843  0.0045  -1.9252   0.0000   0.6914
  -3.500   0.5477   0.00616   0.00143  -0.2132  0.0842  0.0045  -1.6266   0.0000   0.6439
  -3.000   0.6066   0.00617   0.00144  -0.2137  0.0841  0.0046  -1.3437   0.0000   0.6057
  -2.500   0.6654   0.00621   0.00146  -0.2142  0.0838  0.0046  -1.0763   0.0000   0.5742
  -2.000   0.7225   0.00638   0.00155  -0.2143  0.0495  0.0049  -0.9621   0.0000   0.5480
  -1.500   0.7806   0.00646   0.00160  -0.2147  0.0460  0.0057  -1.0125   0.0000   0.5255
  -1.000   0.8386   0.00654   0.00167  -0.2151  0.0435  0.0067  -1.0649   0.0000   0.5061
  -0.500   0.8965   0.00663   0.00174  -0.2154  0.0412  0.0074  -1.1175   0.0000   0.4892
   0.000   0.9543   0.00672   0.00182  -0.2158  0.0390  0.0079  -1.1704   0.0000   0.4742
   0.500   1.0118   0.00682   0.00191  -0.2161  0.0382  0.0098  -1.2254   0.0000   0.4610
   1.000   1.0693   0.00692   0.00201  -0.2164  0.0402  0.0170  -1.2905   0.0000   0.4491
   1.500   1.1263   0.00704   0.00212  -0.2166  0.0392  0.0171  -1.3662   0.0000   0.4383
   2.000   1.1829   0.00719   0.00225  -0.2168  0.0373  0.0208  -1.4425   0.0000   0.4285
   2.500   1.2360   0.00764   0.00261  -0.2162  0.0015  0.0371  -1.5312   0.0000   0.4195
   3.500   1.3470   0.00804   0.00298  -0.2162  0.0013  0.0391  -1.7650   0.0000   0.4036
   4.000   1.4020   0.00827   0.00319  -0.2161  0.0013  0.0419  -1.9114   0.0000   0.3965
   4.500   1.4565   0.00851   0.00341  -0.2159  0.0013  0.0477  -2.0902   0.0000   0.3899
   5.500   1.5644   0.00903   0.00391  -0.2155  0.0013  0.0735  -2.4607   0.0000   0.3778
   6.000   1.6179   0.00930   0.00420  -0.2152  0.0012  0.1071  -2.6524   0.0000   0.3722
   6.500   1.6705   0.00961   0.00449  -0.2147  0.0012  0.1191  -2.8473   0.0000   0.3669
   7.500   1.7740   0.01027   0.00515  -0.2136  0.0012  0.1466  -3.2480   0.0000   0.3571
   8.000   1.8244   0.01064   0.00550  -0.2128  0.0012  0.1463  -3.4526   0.0000   0.3524
   8.500   1.8740   0.01103   0.00589  -0.2119  0.0012  0.1618  -3.6600   0.0000   0.3479
   9.000   1.9233   0.01143   0.00631  -0.2110  0.0012  0.2175  -3.9373   0.0000   0.3436
   9.500   1.9713   0.01186   0.00676  -0.2098  0.0012  0.2492  -4.3177   0.0000   0.3394
  10.000   2.0184   0.01232   0.00726  -0.2086  0.0012  0.3084  -4.9022   0.0000   0.3353
  10.500   2.0633   0.01282   0.00779  -0.2069  0.0011  0.3435  -5.5048   0.0000   0.3312
  11.000   2.1057   0.01338   0.00836  -0.2047  0.0011  0.3692  -6.1231   0.0000   0.3272
  11.500   2.1324   0.01401   0.00900  -0.1994  0.0011  0.3694  -6.6688   0.0000   0.3225
  12.000   2.1611   0.01476   0.00976  -0.1946  0.0010  0.3695  -7.2481   0.0000   0.3180
  12.500   2.1905   0.01562   0.01063  -0.1903  0.0010  0.3707  -7.8538   0.0000   0.3138
  13.500   2.2466   0.01778   0.01289  -0.1820  0.0009  0.4666  -9.1076   0.0000   0.3058
  17.000   2.3173   0.03851   0.03419  -0.1494  0.0035  0.6340  -12.9629   0.0000   0.2808
  18.000   2.3224   0.04809   0.04396  -0.1438  0.0043  0.6891  -14.0320   0.0000   0.2756
  18.500   2.3222   0.05370   0.04966  -0.1418  0.0045  0.7162  -14.5548   0.0000   0.2733
  19.000   2.3188   0.06001   0.05608  -0.1403  0.0046  0.7499  -15.0537   0.0000   0.2712
  20.000   2.3177   0.07241   0.06869  -0.1387  0.0046  0.8316  -16.1320   0.0000   0.2675
  20.500   2.3133   0.08080   0.07731  -0.1404  0.0047  0.9633  -16.6434   0.0000   0.2667


