XFLR5 v6.02 Beta

 Calculated polar for: WORTMANN FX 63-137

 1 1 Reynolds number fixed          Mach number fixed         

 xtrf =   1.000 (top)        1.000 (bottom)
 Mach =   0.000     Re =    26.750 e 6     Ncrit =   9.000

  alpha     CL        CD       CDp       CM    Top Xtr Bot Xtr   Cpmin    Chinge    XCp    
 ------- -------- --------- --------- -------- ------- ------- -------- --------- ---------
 -21.500  -1.0695   0.06869   0.06579  -0.1377  0.6055  0.0024  -24.0462   0.0000   0.0838
 -21.000  -1.1362   0.05334   0.05028  -0.1496  0.6194  0.0024  -25.0402   0.0000   0.0834
 -20.500  -1.1796   0.04149   0.03827  -0.1594  0.6150  0.0024  -25.5143   0.0000   0.0822
 -20.000  -1.1876   0.03487   0.03154  -0.1647  0.5959  0.0025  -25.2958   0.0000   0.0803
 -19.500  -1.1922   0.02897   0.02550  -0.1694  0.5661  0.0025  -24.9952   0.0000   0.0785
 -19.000  -1.1836   0.02467   0.02109  -0.1725  0.5529  0.0026  -24.4613   0.0000   0.0762
 -18.500  -1.1715   0.02103   0.01738  -0.1744  0.5447  0.0026  -23.8553   0.0000   0.0744
 -18.000  -1.1424   0.01804   0.01433  -0.1781  0.5336  0.0027  -23.0368   0.0000   0.0684
 -17.000  -1.0436   0.01428   0.01023  -0.1871  0.4268  0.0030  -20.9091   0.0000   0.0464
 -16.500  -0.9904   0.01332   0.00920  -0.1888  0.4097  0.0031  -19.7974   0.0000   0.0355
 -16.000  -0.9352   0.01249   0.00833  -0.1903  0.4018  0.0033  -18.6855   0.0000   0.0231
 -15.500  -0.8789   0.01178   0.00757  -0.1916  0.4007  0.0034  -17.5860   0.0000   0.0088
 -15.000  -0.8218   0.01115   0.00691  -0.1928  0.4003  0.0035  -16.5048   0.0000  -0.0076
 -14.500  -0.7656   0.01069   0.00634  -0.1937  0.3655  0.0036  -15.4614   0.0000  -0.0259
 -14.000  -0.7099   0.01034   0.00583  -0.1943  0.2967  0.0037  -14.4527   0.0000  -0.0466
 -13.500  -0.6516   0.00992   0.00535  -0.1953  0.2781  0.0037  -13.4970   0.0000  -0.0728
 -13.000  -0.5928   0.00951   0.00492  -0.1963  0.2771  0.0038  -12.5967   0.0000  -0.1047
 -12.500  -0.5345   0.00920   0.00454  -0.1971  0.2510  0.0038  -11.7279   0.0000  -0.1431
 -12.000  -0.4759   0.00891   0.00417  -0.1980  0.2212  0.0039  -10.8836   0.0000  -0.1912
 -11.500  -0.4163   0.00861   0.00383  -0.1989  0.2221  0.0039  -10.0528   0.0000  -0.2545
 -11.000  -0.3575   0.00840   0.00354  -0.1997  0.1918  0.0040  -9.2633   0.0000  -0.3373
 -10.500  -0.2981   0.00817   0.00326  -0.2005  0.1839  0.0040  -8.4972   0.0000  -0.4549
 -10.000  -0.2383   0.00795   0.00301  -0.2014  0.1759  0.0040  -7.7590   0.0000  -0.6324
  -9.500  -0.1784   0.00775   0.00278  -0.2022  0.1701  0.0041  -7.0521   0.0000  -0.9300
  -9.000  -0.1185   0.00756   0.00257  -0.2031  0.1686  0.0041  -6.3794   0.0000  -1.5293
  -8.500  -0.0591   0.00745   0.00241  -0.2038  0.1466  0.0041  -5.7328   0.0000  -3.3183
  -8.000   0.0006   0.00733   0.00224  -0.2045  0.1410  0.0042  -5.1137   0.0000  369.0380
  -7.500   0.0603   0.00722   0.00210  -0.2053  0.1358  0.0042  -4.5239   0.0000   3.7567
  -7.000   0.1201   0.00713   0.00198  -0.2060  0.1321  0.0043  -4.0481   0.0000   2.0132
  -6.500   0.1798   0.00704   0.00188  -0.2068  0.1275  0.0043  -3.6600   0.0000   1.4289
  -6.000   0.2395   0.00698   0.00180  -0.2075  0.1240  0.0043  -3.2867   0.0000   1.1362
  -5.500   0.2991   0.00692   0.00173  -0.2081  0.1237  0.0044  -2.9273   0.0000   0.9605
  -5.000   0.3586   0.00688   0.00168  -0.2088  0.1233  0.0044  -2.5817   0.0000   0.8432
  -4.500   0.4180   0.00686   0.00164  -0.2094  0.1227  0.0045  -2.2548   0.0000   0.7594
  -4.000   0.4772   0.00685   0.00162  -0.2100  0.1221  0.0045  -1.9421   0.0000   0.6965
  -3.500   0.5348   0.00697   0.00165  -0.2103  0.0941  0.0046  -1.6486   0.0000   0.6480
  -3.000   0.5936   0.00700   0.00166  -0.2108  0.0908  0.0060  -1.3666   0.0000   0.6086
  -2.500   0.6523   0.00703   0.00168  -0.2113  0.0875  0.0065  -1.0987   0.0000   0.5763
  -2.000   0.7108   0.00708   0.00171  -0.2118  0.0843  0.0071  -0.9550   0.0000   0.5493
  -1.500   0.7692   0.00713   0.00176  -0.2122  0.0839  0.0086  -1.0051   0.0000   0.5264
  -0.500   0.8845   0.00735   0.00194  -0.2129  0.0710  0.0152  -1.1092   0.0000   0.4895
   0.000   0.9411   0.00753   0.00206  -0.2130  0.0568  0.0155  -1.1611   0.0000   0.4744
   0.500   0.9983   0.00765   0.00216  -0.2132  0.0511  0.0159  -1.2149   0.0000   0.4610
   1.000   1.0555   0.00777   0.00227  -0.2135  0.0527  0.0171  -1.2786   0.0000   0.4490
   1.500   1.1123   0.00790   0.00240  -0.2137  0.0518  0.0173  -1.3539   0.0000   0.4381
   2.000   1.1686   0.00806   0.00254  -0.2138  0.0503  0.0216  -1.4297   0.0000   0.4282
   2.500   1.2199   0.00865   0.00299  -0.2129  0.0036  0.0376  -1.5144   0.0000   0.4191
   3.000   1.2750   0.00888   0.00321  -0.2128  0.0027  0.0383  -1.6260   0.0000   0.4108
   3.500   1.3298   0.00912   0.00343  -0.2126  0.0021  0.0463  -1.7428   0.0000   0.4030
   4.000   1.3841   0.00938   0.00368  -0.2124  0.0026  0.0500  -1.8808   0.0000   0.3959
   4.500   1.4381   0.00965   0.00395  -0.2122  0.0020  0.0665  -2.0576   0.0000   0.3892
   5.000   1.4914   0.00994   0.00423  -0.2118  0.0015  0.0736  -2.2380   0.0000   0.3829
   5.500   1.5445   0.01024   0.00454  -0.2115  0.0013  0.1026  -2.4229   0.0000   0.3770
   6.000   1.5973   0.01055   0.00488  -0.2111  0.0012  0.1534  -2.6120   0.0000   0.3714
   7.500   1.7505   0.01165   0.00604  -0.2091  0.0012  0.2485  -3.1983   0.0000   0.3562
   8.000   1.7982   0.01211   0.00646  -0.2078  0.0012  0.2215  -3.3965   0.0000   0.3514
   8.500   1.8482   0.01251   0.00697  -0.2071  0.0012  0.3334  -3.6027   0.0000   0.3470
   9.000   1.8950   0.01300   0.00748  -0.2057  0.0012  0.3687  -3.8547   0.0000   0.3425
   9.500   1.9389   0.01355   0.00803  -0.2038  0.0011  0.3823  -4.1321   0.0000   0.3381
  10.000   1.9830   0.01409   0.00869  -0.2020  0.0011  0.4829  -4.6877   0.0000   0.3340
  10.500   2.0116   0.01475   0.00938  -0.1971  0.0011  0.4969  -5.1848   0.0000   0.3291
  11.000   2.0419   0.01554   0.01017  -0.1927  0.0011  0.4992  -5.7130   0.0000   0.3245
  11.500   2.0732   0.01643   0.01110  -0.1887  0.0011  0.5284  -6.2700   0.0000   0.3202
  12.000   2.1014   0.01747   0.01218  -0.1844  0.0010  0.5500  -6.8325   0.0000   0.3159
  12.500   2.1284   0.01869   0.01345  -0.1802  0.0010  0.5643  -7.4064   0.0000   0.3118
  13.000   2.1542   0.02011   0.01492  -0.1762  0.0010  0.5973  -7.9901   0.0000   0.3078
  13.500   2.1784   0.02175   0.01663  -0.1723  0.0009  0.6424  -8.5816   0.0000   0.3040
  14.000   2.2000   0.02364   0.01861  -0.1683  0.0009  0.6876  -9.1721   0.0000   0.3003
  14.500   2.2200   0.02583   0.02085  -0.1645  0.0009  0.7133  -9.7683   0.0000   0.2967
  15.000   2.2391   0.02831   0.02342  -0.1611  0.0009  0.7532  -10.3723   0.0000   0.2933
  15.500   2.2569   0.03115   0.02636  -0.1580  0.0008  0.8104  -10.9828   0.0000   0.2902
  16.000   2.2781   0.03432   0.02979  -0.1563  0.0008  1.0000  -11.6383   0.0000   0.2874
  16.500   2.2888   0.03797   0.03348  -0.1532  0.0008  1.0000  -12.2200   0.0000   0.2845
  17.000   2.2953   0.04206   0.03763  -0.1501  0.0008  1.0000  -12.7781   0.0000   0.2816
  17.500   2.2994   0.04679   0.04243  -0.1475  0.0007  1.0000  -13.3270   0.0000   0.2790
  18.000   2.3021   0.05195   0.04766  -0.1452  0.0006  1.0000  -13.8724   0.0000   0.2766
  19.000   2.2313   0.07253   0.06863  -0.1405  0.0014  1.0000  -14.1499   0.0000   0.2735
  19.500   2.2119   0.08111   0.07733  -0.1400  0.0016  1.0000  -14.4875   0.0000   0.2723


