XFLR5 v6.02 Beta

 Calculated polar for: WORTMANN FX 63-137

 1 1 Reynolds number fixed          Mach number fixed         

 xtrf =   1.000 (top)        1.000 (bottom)
 Mach =   0.000     Re =    70.250 e 6     Ncrit =   9.000

  alpha     CL        CD       CDp       CM    Top Xtr Bot Xtr   Cpmin    Chinge    XCp    
 ------- -------- --------- --------- -------- ------- ------- -------- --------- ---------
 -21.500  -0.3754   0.19851   0.19607  -0.0655  0.2210  0.0014  -6.3859   0.0000   0.0243
 -20.500  -1.3133   0.02637   0.02286  -0.1740  0.4016  0.0014  -27.9315   0.0000   0.0869
 -20.000  -1.2984   0.02285   0.01930  -0.1763  0.4012  0.0014  -27.2501   0.0000   0.0849
 -19.500  -1.2876   0.01962   0.01602  -0.1772  0.4012  0.0014  -26.6089   0.0000   0.0844
 -19.000  -1.2520   0.01704   0.01340  -0.1809  0.4011  0.0014  -25.6492   0.0000   0.0785
 -18.500  -1.2001   0.01476   0.01107  -0.1872  0.4009  0.0015  -24.4998   0.0000   0.0678
 -18.000  -1.1499   0.01372   0.00989  -0.1893  0.3130  0.0015  -23.3505   0.0000   0.0599
 -17.500  -1.0969   0.01289   0.00899  -0.1906  0.3000  0.0016  -22.1795   0.0000   0.0513
 -17.000  -1.0424   0.01216   0.00823  -0.1919  0.2927  0.0017  -21.0142   0.0000   0.0416
 -16.500  -0.9867   0.01151   0.00755  -0.1930  0.2857  0.0018  -19.8618   0.0000   0.0305
 -16.000  -0.9303   0.01092   0.00693  -0.1941  0.2790  0.0019  -18.7276   0.0000   0.0178
 -15.500  -0.8731   0.01038   0.00636  -0.1951  0.2785  0.0020  -17.6145   0.0000   0.0032
 -15.000  -0.8165   0.00994   0.00584  -0.1959  0.2421  0.0021  -16.5360   0.0000  -0.0131
 -14.500  -0.7586   0.00950   0.00536  -0.1969  0.2218  0.0022  -15.4745   0.0000  -0.0326
 -14.000  -0.7001   0.00908   0.00492  -0.1979  0.2212  0.0023  -14.4376   0.0000  -0.0558
 -13.500  -0.6418   0.00874   0.00452  -0.1987  0.1938  0.0024  -13.5165   0.0000  -0.0831
 -13.000  -0.5829   0.00839   0.00414  -0.1996  0.1868  0.0026  -12.6202   0.0000  -0.1164
 -12.000  -0.4645   0.00779   0.00345  -0.2014  0.1449  0.0030  -10.9029   0.0000  -0.2095
 -11.500  -0.4046   0.00748   0.00313  -0.2024  0.1461  0.0034  -10.0788   0.0000  -0.2778
 -11.000  -0.3448   0.00724   0.00286  -0.2033  0.1422  0.0037  -9.2819   0.0000  -0.3695
 -10.500  -0.2850   0.00703   0.00262  -0.2041  0.1374  0.0039  -8.5107   0.0000  -0.4999
 -10.000  -0.2252   0.00686   0.00242  -0.2049  0.1324  0.0040  -7.7688   0.0000  -0.6996
  -9.500  -0.1653   0.00671   0.00225  -0.2057  0.1273  0.0041  -7.0571   0.0000  -1.0442
  -9.000  -0.1055   0.00657   0.00210  -0.2064  0.1238  0.0041  -6.3752   0.0000  -1.7799
  -8.500  -0.0456   0.00645   0.00196  -0.2072  0.1235  0.0041  -5.7211   0.0000  -4.4474
  -8.000   0.0142   0.00635   0.00185  -0.2079  0.1232  0.0042  -5.0968   0.0000  15.3466
  -7.500   0.0740   0.00626   0.00174  -0.2086  0.1228  0.0042  -4.5021   0.0000   3.1518
  -7.000   0.1338   0.00618   0.00165  -0.2093  0.1227  0.0043  -4.0410   0.0000   1.8571
  -6.500   0.1929   0.00617   0.00159  -0.2099  0.1014  0.0043  -3.6512   0.0000   1.3653
  -6.000   0.2524   0.00613   0.00153  -0.2105  0.0985  0.0043  -3.2750   0.0000   1.1033
  -5.500   0.3118   0.00611   0.00148  -0.2111  0.0958  0.0044  -2.9139   0.0000   0.9412
  -5.000   0.3712   0.00609   0.00145  -0.2117  0.0931  0.0044  -2.5682   0.0000   0.8311
  -4.500   0.4304   0.00608   0.00142  -0.2123  0.0866  0.0044  -2.2380   0.0000   0.7514
  -4.000   0.4896   0.00608   0.00141  -0.2128  0.0843  0.0045  -1.9233   0.0000   0.6910
  -3.500   0.5487   0.00609   0.00141  -0.2134  0.0842  0.0045  -1.6247   0.0000   0.6436
  -3.000   0.6077   0.00611   0.00142  -0.2139  0.0841  0.0046  -1.3418   0.0000   0.6055
  -2.500   0.6665   0.00614   0.00144  -0.2144  0.0838  0.0046  -1.0744   0.0000   0.5741
  -2.000   0.7234   0.00632   0.00153  -0.2145  0.0476  0.0048  -0.9627   0.0000   0.5479
  -1.500   0.7816   0.00640   0.00159  -0.2149  0.0446  0.0055  -1.0132   0.0000   0.5255
  -1.000   0.8397   0.00647   0.00165  -0.2153  0.0422  0.0064  -1.0656   0.0000   0.5061
  -0.500   0.8976   0.00656   0.00172  -0.2157  0.0400  0.0071  -1.1183   0.0000   0.4891
   0.000   0.9554   0.00665   0.00180  -0.2160  0.0382  0.0076  -1.1712   0.0000   0.4742
   0.500   1.0129   0.00675   0.00189  -0.2163  0.0381  0.0095  -1.2262   0.0000   0.4610
   1.000   1.0705   0.00685   0.00199  -0.2166  0.0392  0.0169  -1.2915   0.0000   0.4491
   1.500   1.1275   0.00697   0.00210  -0.2169  0.0385  0.0171  -1.3673   0.0000   0.4383
   2.000   1.1829   0.00722   0.00229  -0.2168  0.0250  0.0203  -1.4422   0.0000   0.4285
   3.000   1.2930   0.00775   0.00275  -0.2165  0.0013  0.0379  -1.6486   0.0000   0.4113
   3.500   1.3484   0.00796   0.00294  -0.2165  0.0013  0.0387  -1.7668   0.0000   0.4036
   4.000   1.4034   0.00818   0.00315  -0.2164  0.0013  0.0413  -1.9138   0.0000   0.3966
   4.500   1.4580   0.00842   0.00337  -0.2162  0.0013  0.0470  -2.0928   0.0000   0.3899
   5.500   1.5660   0.00893   0.00386  -0.2158  0.0013  0.0723  -2.4637   0.0000   0.3778
   6.000   1.6196   0.00920   0.00415  -0.2155  0.0012  0.1046  -2.6556   0.0000   0.3723
   6.500   1.6722   0.00951   0.00443  -0.2151  0.0012  0.1165  -2.8508   0.0000   0.3670
   8.500   1.8762   0.01091   0.00581  -0.2123  0.0012  0.1555  -3.6647   0.0000   0.3480
   9.000   1.9256   0.01130   0.00623  -0.2114  0.0012  0.2109  -3.9439   0.0000   0.3437
   9.500   1.9739   0.01172   0.00667  -0.2103  0.0012  0.2491  -4.3327   0.0000   0.3395
  10.500   2.0661   0.01268   0.00767  -0.2074  0.0011  0.3303  -5.5230   0.0000   0.3313
  11.000   2.1086   0.01323   0.00823  -0.2053  0.0011  0.3402  -6.1428   0.0000   0.3273
  13.000   2.2237   0.01638   0.01145  -0.1868  0.0009  0.3999  -8.5086   0.0000   0.3099
  14.000   2.2430   0.02079   0.01610  -0.1734  0.0016  0.4651  -9.4645   0.0000   0.3010
  14.500   2.2571   0.02288   0.01825  -0.1682  0.0017  0.4703  -10.0246   0.0000   0.2971
  15.000   2.2764   0.02503   0.02044  -0.1643  0.0022  0.5001  -10.6736   0.0000   0.2935
  15.500   2.2925   0.02762   0.02310  -0.1604  0.0027  0.5326  -11.2781   0.0000   0.2901
  18.500   2.3292   0.05281   0.04876  -0.1420  0.0046  0.6901  -14.6215   0.0000   0.2732
  20.000   2.3242   0.07136   0.06763  -0.1385  0.0047  0.7998  -16.2003   0.0000   0.2673
  20.500   2.3111   0.07920   0.07559  -0.1382  0.0047  0.8279  -16.6202   0.0000   0.2659


