XFLR5 v6.02 Beta

 Calculated polar for: WORTMANN FX 63-137

 1 1 Reynolds number fixed          Mach number fixed         

 xtrf =   1.000 (top)        1.000 (bottom)
 Mach =   0.000     Re =    39.000 e 6     Ncrit =   9.000

  alpha     CL        CD       CDp       CM    Top Xtr Bot Xtr   Cpmin    Chinge    XCp    
 ------- -------- --------- --------- -------- ------- ------- -------- --------- ---------
 -22.000  -1.0994   0.07035   0.06733  -0.1379  0.4974  0.0019  -24.9780   0.0000   0.0861
 -21.500  -1.1701   0.05468   0.05155  -0.1500  0.5309  0.0018  -26.0522   0.0000   0.0859
 -20.500  -1.2274   0.03583   0.03239  -0.1651  0.4912  0.0019  -26.3994   0.0000   0.0836
 -20.000  -1.2344   0.02971   0.02618  -0.1698  0.4826  0.0019  -26.1295   0.0000   0.0822
 -19.500  -1.2249   0.02554   0.02195  -0.1727  0.4767  0.0020  -25.5669   0.0000   0.0801
 -19.000  -1.2121   0.02171   0.01806  -0.1752  0.4705  0.0020  -24.9479   0.0000   0.0779
 -18.500  -1.1920   0.01872   0.01501  -0.1773  0.4668  0.0021  -24.2181   0.0000   0.0749
 -18.000  -1.1474   0.01620   0.01244  -0.1826  0.4656  0.0022  -23.1923   0.0000   0.0653
 -17.000  -1.0438   0.01354   0.00949  -0.1888  0.3579  0.0024  -20.9618   0.0000   0.0448
 -16.500  -0.9895   0.01268   0.00859  -0.1903  0.3484  0.0025  -19.8338   0.0000   0.0338
 -16.000  -0.9339   0.01192   0.00779  -0.1917  0.3395  0.0027  -18.7160   0.0000   0.0213
 -15.500  -0.8773   0.01123   0.00706  -0.1930  0.3386  0.0028  -17.6142   0.0000   0.0068
 -15.000  -0.8199   0.01061   0.00642  -0.1941  0.3377  0.0030  -16.5323   0.0000  -0.0098
 -14.500  -0.7637   0.01017   0.00585  -0.1950  0.2796  0.0032  -15.4908   0.0000  -0.0282
 -13.500  -0.6479   0.00934   0.00488  -0.1968  0.2345  0.0035  -13.5364   0.0000  -0.0771
 -13.000  -0.5889   0.00895   0.00447  -0.1978  0.2255  0.0036  -12.6331   0.0000  -0.1096
 -12.500  -0.5296   0.00861   0.00410  -0.1988  0.2211  0.0037  -11.7547   0.0000  -0.1497
 -12.000  -0.4712   0.00838   0.00377  -0.1995  0.1734  0.0038  -10.9115   0.0000  -0.1988
 -11.500  -0.4117   0.00811   0.00347  -0.2004  0.1738  0.0039  -10.0833   0.0000  -0.2638
 -11.000  -0.3520   0.00787   0.00321  -0.2012  0.1702  0.0039  -9.2865   0.0000  -0.3510
 -10.500  -0.2923   0.00765   0.00296  -0.2021  0.1696  0.0040  -8.5178   0.0000  -0.4743
 -10.000  -0.2324   0.00745   0.00274  -0.2029  0.1689  0.0040  -7.7779   0.0000  -0.6614
  -9.000  -0.1135   0.00718   0.00237  -0.2044  0.1369  0.0041  -6.3940   0.0000  -1.6182
  -8.500  -0.0537   0.00704   0.00221  -0.2052  0.1317  0.0041  -5.7412   0.0000  -3.7033
  -8.000   0.0061   0.00693   0.00207  -0.2059  0.1266  0.0042  -5.1177   0.0000  34.8662
  -7.500   0.0660   0.00682   0.00195  -0.2067  0.1240  0.0042  -4.5236   0.0000   3.4759
  -7.000   0.1258   0.00673   0.00184  -0.2074  0.1238  0.0043  -4.0505   0.0000   1.9443
  -6.500   0.1855   0.00666   0.00175  -0.2081  0.1235  0.0043  -3.6594   0.0000   1.4001
  -6.000   0.2452   0.00660   0.00168  -0.2088  0.1231  0.0043  -3.2836   0.0000   1.1212
  -5.500   0.3047   0.00655   0.00162  -0.2094  0.1225  0.0044  -2.9231   0.0000   0.9517
  -5.000   0.3635   0.00658   0.00159  -0.2099  0.1033  0.0044  -2.5792   0.0000   0.8384
  -4.500   0.4227   0.00658   0.00156  -0.2105  0.1003  0.0045  -2.2506   0.0000   0.7564
  -4.000   0.4815   0.00660   0.00155  -0.2110  0.0937  0.0045  -1.9376   0.0000   0.6946
  -3.500   0.5405   0.00661   0.00156  -0.2116  0.0872  0.0046  -1.6395   0.0000   0.6462
  -3.000   0.5994   0.00663   0.00157  -0.2121  0.0848  0.0052  -1.3569   0.0000   0.6073
  -2.500   0.6581   0.00666   0.00158  -0.2126  0.0842  0.0049  -1.0890   0.0000   0.5754
  -2.000   0.7167   0.00671   0.00162  -0.2131  0.0839  0.0059  -0.9587   0.0000   0.5486
  -1.000   0.8316   0.00697   0.00178  -0.2136  0.0542  0.0084  -1.0601   0.0000   0.5065
  -0.500   0.8893   0.00707   0.00186  -0.2139  0.0502  0.0093  -1.1125   0.0000   0.4894
   0.500   1.0041   0.00730   0.00207  -0.2144  0.0446  0.0158  -1.2194   0.0000   0.4610
   1.000   1.0615   0.00740   0.00216  -0.2147  0.0472  0.0170  -1.2838   0.0000   0.4490
   1.500   1.1182   0.00755   0.00229  -0.2149  0.0457  0.0172  -1.3591   0.0000   0.4382
   2.000   1.1747   0.00770   0.00243  -0.2151  0.0437  0.0198  -1.4351   0.0000   0.4284
   2.500   1.2271   0.00820   0.00282  -0.2144  0.0025  0.0374  -1.5219   0.0000   0.4193
   3.000   1.2825   0.00841   0.00302  -0.2143  0.0018  0.0381  -1.6354   0.0000   0.4110
   3.500   1.3375   0.00864   0.00323  -0.2142  0.0014  0.0428  -1.7527   0.0000   0.4033
   4.000   1.3921   0.00888   0.00346  -0.2141  0.0018  0.0462  -1.8945   0.0000   0.3962
   5.000   1.5001   0.00941   0.00397  -0.2136  0.0013  0.0672  -2.2539   0.0000   0.3832
   5.500   1.5534   0.00970   0.00425  -0.2132  0.0013  0.0825  -2.4398   0.0000   0.3773
   7.000   1.7099   0.01068   0.00525  -0.2117  0.0012  0.1654  -3.0201   0.0000   0.3614
   8.500   1.8596   0.01186   0.00647  -0.2091  0.0012  0.2494  -3.6280   0.0000   0.3474
   9.500   1.9535   0.01280   0.00745  -0.2065  0.0012  0.3091  -4.2159   0.0000   0.3387
  10.000   2.0001   0.01328   0.00803  -0.2052  0.0011  0.4186  -4.7906   0.0000   0.3346
  10.500   2.0410   0.01386   0.00863  -0.2027  0.0011  0.4338  -5.3640   0.0000   0.3304
  11.000   2.0676   0.01453   0.00931  -0.1974  0.0011  0.4407  -5.8789   0.0000   0.3255
  11.500   2.0978   0.01531   0.01011  -0.1930  0.0010  0.4559  -6.4380   0.0000   0.3211
  12.000   2.1279   0.01621   0.01103  -0.1888  0.0010  0.4596  -7.0173   0.0000   0.3168
  12.500   2.1563   0.01724   0.01212  -0.1846  0.0010  0.4991  -7.6069   0.0000   0.3126
  13.000   2.1830   0.01847   0.01339  -0.1804  0.0010  0.5279  -8.2046   0.0000   0.3086
  13.500   2.2074   0.01990   0.01485  -0.1761  0.0009  0.5415  -8.8059   0.0000   0.3046
  14.000   2.2309   0.02154   0.01655  -0.1721  0.0009  0.5800  -9.4181   0.0000   0.3009
  14.500   2.2523   0.02342   0.01852  -0.1682  0.0009  0.6291  -10.0327   0.0000   0.2972
  15.000   2.2720   0.02562   0.02077  -0.1644  0.0009  0.6593  -10.6517   0.0000   0.2937
  15.500   2.2899   0.02813   0.02335  -0.1608  0.0008  0.6912  -11.2723   0.0000   0.2904
  16.000   2.3052   0.03104   0.02633  -0.1574  0.0007  0.7223  -11.8881   0.0000   0.2872
  18.000   2.2834   0.05441   0.05045  -0.1445  0.0024  1.0000  -13.6741   0.0000   0.2768
  18.500   2.2790   0.06081   0.05693  -0.1428  0.0026  1.0000  -14.1497   0.0000   0.2747
  19.000   2.2726   0.06762   0.06383  -0.1415  0.0029  1.0000  -14.6104   0.0000   0.2728
  19.500   2.2620   0.07518   0.07148  -0.1408  0.0031  1.0000  -15.0313   0.0000   0.2713


