XFLR5 v6.02 Beta

 Calculated polar for: WORTMANN FX 63-137

 1 1 Reynolds number fixed          Mach number fixed         

 xtrf =   1.000 (top)        1.000 (bottom)
 Mach =   0.000     Re =    41.000 e 6     Ncrit =   9.000

  alpha     CL        CD       CDp       CM    Top Xtr Bot Xtr   Cpmin    Chinge    XCp    
 ------- -------- --------- --------- -------- ------- ------- -------- --------- ---------
 -22.000  -1.1118   0.06866   0.06561  -0.1394  0.4870  0.0018  -25.2298   0.0000   0.0863
 -21.000  -1.2257   0.04154   0.03821  -0.1608  0.4956  0.0018  -26.7503   0.0000   0.0853
 -20.500  -1.2336   0.03514   0.03169  -0.1657  0.4788  0.0018  -26.5116   0.0000   0.0839
 -20.000  -1.2390   0.02921   0.02568  -0.1703  0.4724  0.0019  -26.2115   0.0000   0.0824
 -19.500  -1.2292   0.02506   0.02147  -0.1732  0.4676  0.0019  -25.6421   0.0000   0.0803
 -19.000  -1.2156   0.02135   0.01770  -0.1755  0.4664  0.0020  -25.0072   0.0000   0.0781
 -18.500  -1.1934   0.01842   0.01472  -0.1779  0.4657  0.0020  -24.2486   0.0000   0.0746
 -17.500  -1.0964   0.01441   0.01043  -0.1874  0.3632  0.0022  -22.0993   0.0000   0.0542
 -17.000  -1.0437   0.01343   0.00940  -0.1891  0.3512  0.0023  -20.9662   0.0000   0.0445
 -16.500  -0.9891   0.01259   0.00851  -0.1906  0.3413  0.0024  -19.8349   0.0000   0.0335
 -16.000  -0.9334   0.01184   0.00772  -0.1919  0.3386  0.0026  -18.7154   0.0000   0.0209
 -15.500  -0.8768   0.01116   0.00701  -0.1932  0.3380  0.0027  -17.6130   0.0000   0.0065
 -14.500  -0.7632   0.01010   0.00581  -0.1951  0.2779  0.0031  -15.4892   0.0000  -0.0287
 -14.000  -0.7056   0.00967   0.00530  -0.1961  0.2483  0.0032  -14.4626   0.0000  -0.0509
 -13.500  -0.6473   0.00928   0.00485  -0.1970  0.2304  0.0034  -13.5377   0.0000  -0.0776
 -13.000  -0.5882   0.00889   0.00442  -0.1980  0.2222  0.0036  -12.6347   0.0000  -0.1104
 -12.000  -0.4706   0.00831   0.00373  -0.1997  0.1706  0.0038  -10.9119   0.0000  -0.1999
 -11.500  -0.4110   0.00804   0.00343  -0.2006  0.1709  0.0039  -10.0836   0.0000  -0.2652
 -11.000  -0.3513   0.00780   0.00317  -0.2014  0.1700  0.0039  -9.2865   0.0000  -0.3529
 -10.500  -0.2915   0.00759   0.00293  -0.2023  0.1694  0.0040  -8.5177   0.0000  -0.4768
 -10.000  -0.2317   0.00739   0.00271  -0.2031  0.1688  0.0040  -7.7776   0.0000  -0.6652
  -9.500  -0.1724   0.00726   0.00252  -0.2038  0.1455  0.0041  -7.0711   0.0000  -0.9806
  -9.000  -0.1128   0.00712   0.00234  -0.2046  0.1351  0.0041  -6.3933   0.0000  -1.6315
  -8.500  -0.0530   0.00699   0.00219  -0.2053  0.1299  0.0041  -5.7402   0.0000  -3.7606
  -8.000   0.0069   0.00687   0.00205  -0.2061  0.1250  0.0042  -5.1165   0.0000  31.2414
  -7.500   0.0667   0.00677   0.00193  -0.2068  0.1239  0.0042  -4.5223   0.0000   3.4436
  -7.000   0.1265   0.00668   0.00182  -0.2076  0.1237  0.0043  -4.0500   0.0000   1.9360
  -6.500   0.1862   0.00661   0.00173  -0.2083  0.1234  0.0043  -3.6588   0.0000   1.3966
  -6.000   0.2459   0.00655   0.00166  -0.2090  0.1230  0.0043  -3.2828   0.0000   1.1194
  -5.500   0.3055   0.00650   0.00161  -0.2096  0.1224  0.0044  -2.9222   0.0000   0.9506
  -5.000   0.3642   0.00653   0.00158  -0.2101  0.1024  0.0044  -2.5785   0.0000   0.8377
  -4.500   0.4233   0.00653   0.00155  -0.2107  0.0994  0.0045  -2.2496   0.0000   0.7559
  -4.000   0.4822   0.00655   0.00154  -0.2112  0.0921  0.0045  -1.9365   0.0000   0.6942
  -3.500   0.5412   0.00656   0.00154  -0.2117  0.0864  0.0046  -1.6382   0.0000   0.6459
  -3.000   0.6001   0.00659   0.00155  -0.2122  0.0844  0.0051  -1.3556   0.0000   0.6071
  -2.500   0.6589   0.00662   0.00157  -0.2127  0.0841  0.0048  -1.0877   0.0000   0.5752
  -2.000   0.7175   0.00666   0.00160  -0.2132  0.0839  0.0058  -0.9592   0.0000   0.5486
  -1.500   0.7745   0.00683   0.00170  -0.2134  0.0630  0.0071  -1.0086   0.0000   0.5260
  -1.000   0.8323   0.00692   0.00177  -0.2137  0.0516  0.0082  -1.0606   0.0000   0.5064
  -0.500   0.8900   0.00703   0.00185  -0.2140  0.0493  0.0091  -1.1130   0.0000   0.4894
   0.000   0.9475   0.00714   0.00195  -0.2143  0.0464  0.0098  -1.1656   0.0000   0.4743
   0.500   1.0049   0.00726   0.00205  -0.2146  0.0438  0.0157  -1.2200   0.0000   0.4610
   1.000   1.0622   0.00736   0.00215  -0.2149  0.0464  0.0170  -1.2844   0.0000   0.4490
   1.500   1.1190   0.00750   0.00228  -0.2151  0.0450  0.0172  -1.3598   0.0000   0.4382
   2.000   1.1756   0.00765   0.00241  -0.2152  0.0431  0.0196  -1.4359   0.0000   0.4284
   2.500   1.2280   0.00814   0.00280  -0.2145  0.0024  0.0374  -1.5228   0.0000   0.4193
   3.500   1.3385   0.00858   0.00320  -0.2144  0.0014  0.0424  -1.7540   0.0000   0.4033
   4.000   1.3931   0.00882   0.00343  -0.2143  0.0017  0.0458  -1.8962   0.0000   0.3962
   5.000   1.5012   0.00934   0.00394  -0.2138  0.0013  0.0671  -2.2559   0.0000   0.3833
   5.500   1.5545   0.00963   0.00422  -0.2135  0.0013  0.0815  -2.4419   0.0000   0.3774
   6.000   1.6076   0.00993   0.00454  -0.2131  0.0012  0.1236  -2.6323   0.0000   0.3718
   6.500   1.6599   0.01025   0.00486  -0.2126  0.0012  0.1464  -2.8260   0.0000   0.3665
   7.000   1.7112   0.01060   0.00520  -0.2120  0.0012  0.1618  -3.0227   0.0000   0.3614
   7.500   1.7623   0.01096   0.00558  -0.2113  0.0012  0.1944  -3.2233   0.0000   0.3566
  11.000   2.0712   0.01441   0.00921  -0.1980  0.0011  0.4344  -5.9018   0.0000   0.3257
  11.500   2.1008   0.01518   0.01000  -0.1935  0.0011  0.4431  -6.4582   0.0000   0.3212
  12.000   2.1307   0.01606   0.01089  -0.1893  0.0010  0.4471  -7.0376   0.0000   0.3169
  13.500   2.2118   0.01966   0.01463  -0.1767  0.0009  0.5317  -8.8390   0.0000   0.3048
  14.000   2.2350   0.02129   0.01631  -0.1726  0.0009  0.5649  -9.4511   0.0000   0.3010
  14.500   2.2564   0.02315   0.01827  -0.1687  0.0009  0.6265  -10.0659   0.0000   0.2973
  15.000   2.2756   0.02533   0.02049  -0.1648  0.0008  0.6495  -10.6822   0.0000   0.2938
  15.500   2.2938   0.02782   0.02306  -0.1612  0.0008  0.6880  -11.3070   0.0000   0.2904
  16.000   2.3091   0.03068   0.02598  -0.1577  0.0007  0.7128  -11.9227   0.0000   0.2872
  17.500   2.2768   0.04844   0.04424  -0.1450  0.0019  0.8324  -13.0940   0.0000   0.2786
  18.000   2.2880   0.05390   0.04996  -0.1448  0.0026  1.0000  -13.7176   0.0000   0.2767
  18.500   2.2836   0.06029   0.05642  -0.1430  0.0028  1.0000  -14.1933   0.0000   0.2746
  19.000   2.2785   0.06690   0.06311  -0.1417  0.0031  1.0000  -14.6673   0.0000   0.2727
  19.500   2.2779   0.07295   0.06923  -0.1407  0.0034  1.0000  -15.1904   0.0000   0.2708


