XFLR5 v6.02 Beta

 Calculated polar for: WORTMANN FX 63-137

 1 1 Reynolds number fixed          Mach number fixed         

 xtrf =   1.000 (top)        1.000 (bottom)
 Mach =   0.000     Re =    80.000 e 6     Ncrit =   9.000

  alpha     CL        CD       CDp       CM    Top Xtr Bot Xtr   Cpmin    Chinge    XCp    
 ------- -------- --------- --------- -------- ------- ------- -------- --------- ---------
 -22.500  -0.8708   0.10999   0.10734  -0.1107  0.3659  0.0014  -20.4109   0.0000   0.0789
 -22.000  -1.3209   0.04137   0.03808  -0.1632  0.4013  0.0014  -29.3171   0.0000   0.0914
 -21.500  -1.3287   0.03499   0.03163  -0.1680  0.4012  0.0014  -29.0554   0.0000   0.0901
 -21.000  -1.3348   0.02914   0.02570  -0.1725  0.4012  0.0014  -28.7426   0.0000   0.0890
 -20.500  -1.3250   0.02510   0.02161  -0.1752  0.4011  0.0014  -28.1422   0.0000   0.0873
 -20.000  -1.3118   0.02137   0.01784  -0.1777  0.4010  0.0014  -27.4824   0.0000   0.0854
 -19.500  -1.2970   0.01849   0.01489  -0.1787  0.3749  0.0014  -26.7790   0.0000   0.0844
 -19.000  -1.2554   0.01613   0.01247  -0.1830  0.3675  0.0014  -25.7343   0.0000   0.0773
 -18.500  -1.2010   0.01418   0.01046  -0.1888  0.3623  0.0014  -24.5417   0.0000   0.0667
 -18.000  -1.1504   0.01332   0.00948  -0.1901  0.2971  0.0014  -23.3764   0.0000   0.0593
 -17.500  -1.0967   0.01254   0.00867  -0.1914  0.2891  0.0015  -22.1939   0.0000   0.0506
 -17.000  -1.0417   0.01185   0.00795  -0.1925  0.2817  0.0016  -21.0213   0.0000   0.0408
 -16.500  -0.9859   0.01123   0.00730  -0.1936  0.2785  0.0016  -19.8644   0.0000   0.0296
 -16.000  -0.9292   0.01067   0.00672  -0.1947  0.2780  0.0017  -18.7268   0.0000   0.0169
 -15.000  -0.8153   0.00974   0.00569  -0.1964  0.2236  0.0019  -16.5331   0.0000  -0.0141
 -14.500  -0.7572   0.00931   0.00523  -0.1974  0.2213  0.0021  -15.4682   0.0000  -0.0338
 -13.500  -0.6405   0.00860   0.00442  -0.1991  0.1877  0.0023  -13.5094   0.0000  -0.0844
 -13.000  -0.5815   0.00826   0.00406  -0.2000  0.1757  0.0024  -12.6119   0.0000  -0.1180
 -12.500  -0.5225   0.00797   0.00372  -0.2009  0.1464  0.0026  -11.7419   0.0000  -0.1592
 -12.000  -0.4631   0.00768   0.00340  -0.2017  0.1402  0.0028  -10.8953   0.0000  -0.2115
 -11.500  -0.4033   0.00739   0.00309  -0.2027  0.1415  0.0031  -10.0726   0.0000  -0.2803
 -11.000  -0.3435   0.00715   0.00282  -0.2036  0.1379  0.0034  -9.2773   0.0000  -0.3729
 -10.500  -0.2835   0.00693   0.00258  -0.2045  0.1334  0.0037  -8.5078   0.0000  -0.5050
 -10.000  -0.2236   0.00673   0.00237  -0.2053  0.1287  0.0039  -7.7646   0.0000  -0.7082
  -9.500  -0.1637   0.00658   0.00220  -0.2061  0.1241  0.0040  -7.0521   0.0000  -1.0596
  -9.000  -0.1039   0.00645   0.00205  -0.2068  0.1236  0.0041  -6.3698   0.0000  -1.8160
  -8.500  -0.0440   0.00633   0.00192  -0.2076  0.1233  0.0041  -5.7156   0.0000  -4.6331
  -8.000   0.0159   0.00623   0.00180  -0.2083  0.1229  0.0042  -5.0912   0.0000  13.8042
  -7.500   0.0752   0.00618   0.00172  -0.2089  0.1047  0.0042  -4.4992   0.0000   3.1091
  -7.000   0.1349   0.00612   0.00162  -0.2096  0.1018  0.0043  -4.0405   0.0000   1.8461
  -6.500   0.1944   0.00607   0.00155  -0.2102  0.0991  0.0043  -3.6488   0.0000   1.3583
  -6.000   0.2540   0.00603   0.00149  -0.2109  0.0964  0.0043  -3.2722   0.0000   1.0994
  -5.500   0.3134   0.00600   0.00145  -0.2115  0.0939  0.0044  -2.9109   0.0000   0.9388
  -5.000   0.3728   0.00598   0.00142  -0.2121  0.0898  0.0044  -2.5652   0.0000   0.8295
  -4.500   0.4321   0.00597   0.00139  -0.2127  0.0843  0.0044  -2.2350   0.0000   0.7503
  -4.000   0.4913   0.00597   0.00138  -0.2132  0.0842  0.0045  -1.9201   0.0000   0.6902
  -3.500   0.5504   0.00598   0.00138  -0.2138  0.0841  0.0045  -1.6215   0.0000   0.6431
  -3.000   0.6094   0.00600   0.00139  -0.2143  0.0840  0.0046  -1.3386   0.0000   0.6051
  -2.500   0.6682   0.00603   0.00141  -0.2148  0.0837  0.0046  -1.0713   0.0000   0.5738
  -2.000   0.7250   0.00622   0.00151  -0.2149  0.0452  0.0046  -0.9637   0.0000   0.5477
  -1.500   0.7833   0.00629   0.00156  -0.2153  0.0424  0.0052  -1.0144   0.0000   0.5253
  -1.000   0.8415   0.00636   0.00162  -0.2157  0.0402  0.0060  -1.0668   0.0000   0.5060
  -0.500   0.8994   0.00644   0.00169  -0.2161  0.0383  0.0067  -1.1195   0.0000   0.4891
   0.000   0.9572   0.00653   0.00176  -0.2164  0.0381  0.0072  -1.1725   0.0000   0.4742
   0.500   1.0148   0.00664   0.00185  -0.2167  0.0380  0.0090  -1.2277   0.0000   0.4610
   1.000   1.0724   0.00673   0.00195  -0.2170  0.0382  0.0169  -1.2932   0.0000   0.4491
   1.500   1.1295   0.00685   0.00205  -0.2173  0.0382  0.0171  -1.3690   0.0000   0.4384
   2.000   1.1844   0.00714   0.00227  -0.2171  0.0172  0.0196  -1.4435   0.0000   0.4286
   2.500   1.2394   0.00742   0.00252  -0.2169  0.0013  0.0369  -1.5349   0.0000   0.4196
   3.000   1.2952   0.00761   0.00270  -0.2169  0.0013  0.0378  -1.6513   0.0000   0.4113
   3.500   1.3506   0.00782   0.00288  -0.2169  0.0013  0.0384  -1.7696   0.0000   0.4037
   4.000   1.4057   0.00804   0.00308  -0.2168  0.0013  0.0404  -1.9178   0.0000   0.3966
   4.500   1.4604   0.00827   0.00330  -0.2167  0.0013  0.0458  -2.0971   0.0000   0.3900
   5.500   1.5686   0.00877   0.00378  -0.2163  0.0013  0.0704  -2.4687   0.0000   0.3779
   6.000   1.6223   0.00904   0.00406  -0.2160  0.0012  0.1034  -2.6609   0.0000   0.3724
   6.500   1.6750   0.00934   0.00434  -0.2156  0.0012  0.1124  -2.8564   0.0000   0.3671
   7.000   1.7273   0.00965   0.00465  -0.2151  0.0012  0.1234  -3.0558   0.0000   0.3621
   8.000   1.8299   0.01033   0.00532  -0.2139  0.0012  0.1457  -3.4643   0.0000   0.3526
   8.500   1.8798   0.01071   0.00568  -0.2130  0.0012  0.1472  -3.6729   0.0000   0.3482
   9.000   1.9295   0.01109   0.00609  -0.2121  0.0012  0.2004  -3.9550   0.0000   0.3438
   9.500   1.9777   0.01151   0.00652  -0.2110  0.0012  0.2264  -4.3546   0.0000   0.3396
  10.000   2.0249   0.01196   0.00698  -0.2097  0.0012  0.2583  -4.9417   0.0000   0.3355
  10.500   2.0710   0.01243   0.00749  -0.2083  0.0011  0.3118  -5.5543   0.0000   0.3315
  11.000   2.1140   0.01297   0.00802  -0.2063  0.0011  0.3218  -6.1782   0.0000   0.3275
  11.500   2.1472   0.01356   0.00861  -0.2022  0.0011  0.3290  -6.7675   0.0000   0.3231
  12.000   2.1754   0.01424   0.00929  -0.1973  0.0010  0.3300  -7.3477   0.0000   0.3186
  12.500   2.2043   0.01504   0.01012  -0.1927  0.0010  0.3379  -7.9529   0.0000   0.3143
  13.000   2.2327   0.01598   0.01109  -0.1884  0.0009  0.3699  -8.5759   0.0000   0.3102
  14.000   2.2520   0.02022   0.01556  -0.1746  0.0021  0.4406  -9.5675   0.0000   0.3012
  14.500   2.2713   0.02199   0.01737  -0.1700  0.0022  0.4501  -10.1716   0.0000   0.2974
  15.000   2.2875   0.02422   0.01966  -0.1655  0.0027  0.4734  -10.7656   0.0000   0.2937
  15.500   2.3016   0.02687   0.02238  -0.1612  0.0031  0.5030  -11.3532   0.0000   0.2902
  16.000   2.3139   0.02987   0.02545  -0.1573  0.0036  0.5308  -11.9395   0.0000   0.2869
  16.500   2.3245   0.03322   0.02885  -0.1537  0.0039  0.5518  -12.5231   0.0000   0.2838
  17.000   2.3327   0.03700   0.03270  -0.1503  0.0042  0.5723  -13.0977   0.0000   0.2808
  17.500   2.3377   0.04112   0.03692  -0.1472  0.0046  0.5982  -13.6536   0.0000   0.2780
  18.000   2.3400   0.04601   0.04188  -0.1445  0.0046  0.6286  -14.1979   0.0000   0.2754
  18.500   2.3505   0.05012   0.04606  -0.1424  0.0047  0.6500  -14.8290   0.0000   0.2728
  19.000   2.3482   0.05603   0.05206  -0.1405  0.0047  0.6801  -15.3479   0.0000   0.2706
  19.500   2.3429   0.06251   0.05864  -0.1390  0.0047  0.7034  -15.8416   0.0000   0.2686
  20.000   2.3340   0.06969   0.06593  -0.1381  0.0047  0.7359  -16.3048   0.0000   0.2669
  20.500   2.3215   0.07754   0.07389  -0.1377  0.0047  0.7672  -16.7323   0.0000   0.2655
  21.000   2.3040   0.08582   0.08229  -0.1378  0.0047  0.7949  -17.1081   0.0000   0.2644
  21.500   2.2836   0.09510   0.09170  -0.1386  0.0047  0.8140  -17.4465   0.0000   0.2636
  22.000   2.2830   0.10147   0.09814  -0.1393  0.0047  0.8312  -18.0022   0.0000   0.2623
  22.500   2.2591   0.11142   0.10820  -0.1413  0.0047  0.8414  -18.2894   0.0000   0.2621
  23.000   2.2353   0.12152   0.11843  -0.1443  0.0047  0.8559  -18.5633   0.0000   0.2624


