xflr5 v6.59

 Calculated polar for: WORTMANN FX 63-137 AIRFOIL

 1 1 Reynolds number fixed          Mach number fixed         

 xtrf =   1.000 (top)        1.000 (bottom)
 Mach =   0.000     Re =     0.100 e 6     Ncrit =   9.000

  alpha     CL        CD       CDp       Cm    Top Xtr Bot Xtr   Cpmin    Chinge    XCp    
 ------- -------- --------- --------- -------- ------- ------- -------- --------- ---------
 -20.000   -0.4149   0.23329   0.22715   -0.0196   1.0000   0.0349   -1.2270   0.0000   0.1720   
 -19.900   -0.4119   0.23222   0.22608   -0.0202   1.0000   0.0352   -1.2300   0.0000   0.1702   
 -19.800   -0.4090   0.23118   0.22504   -0.0208   1.0000   0.0356   -1.2338   0.0000   0.1683   
 -19.700   -0.4060   0.23017   0.22405   -0.0214   1.0000   0.0359   -1.2388   0.0000   0.1664   
 -19.600   -0.4031   0.22924   0.22312   -0.0221   1.0000   0.0363   -1.2452   0.0000   0.1644   
 -19.500   -0.4002   0.22838   0.22227   -0.0228   1.0000   0.0366   -1.2533   0.0000   0.1623   
 -19.400   -0.3975   0.22763   0.22153   -0.0235   1.0000   0.0369   -1.2633   0.0000   0.1601   
 -19.300   -0.3948   0.22700   0.22091   -0.0243   1.0000   0.0371   -1.2750   0.0000   0.1578   
 -19.200   -0.3923   0.22648   0.22040   -0.0251   1.0000   0.0373   -1.2879   0.0000   0.1554   
 -19.100   -0.3900   0.22604   0.21997   -0.0259   1.0000   0.0375   -1.3016   0.0000   0.1530   
 -19.000   -0.3879   0.22566   0.21960   -0.0267   1.0000   0.0376   -1.3157   0.0000   0.1507   
 -18.900   -0.3858   0.22528   0.21923   -0.0275   1.0000   0.0377   -1.3299   0.0000   0.1484   
 -18.800   -0.3840   0.22488   0.21885   -0.0283   1.0000   0.0378   -1.3443   0.0000   0.1461   
 -18.700   -0.3822   0.22444   0.21841   -0.0290   1.0000   0.0379   -1.3588   0.0000   0.1439   
 -18.600   -0.3806   0.22398   0.21797   -0.0298   1.0000   0.0380   -1.3734   0.0000   0.1418   
 -18.500   -0.3791   0.22351   0.21751   -0.0305   1.0000   0.0380   -1.3881   0.0000   0.1397   
 -18.400   -0.3777   0.22303   0.21704   -0.0312   1.0000   0.0381   -1.4027   0.0000   0.1376   
 -18.300   -0.3763   0.22252   0.21655   -0.0319   1.0000   0.0381   -1.4174   0.0000   0.1355   
 -18.200   -0.3750   0.22201   0.21604   -0.0326   1.0000   0.0382   -1.4322   0.0000   0.1335   
 -18.100   -0.3738   0.22147   0.21552   -0.0333   1.0000   0.0382   -1.4471   0.0000   0.1316   
 -18.000   -0.3726   0.22092   0.21498   -0.0340   1.0000   0.0382   -1.4621   0.0000   0.1297   
 -17.900   -0.3716   0.22035   0.21442   -0.0346   1.0000   0.0383   -1.4773   0.0000   0.1278   
 -17.800   -0.3705   0.21976   0.21385   -0.0352   1.0000   0.0383   -1.4927   0.0000   0.1259   
 -17.700   -0.3696   0.21916   0.21326   -0.0359   1.0000   0.0383   -1.5083   0.0000   0.1241   
 -17.600   -0.3685   0.21846   0.21258   -0.0365   1.0000   0.0384   -1.5230   0.0000   0.1223   
 -17.500   -0.3672   0.21768   0.21180   -0.0371   1.0000   0.0384   -1.5372   0.0000   0.1205   
 -17.400   -0.3658   0.21681   0.21095   -0.0376   1.0000   0.0384   -1.5504   0.0000   0.1186   
 -17.300   -0.3530   0.20847   0.20263   -0.0367   1.0000   0.0388   -1.4966   0.0000   0.1164   
 -17.200   -0.3448   0.20410   0.19825   -0.0361   1.0000   0.0392   -1.4469   0.0000   0.1151   
 -17.100   -0.3396   0.20164   0.19579   -0.0359   1.0000   0.0395   -1.4174   0.0000   0.1138   
 -17.000   -0.3354   0.19978   0.19393   -0.0358   1.0000   0.0398   -1.3959   0.0000   0.1123   
 -16.900   -0.3317   0.19820   0.19236   -0.0359   1.0000   0.0401   -1.3791   0.0000   0.1108   
 -16.800   -0.3283   0.19679   0.19096   -0.0360   1.0000   0.0405   -1.3658   0.0000   0.1092   
 -16.700   -0.3251   0.19548   0.18966   -0.0362   1.0000   0.0408   -1.3552   0.0000   0.1074   
 -16.600   -0.3221   0.19423   0.18842   -0.0364   1.0000   0.0412   -1.3467   0.0000   0.1056   
 -16.500   -0.3191   0.19303   0.18722   -0.0367   1.0000   0.0416   -1.3400   0.0000   0.1038   
 -16.400   -0.3163   0.19184   0.18605   -0.0369   1.0000   0.0420   -1.3349   0.0000   0.1019   
 -16.300   -0.3135   0.19068   0.18490   -0.0372   1.0000   0.0424   -1.3311   0.0000   0.0999   
 -16.200   -0.3108   0.18953   0.18376   -0.0375   1.0000   0.0428   -1.3287   0.0000   0.0979   
 -16.100   -0.3082   0.18839   0.18262   -0.0378   1.0000   0.0433   -1.3273   0.0000   0.0959   
 -16.000   -0.3057   0.18723   0.18143   -0.0381   1.0000   0.0438   -1.3272   0.0000   0.0939   
 -15.900   -0.3032   0.18610   0.18031   -0.0384   1.0000   0.0442   -1.3280   0.0000   0.0918   
 -15.800   -0.3007   0.18497   0.17920   -0.0387   1.0000   0.0448   -1.3297   0.0000   0.0897   
 -15.700   -0.2984   0.18385   0.17808   -0.0390   1.0000   0.0453   -1.3325   0.0000   0.0876   
 -15.600   -0.2960   0.18274   0.17698   -0.0393   1.0000   0.0460   -1.3360   0.0000   0.0854   
 -15.500   -0.2938   0.18165   0.17590   -0.0397   1.0000   0.0467   -1.3408   0.0000   0.0832   
 -15.400   -0.2918   0.18059   0.17486   -0.0401   1.0000   0.0476   -1.3482   0.0000   0.0809   
 -15.300   -0.2900   0.17962   0.17391   -0.0406   1.0000   0.0486   -1.3605   0.0000   0.0785   
 -15.200   -0.2890   0.17893   0.17323   -0.0412   1.0000   0.0497   -1.3834   0.0000   0.0759   
 -15.100   -0.2899   0.17891   0.17323   -0.0422   1.0000   0.0506   -1.4242   0.0000   0.0732   
 -15.000   -0.2927   0.17948   0.17384   -0.0434   1.0000   0.0511   -1.4731   0.0000   0.0713   
 -14.900   -0.2963   0.18015   0.17452   -0.0444   1.0000   0.0514   -1.5195   0.0000   0.0704   
 -14.800   -0.3000   0.18071   0.17512   -0.0452   1.0000   0.0515   -1.5623   0.0000   0.0700   
 -14.700   -0.3034   0.18106   0.17549   -0.0460   1.0000   0.0517   -1.6015   0.0000   0.0697   
 -14.600   -0.3054   0.18099   0.17545   -0.0467   1.0000   0.0518   -1.6356   0.0000   0.0687   
 -14.500   -0.3065   0.18064   0.17512   -0.0474   1.0000   0.0519   -1.6649   0.0000   0.0676   
 -14.400   -0.2870   0.17177   0.16625   -0.0455   1.0000   0.0529   -1.5611   0.0000   0.0617   
 -14.300   -0.2787   0.16896   0.16344   -0.0446   1.0000   0.0536   -1.5059   0.0000   0.0591   
 -14.200   -0.2741   0.16731   0.16180   -0.0443   1.0000   0.0541   -1.4794   0.0000   0.0573   
 -14.100   -0.2706   0.16595   0.16045   -0.0442   1.0000   0.0547   -1.4613   0.0000   0.0556   
 -14.000   -0.2676   0.16472   0.15923   -0.0441   1.0000   0.0552   -1.4479   0.0000   0.0540   
 -13.900   -0.2650   0.16358   0.15810   -0.0440   1.0000   0.0558   -1.4379   0.0000   0.0524   
 -13.800   -0.2627   0.16247   0.15701   -0.0441   1.0000   0.0564   -1.4305   0.0000   0.0509   
 -13.700   -0.2605   0.16140   0.15596   -0.0441   1.0000   0.0570   -1.4250   0.0000   0.0494   
 -13.600   -0.2586   0.16035   0.15492   -0.0441   1.0000   0.0576   -1.4211   0.0000   0.0479   
 -13.500   -0.2568   0.15931   0.15390   -0.0442   1.0000   0.0583   -1.4186   0.0000   0.0466   
 -13.400   -0.2551   0.15829   0.15290   -0.0443   1.0000   0.0589   -1.4173   0.0000   0.0452   
 -13.300   -0.2537   0.15728   0.15190   -0.0443   1.0000   0.0596   -1.4170   0.0000   0.0440   
 -13.200   -0.2523   0.15628   0.15092   -0.0444   1.0000   0.0603   -1.4177   0.0000   0.0428   
 -13.100   -0.2511   0.15529   0.14995   -0.0445   1.0000   0.0610   -1.4196   0.0000   0.0417   
 -13.000   -0.2501   0.15432   0.14900   -0.0446   1.0000   0.0617   -1.4227   0.0000   0.0407   
 -12.900   -0.2493   0.15339   0.14809   -0.0447   1.0000   0.0625   -1.4275   0.0000   0.0399   
 -12.800   -0.2489   0.15251   0.14724   -0.0449   1.0000   0.0632   -1.4348   0.0000   0.0392   
 -12.700   -0.2490   0.15174   0.14649   -0.0450   1.0000   0.0640   -1.4458   0.0000   0.0388   
 -12.600   -0.2499   0.15114   0.14592   -0.0453   1.0000   0.0648   -1.4625   0.0000   0.0389   
 -12.500   -0.2520   0.15080   0.14560   -0.0456   1.0000   0.0654   -1.4861   0.0000   0.0396   
 -12.400   -0.2553   0.15067   0.14551   -0.0460   1.0000   0.0659   -1.5143   0.0000   0.0413   
 -12.300   -0.2593   0.15064   0.14552   -0.0463   1.0000   0.0662   -1.5436   0.0000   0.0437   
 -12.200   -0.2638   0.15062   0.14554   -0.0465   1.0000   0.0664   -1.5724   0.0000   0.0468   
 -12.100   -0.2678   0.15046   0.14542   -0.0466   1.0000   0.0666   -1.5991   0.0000   0.0497   
 -12.000   -0.2715   0.15019   0.14518   -0.0466   1.0000   0.0668   -1.6233   0.0000   0.0526   
 -11.900   -0.2750   0.14986   0.14489   -0.0465   1.0000   0.0669   -1.6447   0.0000   0.0557   
 -11.800   -0.2787   0.14951   0.14458   -0.0463   1.0000   0.0670   -1.6649   0.0000   0.0593   
 -11.700   -0.2824   0.14915   0.14426   -0.0460   1.0000   0.0670   -1.6831   0.0000   0.0633   
 -11.600   -0.2863   0.14878   0.14394   -0.0455   1.0000   0.0671   -1.6998   0.0000   0.0677   
 -11.500   -0.2906   0.14844   0.14363   -0.0450   1.0000   0.0672   -1.7159   0.0000   0.0725   
 -11.400   -0.2951   0.14811   0.14334   -0.0443   1.0000   0.0672   -1.7317   0.0000   0.0777   
 -11.300   -0.2998   0.14780   0.14307   -0.0436   1.0000   0.0672   -1.7472   0.0000   0.0830   
 -11.200   -0.3048   0.14751   0.14282   -0.0429   1.0000   0.0673   -1.7625   0.0000   0.0885   
 -11.100   -0.3099   0.14721   0.14256   -0.0421   1.0000   0.0673   -1.7777   0.0000   0.0938   
 -11.000   -0.3150   0.14690   0.14229   -0.0413   1.0000   0.0673   -1.7929   0.0000   0.0991   
 -10.900   -0.2938   0.13974   0.13512   -0.0393   1.0000   0.0687   -1.6684   0.0000   0.0950   
 -10.800   -0.2899   0.13832   0.13370   -0.0378   1.0000   0.0692   -1.6247   0.0000   0.0980   
 -10.700   -0.2879   0.13726   0.13267   -0.0366   1.0000   0.0697   -1.5934   0.0000   0.1016   
 -10.600   -0.2879   0.13649   0.13192   -0.0354   1.0000   0.0702   -1.5724   0.0000   0.1058   
 -10.500   -0.2887   0.13585   0.13130   -0.0343   1.0000   0.0707   -1.5570   0.0000   0.1102   
 -10.400   -0.2902   0.13529   0.13076   -0.0333   1.0000   0.0712   -1.5452   0.0000   0.1146   
 -10.300   -0.2919   0.13475   0.13026   -0.0324   1.0000   0.0717   -1.5360   0.0000   0.1189   
 -10.200   -0.2939   0.13424   0.12977   -0.0315   1.0000   0.0722   -1.5288   0.0000   0.1230   
 -10.100   -0.2961   0.13373   0.12929   -0.0306   1.0000   0.0727   -1.5233   0.0000   0.1270   
 -10.000   -0.2983   0.13322   0.12880   -0.0299   1.0000   0.0732   -1.5192   0.0000   0.1307   
 -9.900   -0.3007   0.13271   0.12832   -0.0291   1.0000   0.0738   -1.5165   0.0000   0.1343   
 -9.800   -0.3032   0.13219   0.12782   -0.0284   1.0000   0.0744   -1.5149   0.0000   0.1378   
 -9.700   -0.3058   0.13167   0.12732   -0.0278   1.0000   0.0750   -1.5146   0.0000   0.1411   
 -9.600   -0.3084   0.13114   0.12682   -0.0272   1.0000   0.0756   -1.5153   0.0000   0.1442   
 -9.500   -0.3095   0.13041   0.12611   -0.0270   0.9998   0.0764   -1.5158   0.0000   0.1452   
 -9.400   -0.3029   0.12880   0.12449   -0.0291   0.9984   0.0778   -1.5124   0.0000   0.1361   
 -9.300   -0.2972   0.12725   0.12294   -0.0313   0.9967   0.0794   -1.5168   0.0000   0.1264   
 -9.200   -0.2931   0.12583   0.12153   -0.0341   0.9948   0.0811   -1.5361   0.0000   0.1155   
 -9.100   -0.2932   0.12488   0.12059   -0.0381   0.9921   0.0828   -1.5932   0.0000   0.1021   
 -9.000   -0.2963   0.12436   0.12009   -0.0428   0.9890   0.0838   -1.6731   0.0000   0.0877   
 -8.900   -0.2974   0.12358   0.11933   -0.0463   0.9858   0.0842   -1.7272   0.0000   0.0766   
 -8.800   -0.2971   0.12248   0.11824   -0.0499   0.9833   0.0844   -1.7731   0.0000   0.0647   
 -8.700   -0.2987   0.12145   0.11722   -0.0520   0.9800   0.0846   -1.8086   0.0000   0.0588   
 -8.600   -0.2731   0.11557   0.11132   -0.0480   0.9828   0.0867   -1.6473   0.0000   0.0552   
 -8.500   -0.2605   0.11399   0.10973   -0.0470   0.9815   0.0881   -1.5886   0.0000   0.0497   
 -8.400   -0.2514   0.11269   0.10837   -0.0471   0.9797   0.0897   -1.5553   0.0000   0.0424   
 -8.300   -0.2439   0.11141   0.10708   -0.0478   0.9778   0.0915   -1.5405   0.0000   0.0332   
 -8.200   -0.2373   0.11007   0.10574   -0.0491   0.9760   0.0935   -1.5374   0.0000   0.0219   
 -8.100   -0.2314   0.10867   0.10434   -0.0509   0.9744   0.0958   -1.5454   0.0000   0.0084   
 -8.000   -0.2292   0.10748   0.10316   -0.0525   0.9718   0.0980   -1.5650   0.0000   -0.0006   
 -7.900   -0.2314   0.10660   0.10230   -0.0543   0.9680   0.1001   -1.6017   0.0000   -0.0058   
 -7.800   -0.2385   0.10621   0.10194   -0.0587   0.9640   0.1022   -1.6816   0.0000   -0.0162   
 -7.700   -0.2460   0.10588   0.10163   -0.0613   0.9598   0.1029   -1.7419   0.0000   -0.0183   
 -7.600   -0.2536   0.10546   0.10125   -0.0621   0.9549   0.1031   -1.7828   0.0000   -0.0134   
 -7.500   -0.2567   0.10427   0.10013   -0.0655   0.9512   0.1034   -1.8400   0.0000   -0.0234   
 -7.400   -0.2517   0.10198   0.09784   -0.0714   0.9486   0.1036   -1.9016   0.0000   -0.0518   
 -7.300   -0.2334   0.09786   0.09367   -0.0637   0.9510   0.1061   -1.7886   0.0000   -0.0429   
 -7.200   -0.2110   0.09628   0.09204   -0.0621   0.9513   0.1095   -1.7128   0.0000   -0.0658   
 -7.100   -0.2009   0.09502   0.09077   -0.0628   0.9500   0.1129   -1.7028   0.0000   -0.0851   
 -7.000   -0.1954   0.09368   0.08943   -0.0647   0.9483   0.1167   -1.7211   0.0000   -0.1041   
 -6.900   -0.2041   0.09342   0.08921   -0.0632   0.9425   0.1175   -1.7385   0.0000   -0.0812   
 -6.800   -0.2089   0.09261   0.08841   -0.0645   0.9383   0.1199   -1.7755   0.0000   -0.0795   
 -6.700   -0.2177   0.09107   0.08691   -0.0751   0.9317   0.1235   -1.9041   0.0000   -0.1146   
 -6.600   -0.2273   0.08961   0.08547   -0.0797   0.9238   0.1240   -1.9754   0.0000   -0.1188   
 -6.500   -0.1875   0.08761   0.08341   -0.0691   0.9330   0.1321   -1.7941   0.0000   -0.1411   
 -6.400   -0.1978   0.08759   0.08343   -0.0666   0.9264   0.1326   -1.8026   0.0000   -0.1073   
 -6.300   -0.1922   0.08684   0.08267   -0.0669   0.9233   0.1377   -1.7882   0.0000   -0.1194   
 -6.200   -0.1922   0.08170   0.07747   -0.0929   0.9144   0.1464   -2.0257   0.0000   -0.2535   
 -5.800   -0.1764   0.05814   0.05347   -0.1125   0.9021   0.0884   -2.5678   0.0000   -0.4105   
 -5.700   -0.1659   0.05865   0.05406   -0.1108   0.9005   0.0908   -2.4665   0.0000   -0.4417   
 -5.600   -0.1526   0.05986   0.05532   -0.1111   0.8989   0.1085   -2.3202   0.0000   -0.5029   
 -5.500   -0.1389   0.05909   0.05454   -0.1120   0.8978   0.1104   -2.2576   0.0000   -0.5830   
 -5.400   -0.1218   0.05746   0.05283   -0.1153   0.8968   0.1126   -2.2139   0.0000   -0.7271   
 -5.300   -0.1344   0.07552   0.07131   -0.0828   0.8951   0.1919   -1.6667   0.0000   -0.3916   
 -5.200   -0.1467   0.07556   0.07138   -0.0796   0.8892   0.1913   -1.6751   0.0000   -0.3153   
 -5.000   -0.0855   0.05390   0.04884   -0.1261   0.8831   0.1488   -2.0769   0.0000   -1.2644   
 -4.900   -0.0738   0.05252   0.04749   -0.1268   0.8817   0.1499   -2.0258   0.0000   -1.5141   
 -4.800   -0.0619   0.05164   0.04667   -0.1270   0.8803   0.1515   -1.9635   0.0000   -1.8538   
 -4.700   -0.0516   0.05155   0.04665   -0.1260   0.8789   0.1543   -1.8864   0.0000   -2.2522   
 -4.600   -0.0382   0.05222   0.04736   -0.1262   0.8775   0.1756   -1.7772   0.0000   -3.1381   
 -4.500   -0.0297   0.05283   0.04809   -0.1233   0.8764   0.1794   -1.6885   0.0000   -4.0092   
 -4.400   -0.0341   0.05323   0.04839   -0.1240   0.8694   0.1992   -1.6775   0.0000   -3.4762   
 -4.300   -0.0344   0.05328   0.04855   -0.1209   0.8658   0.2008   -1.6330   0.0000   -3.3454   
 -4.200   -0.0315   0.05367   0.04903   -0.1177   0.8630   0.2034   -1.5724   0.0000   -3.5813   
 -4.100   -0.0269   0.05454   0.04998   -0.1140   0.8607   0.2084   -1.4995   0.0000   -4.0951   
 -4.000   0.1845   0.03160   0.02335   -0.1667   0.8766   0.0746   -1.7217   0.0000   1.1712   
 -3.800   0.1925   0.03154   0.02322   -0.1648   0.8675   0.0745   -1.6524   0.0000   1.1225   
 -3.700   0.2065   0.03118   0.02281   -0.1654   0.8648   0.0745   -1.5909   0.0000   1.0660   
 -3.600   0.2223   0.03077   0.02236   -0.1662   0.8628   0.0748   -1.5238   0.0000   1.0113   
 -3.500   0.2392   0.03035   0.02191   -0.1672   0.8610   0.0752   -1.4912   0.0000   0.9612   
 -3.400   0.2567   0.02993   0.02147   -0.1682   0.8596   0.0759   -1.4615   0.0000   0.9164   
 -3.300   0.2748   0.02953   0.02099   -0.1693   0.8583   0.0767   -1.4309   0.0000   0.8765   
 -3.200   0.2932   0.02914   0.02060   -0.1705   0.8572   0.0779   -1.4001   0.0000   0.8408   
 -3.100   0.3123   0.02876   0.02021   -0.1718   0.8563   0.0795   -1.3693   0.0000   0.8086   
 -3.000   0.3322   0.02839   0.01982   -0.1733   0.8555   0.0816   -1.3391   0.0000   0.7793   
 -2.900   0.3524   0.02805   0.01943   -0.1748   0.8547   0.0842   -1.3109   0.0000   0.7530   
 -2.800   0.3762   0.02746   0.01889   -0.1773   0.8542   0.0900   -1.2822   0.0000   0.7277   
 -2.700   0.4000   0.02700   0.01839   -0.1796   0.8536   0.1004   -1.2581   0.0000   0.7049   
 -2.600   0.4442   0.02509   0.01744   -0.1877   0.8540   0.2920   -1.2422   0.0000   0.6777   
 -2.400   0.4444   0.02594   0.01862   -0.1848   0.8417   0.3999   -1.2204   0.0000   0.6706   
 -2.300   0.4597   0.02593   0.01865   -0.1853   0.8393   0.4413   -1.1798   0.0000   0.6573   
 -2.200   0.4765   0.02590   0.01859   -0.1859   0.8374   0.4701   -1.1326   0.0000   0.6441   
 -2.100   0.4936   0.02580   0.01847   -0.1865   0.8359   0.4845   -1.0833   0.0000   0.6314   
 -2.000   0.5138   0.02566   0.01821   -0.1878   0.8346   0.4992   -1.0284   0.0000   0.6189   
 -1.900   0.5307   0.02555   0.01810   -0.1884   0.8333   0.5086   -0.9773   0.0000   0.6079   
 -1.800   0.5486   0.02543   0.01795   -0.1891   0.8321   0.5191   -0.9245   0.0000   0.5974   
 -1.700   0.5683   0.02530   0.01771   -0.1904   0.8310   0.5316   -0.8683   0.0000   0.5874   
 -1.600   0.5841   0.02523   0.01762   -0.1906   0.8300   0.5416   -0.8256   0.0000   0.5784   
 -1.400   0.5750   0.02655   0.01900   -0.1859   0.8161   0.5503   -0.8216   0.0000   0.5752   
 -1.300   0.5911   0.02660   0.01898   -0.1866   0.8141   0.5654   -0.8340   0.0000   0.5673   
 -1.200   0.6016   0.02663   0.01909   -0.1858   0.8122   0.5753   -0.8436   0.0000   0.5603   
 -1.100   0.6139   0.02671   0.01920   -0.1853   0.8105   0.5908   -0.8543   0.0000   0.5531   
 -1.000   0.6245   0.02678   0.01932   -0.1844   0.8089   0.6053   -0.8641   0.0000   0.5463   
 -0.900   0.6346   0.02690   0.01948   -0.1833   0.8074   0.6216   -0.8738   0.0000   0.5396   
 -0.800   0.6448   0.02695   0.01958   -0.1821   0.8062   0.6365   -0.8836   0.0000   0.5331   
 -0.700   0.6536   0.02705   0.01972   -0.1806   0.8049   0.6507   -0.8926   0.0000   0.5267   
 -0.500   0.6438   0.02862   0.02133   -0.1764   0.7910   0.6624   -0.8870   0.0000   0.5241   
 -0.400   0.6474   0.02870   0.02149   -0.1742   0.7883   0.6707   -0.8922   0.0000   0.5190   
 -0.300   0.6570   0.02872   0.02151   -0.1731   0.7863   0.6823   -0.9013   0.0000   0.5133   
 -0.200   0.6727   0.02861   0.02137   -0.1735   0.7847   0.6934   -0.9140   0.0000   0.5076   
 -0.100   0.6834   0.02840   0.02119   -0.1727   0.7831   0.6992   -0.9239   0.0000   0.5021   
 0.000   0.6986   0.02814   0.02091   -0.1728   0.7817   0.7046   -0.9367   0.0000   0.4966   
 0.100   0.7164   0.02786   0.02060   -0.1736   0.7805   0.7105   -0.9511   0.0000   0.4913   
 0.200   0.7369   0.02756   0.02025   -0.1750   0.7793   0.7168   -0.9671   0.0000   0.4863   
 0.300   0.7581   0.02726   0.01989   -0.1765   0.7782   0.7223   -0.9836   0.0000   0.4815   
 0.500   0.7442   0.02870   0.02143   -0.1714   0.7631   0.7275   -0.9748   0.0000   0.4788   
 0.600   0.7571   0.02851   0.02124   -0.1714   0.7608   0.7321   -0.9859   0.0000   0.4746   
 0.700   0.7721   0.02829   0.02100   -0.1717   0.7587   0.7372   -0.9983   0.0000   0.4704   
 0.800   0.7896   0.02803   0.02071   -0.1725   0.7569   0.7427   -1.0125   0.0000   0.4664   
 0.900   0.8099   0.02773   0.02037   -0.1740   0.7554   0.7481   -1.0306   0.0000   0.4625   
 1.000   0.8279   0.02738   0.02000   -0.1749   0.7539   0.7520   -1.0474   0.0000   0.4587   
 1.100   0.8439   0.02704   0.01964   -0.1752   0.7525   0.7557   -1.0629   0.0000   0.4550   
 1.200   0.8607   0.02672   0.01931   -0.1757   0.7512   0.7598   -1.0790   0.0000   0.4514   
 1.400   0.8581   0.02796   0.02063   -0.1726   0.7384   0.7667   -1.0810   0.0000   0.4481   
 1.500   0.8711   0.02791   0.02057   -0.1729   0.7352   0.7714   -1.0937   0.0000   0.4453   
 1.600   0.8877   0.02775   0.02039   -0.1738   0.7325   0.7766   -1.1091   0.0000   0.4424   
 1.700   0.9015   0.02748   0.02012   -0.1739   0.7302   0.7809   -1.1230   0.0000   0.4393   
 1.800   0.9151   0.02715   0.01982   -0.1738   0.7282   0.7856   -1.1372   0.0000   0.4362   
 1.900   0.9309   0.02680   0.01945   -0.1741   0.7264   0.7912   -1.1548   0.0000   0.4331   
 2.000   0.9489   0.02643   0.01906   -0.1748   0.7246   0.7974   -1.1748   0.0000   0.4302   
 2.100   0.9694   0.02609   0.01867   -0.1762   0.7230   0.8036   -1.1967   0.0000   0.4276   
 2.200   0.9854   0.02575   0.01832   -0.1765   0.7213   0.8082   -1.2153   0.0000   0.4248   
 2.300   0.9717   0.02685   0.01953   -0.1732   0.7125   0.8113   -1.2070   0.0000   0.4238   
 2.400   0.9775   0.02702   0.01972   -0.1724   0.7076   0.8157   -1.2162   0.0000   0.4217   
 2.500   0.9900   0.02689   0.01960   -0.1725   0.7042   0.8205   -1.2314   0.0000   0.4195   
 2.600   1.0062   0.02665   0.01933   -0.1732   0.7015   0.8257   -1.2498   0.0000   0.4172   
 2.700   1.0239   0.02632   0.01899   -0.1740   0.6991   0.8305   -1.2697   0.0000   0.4149   
 2.800   1.0382   0.02593   0.01858   -0.1741   0.6969   0.8351   -1.2871   0.0000   0.4125   
 2.900   1.0544   0.02552   0.01815   -0.1745   0.6948   0.8402   -1.3063   0.0000   0.4101   
 3.000   1.0731   0.02509   0.01769   -0.1753   0.6928   0.8458   -1.3276   0.0000   0.4078   
 3.100   1.0830   0.02519   0.01784   -0.1752   0.6887   0.8511   -1.3418   0.0000   0.4061   
 3.200   1.0806   0.02574   0.01848   -0.1733   0.6818   0.8556   -1.3454   0.0000   0.4046   
 3.300   1.0869   0.02574   0.01851   -0.1724   0.6773   0.8608   -1.3582   0.0000   0.4026   
 3.400   1.0985   0.02552   0.01829   -0.1722   0.6736   0.8670   -1.3763   0.0000   0.4006   
 3.500   1.1137   0.02520   0.01795   -0.1726   0.6704   0.8737   -1.3979   0.0000   0.3987   
 3.600   1.1275   0.02481   0.01754   -0.1726   0.6677   0.8804   -1.4186   0.0000   0.3966   
 3.700   1.1420   0.02439   0.01709   -0.1726   0.6652   0.8883   -1.4401   0.0000   0.3946   
 3.900   1.1686   0.02382   0.01647   -0.1726   0.6596   0.9053   -1.4805   0.0000   0.3908   
 4.000   1.1641   0.02435   0.01712   -0.1704   0.6532   0.9148   -1.4839   0.0000   0.3893   
 4.100   1.1654   0.02445   0.01727   -0.1687   0.6481   0.9262   -1.4945   0.0000   0.3876   
 4.200   1.1722   0.02430   0.01716   -0.1677   0.6438   0.9417   -1.5115   0.0000   0.3858   
 4.400   1.2064   0.02358   0.01639   -0.1695   0.6363   1.0000   -1.5796   0.0000   0.3828   
 4.500   1.2299   0.02316   0.01589   -0.1714   0.6327   1.0000   -1.6316   0.0000   0.3816   
 4.600   1.2526   0.02285   0.01557   -0.1733   0.6290   1.0000   -1.6830   0.0000   0.3804   
 4.700   1.2573   0.02330   0.01612   -0.1728   0.6225   1.0000   -1.7047   0.0000   0.3793   
 4.800   1.2689   0.02340   0.01624   -0.1732   0.6166   1.0000   -1.7383   0.0000   0.3782   
 4.900   1.2849   0.02327   0.01608   -0.1740   0.6112   1.0000   -1.7795   0.0000   0.3770   
 5.000   1.3031   0.02302   0.01578   -0.1752   0.6063   1.0000   -1.8250   0.0000   0.3758   
 5.100   1.3222   0.02276   0.01544   -0.1765   0.6019   1.0000   -1.8724   0.0000   0.3747   
 5.200   1.3434   0.02252   0.01509   -0.1781   0.5977   1.0000   -1.9234   0.0000   0.3736   
 5.300   1.3489   0.02286   0.01551   -0.1775   0.5919   1.0000   -1.9477   0.0000   0.3724   
 5.400   1.3572   0.02308   0.01577   -0.1772   0.5859   1.0000   -1.9772   0.0000   0.3713   
 5.500   1.3687   0.02315   0.01584   -0.1774   0.5805   1.0000   -2.0123   0.0000   0.3702   
 5.600   1.3821   0.02314   0.01582   -0.1778   0.5757   1.0000   -2.0509   0.0000   0.3691   
 5.700   1.3965   0.02311   0.01575   -0.1784   0.5716   1.0000   -2.0916   0.0000   0.3679   
 5.800   1.4127   0.02304   0.01561   -0.1792   0.5678   1.0000   -2.1355   0.0000   0.3669   
 5.900   1.4260   0.02311   0.01565   -0.1796   0.5636   1.0000   -2.1747   0.0000   0.3658   
 6.000   1.4320   0.02341   0.01602   -0.1789   0.5585   1.0000   -2.2009   0.0000   0.3647   
 6.100   1.4403   0.02360   0.01625   -0.1786   0.5533   1.0000   -2.2315   0.0000   0.3635   
 6.200   1.4502   0.02371   0.01637   -0.1784   0.5483   1.0000   -2.2654   0.0000   0.3624   
 6.300   1.4616   0.02375   0.01639   -0.1784   0.5436   1.0000   -2.3020   0.0000   0.3613   
 6.400   1.4751   0.02371   0.01630   -0.1787   0.5389   1.0000   -2.3428   0.0000   0.3602   
 6.500   1.4909   0.02365   0.01622   -0.1793   0.5343   1.0000   -2.3878   0.0000   0.3592   
 6.600   1.4987   0.02386   0.01645   -0.1788   0.5291   1.0000   -2.4183   0.0000   0.3580   
 6.700   1.5033   0.02413   0.01681   -0.1778   0.5232   1.0000   -2.4433   0.0000   0.3569   
 6.800   1.5101   0.02432   0.01703   -0.1772   0.5173   1.0000   -2.4725   0.0000   0.3557   
 6.900   1.5186   0.02442   0.01714   -0.1767   0.5115   1.0000   -2.5051   0.0000   0.3546   
 7.000   1.5297   0.02445   0.01712   -0.1766   0.5060   1.0000   -2.5426   0.0000   0.3535   
 7.100   1.5434   0.02443   0.01700   -0.1768   0.5006   1.0000   -2.5852   0.0000   0.3524   
 7.200   1.5485   0.02470   0.01733   -0.1759   0.4952   1.0000   -2.6116   0.0000   0.3513   
 7.300   1.5535   0.02495   0.01763   -0.1749   0.4893   1.0000   -2.6380   0.0000   0.3501   
 7.400   1.5600   0.02513   0.01784   -0.1742   0.4834   1.0000   -2.6674   0.0000   0.3490   
 7.500   1.5687   0.02523   0.01791   -0.1737   0.4776   1.0000   -2.7011   0.0000   0.3479   
 7.600   1.5796   0.02529   0.01789   -0.1735   0.4719   1.0000   -2.7393   0.0000   0.3468   
 7.700   1.5912   0.02541   0.01792   -0.1735   0.4663   1.0000   -2.7785   0.0000   0.3459   
 7.800   1.5935   0.02574   0.01836   -0.1722   0.4608   1.0000   -2.7999   0.0000   0.3447   
 7.900   1.5972   0.02603   0.01873   -0.1710   0.4547   1.0000   -2.8242   0.0000   0.3435   
 8.000   1.6022   0.02627   0.01900   -0.1701   0.4487   1.0000   -2.8511   0.0000   0.3424   
 8.100   1.6091   0.02646   0.01917   -0.1693   0.4428   1.0000   -2.8818   0.0000   0.3413   
 8.200   1.6180   0.02660   0.01925   -0.1689   0.4371   1.0000   -2.9165   0.0000   0.3403   
 8.300   1.6241   0.02686   0.01951   -0.1681   0.4317   1.0000   -2.9455   0.0000   0.3392   
 8.400   1.6266   0.02718   0.01990   -0.1667   0.4263   1.0000   -2.9677   0.0000   0.3381   
 8.500   1.6301   0.02746   0.02022   -0.1655   0.4208   1.0000   -2.9920   0.0000   0.3369   
 8.600   1.6349   0.02772   0.02047   -0.1645   0.4151   1.0000   -3.0189   0.0000   0.3358   
 8.700   1.6408   0.02795   0.02065   -0.1636   0.4095   1.0000   -3.0481   0.0000   0.3348   
 8.800   1.6491   0.02816   0.02076   -0.1631   0.4038   1.0000   -3.0819   0.0000   0.3338   
 8.900   1.6514   0.02854   0.02120   -0.1618   0.3984   1.0000   -3.1033   0.0000   0.3326   
 9.000   1.6516   0.02897   0.02183   -0.1602   0.3924   1.0000   -3.1209   0.0000   0.3315   
 9.100   1.6530   0.02937   0.02229   -0.1588   0.3860   1.0000   -3.1422   0.0000   0.3304   
 9.200   1.6556   0.02973   0.02265   -0.1576   0.3794   1.0000   -3.1694   0.0000   0.3293   
 9.300   1.6595   0.03007   0.02294   -0.1565   0.3732   1.0000   -3.1999   0.0000   0.3282   
 9.400   1.6621   0.03048   0.02336   -0.1553   0.3674   1.0000   -3.2268   0.0000   0.3272   
 9.500   1.6630   0.03096   0.02391   -0.1539   0.3614   1.0000   -3.2499   0.0000   0.3261   
 9.600   1.6642   0.03143   0.02440   -0.1526   0.3550   1.0000   -3.2738   0.0000   0.3251   
 9.700   1.6657   0.03190   0.02484   -0.1513   0.3487   1.0000   -3.2987   0.0000   0.3240   
 9.800   1.6680   0.03236   0.02521   -0.1501   0.3423   1.0000   -3.3258   0.0000   0.3230   
 9.900   1.6693   0.03291   0.02577   -0.1489   0.3359   1.0000   -3.3494   0.0000   0.3220   
 10.000   1.6687   0.03355   0.02653   -0.1476   0.3288   1.0000   -3.3682   0.0000   0.3211   
 10.100   1.6680   0.03420   0.02723   -0.1463   0.3213   1.0000   -3.3872   0.0000   0.3201   
 10.200   1.6673   0.03486   0.02787   -0.1449   0.3138   1.0000   -3.4065   0.0000   0.3191   
 10.300   1.6665   0.03556   0.02852   -0.1436   0.3066   1.0000   -3.4258   0.0000   0.3182   
 10.400   1.6652   0.03632   0.02932   -0.1423   0.2989   1.0000   -3.4431   0.0000   0.3173   
 10.500   1.6629   0.03716   0.03012   -0.1410   0.2910   1.0000   -3.4586   0.0000   0.3164   
 10.600   1.6601   0.03804   0.03090   -0.1396   0.2834   1.0000   -3.4735   0.0000   0.3155   
 10.700   1.6578   0.03896   0.03180   -0.1384   0.2753   1.0000   -3.4882   0.0000   0.3147   
 10.800   1.6552   0.03996   0.03288   -0.1373   0.2655   1.0000   -3.5012   0.0000   0.3139   
 10.900   1.6512   0.04106   0.03395   -0.1361   0.2559   1.0000   -3.5119   0.0000   0.3132   
 11.000   1.6471   0.04219   0.03502   -0.1349   0.2475   1.0000   -3.5224   0.0000   0.3125   
 11.100   1.6434   0.04334   0.03615   -0.1338   0.2391   1.0000   -3.5334   0.0000   0.3118   
 11.200   1.6386   0.04460   0.03732   -0.1327   0.2315   1.0000   -3.5419   0.0000   0.3111   
 11.300   1.6330   0.04591   0.03852   -0.1315   0.2244   1.0000   -3.5486   0.0000   0.3105   
 11.400   1.6304   0.04710   0.03976   -0.1307   0.2157   1.0000   -3.5601   0.0000   0.3099   
 11.500   1.6269   0.04838   0.04106   -0.1299   0.2060   1.0000   -3.5699   0.0000   0.3093   
 11.600   1.6216   0.04982   0.04245   -0.1290   0.1981   1.0000   -3.5760   0.0000   0.3088   
 11.700   1.6175   0.05121   0.04380   -0.1282   0.1911   1.0000   -3.5845   0.0000   0.3083   
 11.800   1.6133   0.05262   0.04518   -0.1275   0.1844   1.0000   -3.5930   0.0000   0.3079   
 11.900   1.6081   0.05416   0.04665   -0.1268   0.1786   1.0000   -3.5998   0.0000   0.3075   
 12.000   1.6024   0.05576   0.04816   -0.1260   0.1732   1.0000   -3.6067   0.0000   0.3071   
 12.100   1.6000   0.05710   0.04950   -0.1255   0.1667   1.0000   -3.6210   0.0000   0.3066   
 12.200   1.5987   0.05839   0.05087   -0.1251   0.1593   1.0000   -3.6381   0.0000   0.3062   
 12.300   1.5954   0.05988   0.05235   -0.1247   0.1530   1.0000   -3.6502   0.0000   0.3059   
 12.400   1.5909   0.06149   0.05391   -0.1242   0.1480   1.0000   -3.6597   0.0000   0.3056   
 12.500   1.5884   0.06291   0.05532   -0.1238   0.1435   1.0000   -3.6740   0.0000   0.3053   
 12.600   1.5862   0.06433   0.05675   -0.1235   0.1393   1.0000   -3.6892   0.0000   0.3050   
 12.700   1.5834   0.06583   0.05823   -0.1232   0.1356   1.0000   -3.7026   0.0000   0.3047   
 12.800   1.5800   0.06740   0.05976   -0.1229   0.1323   1.0000   -3.7144   0.0000   0.3045   
 12.900   1.5765   0.06898   0.06130   -0.1226   0.1292   1.0000   -3.7253   0.0000   0.3042   
 13.000   1.5731   0.07052   0.06279   -0.1223   0.1262   1.0000   -3.7361   0.0000   0.3040   
 13.100   1.5723   0.07177   0.06401   -0.1219   0.1233   1.0000   -3.7574   0.0000   0.3036   
 13.200   1.5736   0.07285   0.06519   -0.1217   0.1210   1.0000   -3.8104   0.0000   0.3032   
 13.300   1.5744   0.07399   0.06646   -0.1215   0.1185   1.0000   -3.8594   0.0000   0.3028   
 13.400   1.5748   0.07516   0.06769   -0.1213   0.1161   1.0000   -3.9077   0.0000   0.3024   
 13.500   1.5750   0.07636   0.06895   -0.1212   0.1138   1.0000   -3.9553   0.0000   0.3021   
 13.600   1.5748   0.07761   0.07023   -0.1210   0.1117   1.0000   -4.0016   0.0000   0.3018   
 13.700   1.5741   0.07893   0.07159   -0.1209   0.1098   1.0000   -4.0452   0.0000   0.3015   
 13.800   1.5733   0.08028   0.07295   -0.1208   0.1081   1.0000   -4.0882   0.0000   0.3012   
 13.900   1.5724   0.08163   0.07430   -0.1207   0.1064   1.0000   -4.1311   0.0000   0.3010   
 14.000   1.5714   0.08299   0.07566   -0.1206   0.1049   1.0000   -4.1729   0.0000   0.3007   
 14.100   1.5706   0.08429   0.07691   -0.1204   0.1034   1.0000   -4.2164   0.0000   0.3005   
 14.200   1.5722   0.08536   0.07806   -0.1203   0.1022   1.0000   -4.2714   0.0000   0.3001   
 14.300   1.5736   0.08647   0.07922   -0.1203   0.1009   1.0000   -4.3256   0.0000   0.2998   
 14.400   1.5746   0.08763   0.08043   -0.1202   0.0997   1.0000   -4.3778   0.0000   0.2995   
 14.500   1.5754   0.08883   0.08169   -0.1202   0.0985   1.0000   -4.4284   0.0000   0.2992   
 14.600   1.5759   0.09006   0.08296   -0.1203   0.0973   1.0000   -4.4782   0.0000   0.2990   
 14.700   1.5764   0.09132   0.08426   -0.1203   0.0961   1.0000   -4.5271   0.0000   0.2988   
 14.800   1.5767   0.09261   0.08560   -0.1204   0.0950   1.0000   -4.5752   0.0000   0.2986   
 14.900   1.5768   0.09391   0.08694   -0.1205   0.0938   1.0000   -4.6225   0.0000   0.2984   
 15.000   1.5769   0.09523   0.08828   -0.1207   0.0927   1.0000   -4.6693   0.0000   0.2983   
 15.100   1.5767   0.09658   0.08965   -0.1208   0.0916   1.0000   -4.7142   0.0000   0.2981   
 15.200   1.5765   0.09793   0.09101   -0.1210   0.0905   1.0000   -4.7591   0.0000   0.2980   
 15.300   1.5762   0.09929   0.09237   -0.1212   0.0893   1.0000   -4.8033   0.0000   0.2979   
 15.400   1.5758   0.10060   0.09366   -0.1213   0.0876   1.0000   -4.8480   0.0000   0.2978   
 15.500   1.5768   0.10158   0.09458   -0.1212   0.0852   1.0000   -4.9013   0.0000   0.2974   
 15.600   1.5760   0.10311   0.09614   -0.1216   0.0837   1.0000   -4.9413   0.0000   0.2975   
 15.700   1.5737   0.10501   0.09815   -0.1223   0.0824   1.0000   -4.9716   0.0000   0.2978   
 15.800   1.5712   0.10695   0.10020   -0.1231   0.0809   1.0000   -5.0005   0.0000   0.2982   
 15.900   1.5688   0.10888   0.10223   -0.1238   0.0791   1.0000   -5.0291   0.0000   0.2985   
 16.000   1.5666   0.11074   0.10416   -0.1245   0.0773   1.0000   -5.0595   0.0000   0.2988   
 16.100   1.5649   0.11253   0.10602   -0.1252   0.0755   1.0000   -5.0921   0.0000   0.2991   
 16.200   1.5634   0.11426   0.10780   -0.1258   0.0741   1.0000   -5.1256   0.0000   0.2993   
 16.300   1.5622   0.11591   0.10951   -0.1264   0.0729   1.0000   -5.1602   0.0000   0.2995   
 16.400   1.5610   0.11758   0.11123   -0.1270   0.0718   1.0000   -5.1940   0.0000   0.2998   
 16.500   1.5596   0.11926   0.11295   -0.1276   0.0707   1.0000   -5.2274   0.0000   0.3000   
 16.600   1.5582   0.12095   0.11467   -0.1283   0.0697   1.0000   -5.2595   0.0000   0.3002   
 16.700   1.5565   0.12266   0.11640   -0.1289   0.0687   1.0000   -5.2900   0.0000   0.3005   
 16.800   1.5545   0.12442   0.11818   -0.1296   0.0678   1.0000   -5.3176   0.0000   0.3008   
 16.900   1.5530   0.12609   0.11986   -0.1303   0.0669   1.0000   -5.3476   0.0000   0.3011   
 17.000   1.5528   0.12763   0.12147   -0.1309   0.0661   1.0000   -5.3843   0.0000   0.3012   
 17.100   1.5525   0.12918   0.12309   -0.1315   0.0653   1.0000   -5.4201   0.0000   0.3014   
 17.200   1.5520   0.13074   0.12472   -0.1322   0.0645   1.0000   -5.4549   0.0000   0.3016   
 17.300   1.5513   0.13236   0.12640   -0.1329   0.0637   1.0000   -5.4873   0.0000   0.3019   
 17.400   1.5501   0.13405   0.12816   -0.1337   0.0629   1.0000   -5.5166   0.0000   0.3022   
 17.500   1.5490   0.13576   0.12993   -0.1345   0.0622   1.0000   -5.5456   0.0000   0.3025   
 17.600   1.5481   0.13740   0.13168   -0.1352   0.0615   1.0000   -5.5776   0.0000   0.3028   
 17.700   1.5470   0.13905   0.13339   -0.1360   0.0607   1.0000   -5.6066   0.0000   0.3031   
 17.800   1.5459   0.14069   0.13508   -0.1369   0.0600   1.0000   -5.6343   0.0000   0.3035   
 17.900   1.5446   0.14235   0.13679   -0.1377   0.0593   1.0000   -5.6607   0.0000   0.3039   
 18.000   1.5431   0.14408   0.13856   -0.1387   0.0586   1.0000   -5.6848   0.0000   0.3043   
 18.100   1.5415   0.14582   0.14034   -0.1396   0.0580   1.0000   -5.7084   0.0000   0.3047   
 18.200   1.5401   0.14753   0.14209   -0.1405   0.0573   1.0000   -5.7326   0.0000   0.3052   
 18.300   1.5388   0.14922   0.14381   -0.1414   0.0566   1.0000   -5.7572   0.0000   0.3056   
 18.400   1.5377   0.15089   0.14551   -0.1423   0.0559   1.0000   -5.7823   0.0000   0.3060   
 18.500   1.5366   0.15255   0.14719   -0.1432   0.0552   1.0000   -5.8079   0.0000   0.3064   
 18.600   1.5357   0.15419   0.14886   -0.1441   0.0545   1.0000   -5.8339   0.0000   0.3068   
 18.700   1.5353   0.15571   0.15041   -0.1449   0.0538   1.0000   -5.8632   0.0000   0.3070   
 18.800   1.5356   0.15706   0.15178   -0.1455   0.0530   1.0000   -5.8978   0.0000   0.3072   
 18.900   1.5369   0.15817   0.15292   -0.1460   0.0522   1.0000   -5.9392   0.0000   0.3071   
 19.000   1.5374   0.15952   0.15430   -0.1467   0.0516   1.0000   -5.9738   0.0000   0.3073   
 19.100   1.5362   0.16138   0.15627   -0.1477   0.0513   1.0000   -5.9934   0.0000   0.3078   
 19.200   1.5348   0.16329   0.15827   -0.1488   0.0510   1.0000   -6.0116   0.0000   0.3083   
 19.300   1.5332   0.16528   0.16037   -0.1499   0.0506   1.0000   -6.0272   0.0000   0.3088   
 19.400   1.5311   0.16742   0.16261   -0.1511   0.0502   1.0000   -6.0377   0.0000   0.3095   
 19.500   1.5283   0.16972   0.16501   -0.1524   0.0498   1.0000   -6.0427   0.0000   0.3103   
 19.600   1.5254   0.17210   0.16749   -0.1538   0.0493   1.0000   -6.0453   0.0000   0.3112   
 19.700   1.5221   0.17459   0.17008   -0.1552   0.0486   1.0000   -6.0442   0.0000   0.3121   
 19.800   1.5182   0.17726   0.17285   -0.1568   0.0479   1.0000   -6.0380   0.0000   0.3132   
 19.900   1.5137   0.18014   0.17582   -0.1585   0.0471   1.0000   -6.0251   0.0000   0.3144   
 20.000   1.5091   0.18305   0.17882   -0.1602   0.0461   1.0000   -6.0113   0.0000   0.3157   
