XFLR5 v6.02 Beta

 Calculated polar for: WORTMANN FX 63-137

 1 1 Reynolds number fixed          Mach number fixed         

 xtrf =   1.000 (top)        1.000 (bottom)
 Mach =   0.000     Re =    28.250 e 6     Ncrit =   9.000

  alpha     CL        CD       CDp       CM    Top Xtr Bot Xtr   Cpmin    Chinge    XCp    
 ------- -------- --------- --------- -------- ------- ------- -------- --------- ---------
 -21.500  -1.0784   0.06746   0.06454  -0.1388  0.5957  0.0023  -24.2278   0.0000   0.0840
 -21.000  -1.1551   0.05069   0.04759  -0.1521  0.6061  0.0023  -25.4056   0.0000   0.0838
 -20.500  -1.1844   0.04086   0.03762  -0.1601  0.5968  0.0023  -25.6079   0.0000   0.0822
 -20.000  -1.1939   0.03415   0.03078  -0.1655  0.5768  0.0024  -25.4104   0.0000   0.0805
 -19.500  -1.1961   0.02862   0.02510  -0.1697  0.5483  0.0024  -25.0632   0.0000   0.0788
 -19.000  -1.1888   0.02408   0.02049  -0.1731  0.5389  0.0025  -24.5512   0.0000   0.0764
 -18.500  -1.1762   0.02072   0.01707  -0.1745  0.5326  0.0026  -23.9283   0.0000   0.0750
 -18.000  -1.1431   0.01773   0.01401  -0.1789  0.5308  0.0026  -23.0613   0.0000   0.0679
 -17.500  -1.0941   0.01535   0.01147  -0.1850  0.4840  0.0028  -22.0108   0.0000   0.0560
 -17.000  -1.0439   0.01417   0.01011  -0.1873  0.4124  0.0029  -20.9216   0.0000   0.0462
 -16.500  -0.9901   0.01320   0.00909  -0.1891  0.4020  0.0030  -19.8029   0.0000   0.0352
 -16.000  -0.9348   0.01237   0.00822  -0.1906  0.4007  0.0032  -18.6900   0.0000   0.0227
 -15.500  -0.8784   0.01165   0.00746  -0.1919  0.4005  0.0034  -17.5898   0.0000   0.0083
 -15.000  -0.8225   0.01110   0.00682  -0.1929  0.3685  0.0035  -16.5213   0.0000  -0.0075
 -14.500  -0.7655   0.01059   0.00624  -0.1939  0.3545  0.0036  -15.4693   0.0000  -0.0262
 -14.000  -0.7093   0.01023   0.00574  -0.1946  0.2891  0.0036  -14.4561   0.0000  -0.0472
 -13.500  -0.6509   0.00980   0.00527  -0.1956  0.2774  0.0037  -13.5037   0.0000  -0.0736
 -12.500  -0.5338   0.00911   0.00446  -0.1974  0.2453  0.0038  -11.7354   0.0000  -0.1440
 -11.500  -0.4155   0.00852   0.00377  -0.1992  0.2212  0.0039  -10.0596   0.0000  -0.2562
 -11.000  -0.3568   0.00832   0.00348  -0.1999  0.1879  0.0040  -9.2713   0.0000  -0.3392
 -10.500  -0.2972   0.00809   0.00321  -0.2007  0.1804  0.0040  -8.5045   0.0000  -0.4577
 -10.000  -0.2374   0.00787   0.00297  -0.2016  0.1721  0.0040  -7.7659   0.0000  -0.6368
  -9.500  -0.1775   0.00767   0.00274  -0.2025  0.1698  0.0041  -7.0581   0.0000  -0.9373
  -9.000  -0.1176   0.00749   0.00254  -0.2033  0.1685  0.0041  -6.3835   0.0000  -1.5448
  -8.500  -0.0583   0.00739   0.00237  -0.2040  0.1442  0.0041  -5.7369   0.0000  -3.3706
  -8.000   0.0014   0.00727   0.00221  -0.2047  0.1388  0.0042  -5.1169   0.0000  155.2391
  -7.500   0.0611   0.00716   0.00208  -0.2055  0.1336  0.0042  -4.5258   0.0000   3.7119
  -7.000   0.1209   0.00707   0.00196  -0.2062  0.1301  0.0043  -4.0496   0.0000   2.0025
  -6.500   0.1807   0.00699   0.00186  -0.2070  0.1255  0.0043  -3.6607   0.0000   1.4245
  -6.000   0.2404   0.00692   0.00178  -0.2077  0.1239  0.0043  -3.2868   0.0000   1.1339
  -5.500   0.3000   0.00687   0.00171  -0.2083  0.1235  0.0044  -2.9273   0.0000   0.9591
  -5.000   0.3594   0.00683   0.00166  -0.2090  0.1231  0.0044  -2.5813   0.0000   0.8424
  -4.500   0.4188   0.00680   0.00163  -0.2096  0.1225  0.0045  -2.2539   0.0000   0.7588
  -4.000   0.4772   0.00686   0.00164  -0.2100  0.1046  0.0045  -1.9434   0.0000   0.6965
  -3.500   0.5357   0.00692   0.00164  -0.2105  0.0930  0.0046  -1.6474   0.0000   0.6477
  -3.000   0.5945   0.00694   0.00165  -0.2110  0.0898  0.0058  -1.3653   0.0000   0.6084
  -2.500   0.6532   0.00698   0.00167  -0.2115  0.0866  0.0062  -1.0975   0.0000   0.5761
  -2.000   0.7117   0.00702   0.00170  -0.2120  0.0842  0.0069  -0.9556   0.0000   0.5492
  -1.500   0.7701   0.00708   0.00174  -0.2124  0.0837  0.0084  -1.0057   0.0000   0.5263
  -1.000   0.8281   0.00715   0.00181  -0.2128  0.0826  0.0098  -1.0579   0.0000   0.5066
  -0.500   0.8850   0.00732   0.00193  -0.2130  0.0646  0.0151  -1.1095   0.0000   0.4895
   0.000   0.9420   0.00748   0.00204  -0.2132  0.0538  0.0155  -1.1617   0.0000   0.4744
   0.500   0.9992   0.00760   0.00215  -0.2134  0.0505  0.0159  -1.2156   0.0000   0.4610
   1.000   1.0564   0.00771   0.00225  -0.2137  0.0515  0.0171  -1.2794   0.0000   0.4490
   1.500   1.1132   0.00784   0.00238  -0.2139  0.0514  0.0173  -1.3547   0.0000   0.4381
   2.000   1.1695   0.00801   0.00253  -0.2140  0.0490  0.0213  -1.4304   0.0000   0.4283
   2.500   1.2210   0.00858   0.00297  -0.2131  0.0034  0.0375  -1.5155   0.0000   0.4191
   3.000   1.2761   0.00881   0.00318  -0.2130  0.0025  0.0383  -1.6274   0.0000   0.4108
   3.500   1.3309   0.00905   0.00340  -0.2129  0.0020  0.0458  -1.7443   0.0000   0.4031
   4.000   1.3853   0.00930   0.00365  -0.2127  0.0025  0.0494  -1.8829   0.0000   0.3959
   4.500   1.4394   0.00957   0.00391  -0.2125  0.0019  0.0664  -2.0597   0.0000   0.3892
   5.000   1.4927   0.00986   0.00419  -0.2121  0.0014  0.0724  -2.2404   0.0000   0.3830
   5.500   1.5459   0.01016   0.00450  -0.2118  0.0013  0.1024  -2.4255   0.0000   0.3771
   6.000   1.5987   0.01047   0.00484  -0.2114  0.0012  0.1487  -2.6148   0.0000   0.3715
   6.500   1.6504   0.01081   0.00519  -0.2108  0.0012  0.1709  -2.8070   0.0000   0.3661
   7.000   1.7015   0.01118   0.00557  -0.2101  0.0012  0.1971  -3.0025   0.0000   0.3611
   7.500   1.7515   0.01158   0.00597  -0.2092  0.0012  0.2195  -3.2007   0.0000   0.3562
   8.000   1.7999   0.01202   0.00639  -0.2081  0.0012  0.2147  -3.4001   0.0000   0.3514
   8.500   1.8498   0.01242   0.00689  -0.2074  0.0012  0.3209  -3.6063   0.0000   0.3470
   9.500   1.9413   0.01343   0.00795  -0.2042  0.0011  0.3710  -4.1456   0.0000   0.3382
  10.000   1.9862   0.01397   0.00859  -0.2026  0.0011  0.4680  -4.7066   0.0000   0.3341
  10.500   2.0152   0.01462   0.00926  -0.1978  0.0011  0.4893  -5.2073   0.0000   0.3292
  11.000   2.0458   0.01538   0.01005  -0.1934  0.0011  0.4978  -5.7376   0.0000   0.3247
  11.500   2.0764   0.01626   0.01095  -0.1893  0.0011  0.5174  -6.2927   0.0000   0.3203
  12.000   2.1052   0.01728   0.01201  -0.1850  0.0010  0.5358  -6.8586   0.0000   0.3160
  12.500   2.1330   0.01846   0.01324  -0.1809  0.0010  0.5599  -7.4389   0.0000   0.3119
  13.000   2.1587   0.01984   0.01467  -0.1768  0.0010  0.5854  -8.0236   0.0000   0.3079
  13.500   2.1831   0.02146   0.01635  -0.1729  0.0009  0.6290  -8.6175   0.0000   0.3041
  14.000   2.2039   0.02333   0.01830  -0.1687  0.0009  0.6685  -9.2035   0.0000   0.3003
  14.500   2.2241   0.02549   0.02053  -0.1650  0.0009  0.6993  -9.8020   0.0000   0.2968
  16.500   2.2941   0.03748   0.03302  -0.1536  0.0008  1.0000  -12.2693   0.0000   0.2845
  17.000   2.3010   0.04152   0.03711  -0.1505  0.0007  1.0000  -12.8322   0.0000   0.2817
  17.500   2.3047   0.04625   0.04190  -0.1478  0.0007  1.0000  -13.3799   0.0000   0.2790
  19.500   2.2236   0.07973   0.07595  -0.1402  0.0018  1.0000  -14.6318   0.0000   0.2721


