xflr5 v6.59

 Calculated polar for: WORTMANN FX 63-137 AIRFOIL

 1 1 Reynolds number fixed          Mach number fixed         

 xtrf =   1.000 (top)        1.000 (bottom)
 Mach =   0.000     Re =     3.600 e 6     Ncrit =   9.000

  alpha     CL        CD       CDp       Cm    Top Xtr Bot Xtr   Cpmin    Chinge    XCp    
 ------- -------- --------- --------- -------- ------- ------- -------- --------- ---------
 -9.700   0.0124   0.08100   0.07778   -0.1223   0.4645   0.0168   -1.7749   0.0000   10.7282   
 -9.600   0.0138   0.07953   0.07632   -0.1229   0.4636   0.0168   -1.7898   0.0000   9.6861   
 -9.500   0.0146   0.07796   0.07475   -0.1237   0.4627   0.0168   -1.8128   0.0000   9.2087   
 -9.400   0.0142   0.07615   0.07294   -0.1245   0.4625   0.0167   -1.8529   0.0000   9.5036   
 -9.100   -0.1517   0.00934   0.00399   -0.1965   0.5325   0.0095   -5.7996   0.0000   -1.0963   
 -8.500   -0.0820   0.00916   0.00349   -0.1972   0.4880   0.0064   -5.1400   0.0000   -2.2406   
 -8.400   -0.0703   0.00913   0.00341   -0.1974   0.4817   0.0063   -5.0326   0.0000   -2.6549   
 -8.300   -0.0586   0.00908   0.00333   -0.1975   0.4751   0.0063   -4.9256   0.0000   -3.2399   
 -8.200   -0.0466   0.00903   0.00325   -0.1977   0.4685   0.0063   -4.8186   0.0000   -4.1369   
 -8.100   -0.0345   0.00897   0.00317   -0.1979   0.4662   0.0062   -4.7116   0.0000   -5.6804   
 -8.000   -0.0224   0.00891   0.00310   -0.1981   0.4646   0.0062   -4.6055   0.0000   -8.8908   
 -7.900   -0.0103   0.00886   0.00303   -0.1983   0.4622   0.0062   -4.5005   0.0000   -19.5527   
 -7.800   0.0018   0.00880   0.00296   -0.1985   0.4616   0.0061   -4.3959   0.0000   113.1524   
 -7.700   0.0125   0.00886   0.00294   -0.1985   0.4412   0.0061   -4.3005   0.0000   16.6284   
 -7.600   0.0241   0.00885   0.00288   -0.1986   0.4310   0.0061   -4.2253   0.0000   8.7621   
 -7.500   0.0358   0.00883   0.00283   -0.1987   0.4256   0.0061   -4.1500   0.0000   5.9698   
 -7.400   0.0475   0.00881   0.00278   -0.1989   0.4202   0.0060   -4.0752   0.0000   4.5637   
 -7.300   0.0592   0.00880   0.00274   -0.1990   0.4147   0.0060   -4.0009   0.0000   3.7126   
 -7.200   0.0710   0.00878   0.00269   -0.1991   0.4089   0.0060   -3.9265   0.0000   3.1371   
 -7.100   0.0829   0.00875   0.00265   -0.1993   0.4034   0.0059   -3.8521   0.0000   2.7225   
 -7.000   0.0950   0.00871   0.00260   -0.1994   0.4016   0.0059   -3.7778   0.0000   2.4098   
 -6.900   0.1070   0.00867   0.00254   -0.1996   0.4012   0.0059   -3.7034   0.0000   2.1667   
 -6.800   0.1191   0.00863   0.00250   -0.1998   0.4001   0.0059   -3.6300   0.0000   1.9737   
 -6.700   0.1311   0.00860   0.00246   -0.2000   0.3986   0.0059   -3.5568   0.0000   1.8165   
 -6.600   0.1431   0.00857   0.00243   -0.2001   0.3972   0.0058   -3.4839   0.0000   1.6857   
 -6.500   0.1551   0.00854   0.00239   -0.2003   0.3967   0.0058   -3.4110   0.0000   1.5748   
 -6.400   0.1654   0.00865   0.00241   -0.2002   0.3719   0.0058   -3.3441   0.0000   1.4909   
 -6.300   0.1771   0.00864   0.00238   -0.2003   0.3665   0.0058   -3.2728   0.0000   1.4091   
 -6.200   0.1888   0.00864   0.00236   -0.2004   0.3622   0.0058   -3.2017   0.0000   1.3375   
 -6.100   0.2004   0.00864   0.00234   -0.2005   0.3578   0.0058   -3.1311   0.0000   1.2744   
 -6.000   0.2120   0.00865   0.00232   -0.2006   0.3535   0.0058   -3.0609   0.0000   1.2183   
 -5.900   0.2237   0.00865   0.00230   -0.2007   0.3488   0.0058   -2.9906   0.0000   1.1678   
 -5.800   0.2355   0.00864   0.00229   -0.2008   0.3437   0.0057   -2.9198   0.0000   1.1221   
 -5.700   0.2473   0.00863   0.00227   -0.2009   0.3397   0.0057   -2.8480   0.0000   1.0805   
 -5.600   0.2592   0.00861   0.00225   -0.2010   0.3386   0.0057   -2.7746   0.0000   1.0426   
 -5.500   0.2710   0.00860   0.00224   -0.2012   0.3378   0.0057   -2.6973   0.0000   1.0081   
 -5.400   0.2816   0.00869   0.00240   -0.2010   0.3368   0.0057   -2.5430   0.0000   0.9788   
 -5.300   0.2935   0.00868   0.00239   -0.2012   0.3355   0.0056   -2.4761   0.0000   0.9495   
 -5.200   0.3054   0.00866   0.00237   -0.2013   0.3342   0.0056   -2.4117   0.0000   0.9225   
 -5.100   0.3173   0.00864   0.00235   -0.2015   0.3338   0.0056   -2.3493   0.0000   0.8973   
 -5.000   0.3276   0.00875   0.00238   -0.2013   0.3102   0.0055   -2.2934   0.0000   0.8763   
 -4.900   0.3393   0.00876   0.00236   -0.2014   0.3049   0.0055   -2.2351   0.0000   0.8548   
 -4.800   0.3510   0.00876   0.00234   -0.2015   0.3008   0.0055   -2.1784   0.0000   0.8347   
 -4.700   0.3626   0.00877   0.00232   -0.2016   0.2968   0.0055   -2.1232   0.0000   0.8160   
 -4.600   0.3743   0.00877   0.00230   -0.2017   0.2927   0.0054   -2.0694   0.0000   0.7984   
 -4.500   0.3861   0.00877   0.00228   -0.2019   0.2884   0.0054   -2.0169   0.0000   0.7818   
 -4.400   0.3979   0.00876   0.00224   -0.2020   0.2831   0.0054   -1.9665   0.0000   0.7661   
 -4.300   0.4099   0.00875   0.00222   -0.2021   0.2793   0.0054   -1.9162   0.0000   0.7512   
 -4.200   0.4219   0.00873   0.00219   -0.2023   0.2783   0.0054   -1.8675   0.0000   0.7371   
 -4.100   0.4339   0.00871   0.00216   -0.2025   0.2775   0.0054   -1.8208   0.0000   0.7237   
 -4.000   0.4460   0.00868   0.00212   -0.2027   0.2767   0.0054   -1.7829   0.0000   0.7111   
 -3.900   0.4585   0.00863   0.00205   -0.2029   0.2756   0.0054   -1.7747   0.0000   0.6989   
 -3.800   0.4705   0.00862   0.00202   -0.2031   0.2744   0.0054   -1.7419   0.0000   0.6875   
 -3.700   0.4825   0.00860   0.00200   -0.2032   0.2741   0.0056   -1.7085   0.0000   0.6768   
 -3.600   0.4939   0.00865   0.00203   -0.2033   0.2535   0.0139   -1.7340   0.0000   0.6670   
 -3.500   0.5053   0.00868   0.00204   -0.2034   0.2477   0.0144   -1.6691   0.0000   0.6575   
 -3.400   0.5168   0.00870   0.00205   -0.2034   0.2447   0.0147   -1.6028   0.0000   0.6484   
 -3.300   0.5282   0.00873   0.00206   -0.2035   0.2417   0.0151   -1.5349   0.0000   0.6397   
 -3.200   0.5395   0.00876   0.00208   -0.2035   0.2387   0.0154   -1.4651   0.0000   0.6314   
 -3.100   0.5508   0.00879   0.00210   -0.2036   0.2357   0.0156   -1.3937   0.0000   0.6234   
 -3.000   0.5622   0.00882   0.00213   -0.2036   0.2326   0.0159   -1.3224   0.0000   0.6158   
 -2.900   0.5736   0.00885   0.00215   -0.2036   0.2295   0.0161   -1.2534   0.0000   0.6084   
 -2.800   0.5851   0.00886   0.00216   -0.2037   0.2258   0.0163   -1.1883   0.0000   0.6013   
 -2.700   0.5967   0.00887   0.00217   -0.2038   0.2230   0.0164   -1.1275   0.0000   0.5945   
 -2.600   0.6084   0.00887   0.00217   -0.2039   0.2219   0.0165   -1.0717   0.0000   0.5879   
 -2.500   0.6203   0.00887   0.00216   -0.2041   0.2214   0.0165   -1.0228   0.0000   0.5814   
 -2.400   0.6323   0.00886   0.00213   -0.2042   0.2209   0.0164   -0.9890   0.0000   0.5752   
 -2.300   0.6419   0.00907   0.00218   -0.2039   0.1880   0.0159   -0.9903   0.0000   0.5697   
 -2.200   0.6529   0.00913   0.00220   -0.2039   0.1815   0.0161   -0.9339   0.0000   0.5642   
 -2.100   0.6643   0.00915   0.00222   -0.2040   0.1784   0.0162   -0.9243   0.0000   0.5587   
 -2.000   0.6759   0.00917   0.00223   -0.2041   0.1755   0.0164   -0.9330   0.0000   0.5534   
 -1.900   0.6875   0.00919   0.00224   -0.2041   0.1729   0.0165   -0.9417   0.0000   0.5482   
 -1.800   0.6991   0.00920   0.00225   -0.2042   0.1708   0.0166   -0.9504   0.0000   0.5432   
 -1.700   0.7107   0.00921   0.00226   -0.2043   0.1701   0.0166   -0.9592   0.0000   0.5384   
 -1.600   0.7223   0.00922   0.00226   -0.2044   0.1698   0.0167   -0.9688   0.0000   0.5337   
 -1.500   0.7339   0.00923   0.00227   -0.2045   0.1694   0.0168   -0.9792   0.0000   0.5292   
 -1.400   0.7456   0.00924   0.00228   -0.2046   0.1690   0.0168   -0.9896   0.0000   0.5248   
 -1.300   0.7572   0.00925   0.00228   -0.2047   0.1686   0.0169   -0.9999   0.0000   0.5205   
 -1.200   0.7688   0.00926   0.00229   -0.2048   0.1681   0.0169   -1.0103   0.0000   0.5164   
 -1.100   0.7804   0.00927   0.00230   -0.2049   0.1675   0.0170   -1.0207   0.0000   0.5124   
 -1.000   0.7920   0.00929   0.00231   -0.2049   0.1667   0.0170   -1.0311   0.0000   0.5085   
 -0.900   0.8035   0.00931   0.00232   -0.2050   0.1657   0.0170   -1.0415   0.0000   0.5047   
 -0.800   0.8151   0.00932   0.00233   -0.2051   0.1654   0.0170   -1.0519   0.0000   0.5010   
 -0.500   0.8473   0.00958   0.00247   -0.2049   0.1402   0.0187   -1.0827   0.0000   0.4907   
 -0.400   0.8583   0.00964   0.00250   -0.2049   0.1365   0.0188   -1.0929   0.0000   0.4874   
 -0.300   0.8695   0.00968   0.00252   -0.2049   0.1336   0.0189   -1.1032   0.0000   0.4842   
 -0.200   0.8809   0.00971   0.00254   -0.2049   0.1315   0.0189   -1.1135   0.0000   0.4811   
 -0.100   0.8923   0.00974   0.00256   -0.2050   0.1294   0.0189   -1.1239   0.0000   0.4780   
 0.000   0.9036   0.00977   0.00259   -0.2050   0.1273   0.0188   -1.1342   0.0000   0.4750   
 0.100   0.9150   0.00979   0.00261   -0.2050   0.1255   0.0187   -1.1446   0.0000   0.4721   
 0.200   0.9263   0.00982   0.00264   -0.2051   0.1241   0.0185   -1.1550   0.0000   0.4692   
 0.300   0.9377   0.00985   0.00266   -0.2051   0.1239   0.0183   -1.1654   0.0000   0.4664   
 0.400   0.9491   0.00987   0.00269   -0.2051   0.1236   0.0182   -1.1758   0.0000   0.4637   
 0.500   0.9604   0.00990   0.00272   -0.2052   0.1233   0.0180   -1.1862   0.0000   0.4611   
 0.600   0.9717   0.00993   0.00275   -0.2052   0.1229   0.0179   -1.1966   0.0000   0.4585   
 0.700   0.9830   0.00996   0.00278   -0.2052   0.1226   0.0178   -1.2081   0.0000   0.4559   
 0.800   0.9943   0.00999   0.00281   -0.2052   0.1221   0.0178   -1.2205   0.0000   0.4534   
 0.900   1.0055   0.01002   0.00285   -0.2053   0.1217   0.0180   -1.2328   0.0000   0.4510   
 1.000   1.0167   0.01005   0.00289   -0.2053   0.1211   0.0181   -1.2452   0.0000   0.4486   
 1.100   1.0279   0.01009   0.00293   -0.2053   0.1202   0.0194   -1.2575   0.0000   0.4463   
 1.200   1.0387   0.01014   0.00295   -0.2052   0.1194   0.0243   -1.2697   0.0000   0.4440   
 1.300   1.0484   0.01032   0.00310   -0.2050   0.1033   0.0260   -1.2817   0.0000   0.4418   
 1.400   1.0596   0.01036   0.00316   -0.2050   0.1022   0.0340   -1.2961   0.0000   0.4396   
 1.500   1.0706   0.01041   0.00320   -0.2050   0.1010   0.0356   -1.3111   0.0000   0.4375   
 1.600   1.0816   0.01046   0.00325   -0.2049   0.0998   0.0365   -1.3262   0.0000   0.4354   
 1.700   1.0925   0.01052   0.00329   -0.2049   0.0986   0.0371   -1.3414   0.0000   0.4333   
 1.800   1.1033   0.01057   0.00334   -0.2049   0.0974   0.0376   -1.3565   0.0000   0.4313   
 1.900   1.1143   0.01063   0.00338   -0.2048   0.0962   0.0380   -1.3716   0.0000   0.4293   
 2.000   1.1252   0.01068   0.00342   -0.2048   0.0949   0.0383   -1.3866   0.0000   0.4273   
 2.100   1.1361   0.01073   0.00346   -0.2048   0.0935   0.0392   -1.4017   0.0000   0.4254   
 2.200   1.1471   0.01077   0.00351   -0.2047   0.0920   0.0414   -1.4169   0.0000   0.4235   
 2.300   1.1580   0.01082   0.00356   -0.2047   0.0905   0.0488   -1.4321   0.0000   0.4217   
 2.400   1.1689   0.01087   0.00362   -0.2047   0.0881   0.0511   -1.4473   0.0000   0.4198   
 2.500   1.1801   0.01091   0.00368   -0.2047   0.0842   0.0637   -1.4628   0.0000   0.4181   
 2.600   1.1909   0.01097   0.00374   -0.2047   0.0831   0.0667   -1.4778   0.0000   0.4163   
 2.700   1.2017   0.01103   0.00380   -0.2046   0.0813   0.0764   -1.4972   0.0000   0.4146   
 2.800   1.2108   0.01124   0.00398   -0.2043   0.0665   0.0870   -1.5230   0.0000   0.4129   
 2.900   1.2212   0.01134   0.00406   -0.2042   0.0627   0.1009   -1.5407   0.0000   0.4112   
 3.000   1.2315   0.01143   0.00413   -0.2040   0.0604   0.1027   -1.5593   0.0000   0.4096   
 3.100   1.2421   0.01150   0.00419   -0.2039   0.0581   0.1055   -1.5796   0.0000   0.4079   
 3.200   1.2528   0.01156   0.00425   -0.2039   0.0558   0.1127   -1.6010   0.0000   0.4063   
 3.300   1.2636   0.01162   0.00432   -0.2038   0.0537   0.1193   -1.6231   0.0000   0.4048   
 3.400   1.2747   0.01166   0.00438   -0.2039   0.0522   0.1347   -1.6458   0.0000   0.4033   
 3.500   1.2856   0.01171   0.00444   -0.2039   0.0516   0.1447   -1.6689   0.0000   0.4018   
 3.600   1.2962   0.01177   0.00451   -0.2038   0.0513   0.1486   -1.6921   0.0000   0.4002   
 3.700   1.3070   0.01182   0.00457   -0.2038   0.0510   0.1593   -1.7157   0.0000   0.3988   
 3.800   1.3179   0.01187   0.00464   -0.2037   0.0506   0.1678   -1.7395   0.0000   0.3973   
 3.900   1.3286   0.01192   0.00469   -0.2037   0.0514   0.1663   -1.7644   0.0000   0.3959   
 4.000   1.3400   0.01194   0.00476   -0.2038   0.0513   0.1930   -1.7993   0.0000   0.3945   
 4.100   1.3505   0.01201   0.00482   -0.2037   0.0511   0.1968   -1.8332   0.0000   0.3931   
 4.200   1.3615   0.01205   0.00490   -0.2037   0.0509   0.2131   -1.8679   0.0000   0.3918   
 4.300   1.3731   0.01208   0.00497   -0.2039   0.0505   0.2474   -1.9038   0.0000   0.3905   
 4.400   1.3834   0.01215   0.00505   -0.2038   0.0497   0.2533   -1.9383   0.0000   0.3892   
 4.500   1.3943   0.01221   0.00515   -0.2038   0.0481   0.2751   -1.9740   0.0000   0.3879   
 4.600   1.4051   0.01229   0.00526   -0.2039   0.0457   0.3059   -2.0097   0.0000   0.3866   
 4.700   1.4152   0.01240   0.00538   -0.2037   0.0432   0.3216   -2.0443   0.0000   0.3853   
 4.800   1.4266   0.01245   0.00549   -0.2039   0.0407   0.3625   -2.0809   0.0000   0.3842   
 4.900   1.4368   0.01253   0.00558   -0.2038   0.0390   0.3699   -2.1157   0.0000   0.3829   
 5.000   1.4475   0.01259   0.00567   -0.2038   0.0382   0.3873   -2.1517   0.0000   0.3817   
 5.100   1.4581   0.01266   0.00575   -0.2037   0.0380   0.4023   -2.1880   0.0000   0.3805   
 5.200   1.4692   0.01270   0.00585   -0.2038   0.0378   0.4315   -2.2254   0.0000   0.3793   
 5.300   1.4803   0.01275   0.00595   -0.2039   0.0375   0.4622   -2.2630   0.0000   0.3782   
 5.400   1.4913   0.01280   0.00606   -0.2040   0.0372   0.4935   -2.3007   0.0000   0.3771   
 5.500   1.5013   0.01289   0.00614   -0.2038   0.0368   0.4993   -2.3370   0.0000   0.3759   
 5.600   1.5111   0.01298   0.00623   -0.2036   0.0364   0.5012   -2.3734   0.0000   0.3747   
 5.700   1.5210   0.01307   0.00633   -0.2034   0.0357   0.5066   -2.4102   0.0000   0.3735   
 5.800   1.5308   0.01317   0.00643   -0.2032   0.0351   0.5124   -2.4472   0.0000   0.3724   
 5.900   1.5372   0.01350   0.00669   -0.2024   0.0249   0.5178   -2.4827   0.0000   0.3711   
 6.000   1.5444   0.01378   0.00695   -0.2017   0.0163   0.5238   -2.4956   0.0000   0.3699   
 6.100   1.5488   0.01425   0.00737   -0.2004   0.0044   0.5263   -2.5314   0.0000   0.3686   
 6.200   1.5579   0.01437   0.00750   -0.2001   0.0042   0.5287   -2.5677   0.0000   0.3674   
 6.300   1.5670   0.01449   0.00762   -0.1997   0.0039   0.5305   -2.6039   0.0000   0.3663   
 6.400   1.5760   0.01461   0.00774   -0.1994   0.0038   0.5321   -2.6397   0.0000   0.3652   
 6.500   1.5850   0.01473   0.00786   -0.1990   0.0036   0.5376   -2.6755   0.0000   0.3641   
 6.600   1.5942   0.01485   0.00799   -0.1987   0.0034   0.5480   -2.7118   0.0000   0.3630   
 6.700   1.6034   0.01496   0.00812   -0.1984   0.0033   0.5566   -2.7479   0.0000   0.3619   
 6.800   1.6123   0.01508   0.00825   -0.1980   0.0031   0.5620   -2.7836   0.0000   0.3608   
 6.900   1.6210   0.01520   0.00837   -0.1976   0.0029   0.5645   -2.8191   0.0000   0.3598   
 7.000   1.6296   0.01533   0.00850   -0.1972   0.0027   0.5659   -2.8545   0.0000   0.3587   
 7.100   1.6380   0.01545   0.00863   -0.1967   0.0026   0.5709   -2.8896   0.0000   0.3576   
 7.200   1.6459   0.01558   0.00876   -0.1961   0.0024   0.5770   -2.9239   0.0000   0.3565   
 7.300   1.6531   0.01570   0.00890   -0.1954   0.0022   0.5829   -2.9572   0.0000   0.3554   
 7.400   1.6603   0.01583   0.00904   -0.1947   0.0021   0.5887   -2.9909   0.0000   0.3543   
 7.500   1.6676   0.01596   0.00918   -0.1940   0.0019   0.5940   -3.0247   0.0000   0.3532   
 7.600   1.6747   0.01610   0.00933   -0.1933   0.0018   0.5988   -3.0585   0.0000   0.3521   
 7.700   1.6822   0.01624   0.00949   -0.1927   0.0016   0.6112   -3.0931   0.0000   0.3511   
 7.800   1.6897   0.01638   0.00964   -0.1921   0.0014   0.6204   -3.1277   0.0000   0.3500   
 7.900   1.6968   0.01653   0.00980   -0.1914   0.0014   0.6263   -3.1620   0.0000   0.3490   
 8.000   1.7038   0.01669   0.00996   -0.1907   0.0014   0.6294   -3.1960   0.0000   0.3479   
 8.100   1.7109   0.01684   0.01013   -0.1900   0.0013   0.6389   -3.2303   0.0000   0.3469   
 8.200   1.7180   0.01701   0.01031   -0.1893   0.0013   0.6463   -3.2646   0.0000   0.3458   
 8.300   1.7249   0.01717   0.01050   -0.1886   0.0013   0.6504   -3.2989   0.0000   0.3448   
 8.400   1.7319   0.01734   0.01069   -0.1880   0.0013   0.6568   -3.3332   0.0000   0.3438   
 8.600   1.7455   0.01770   0.01108   -0.1865   0.0013   0.6726   -3.4015   0.0000   0.3418   
 8.700   1.7523   0.01788   0.01128   -0.1859   0.0013   0.6797   -3.4359   0.0000   0.3408   
 8.800   1.7590   0.01807   0.01148   -0.1852   0.0013   0.6846   -3.4702   0.0000   0.3398   
 8.900   1.7656   0.01827   0.01169   -0.1844   0.0013   0.6881   -3.5043   0.0000   0.3388   
 9.000   1.7719   0.01848   0.01191   -0.1837   0.0013   0.6906   -3.5378   0.0000   0.3379   
 9.100   1.7782   0.01870   0.01213   -0.1829   0.0013   0.6949   -3.5716   0.0000   0.3369   
 9.200   1.7846   0.01891   0.01236   -0.1822   0.0013   0.7013   -3.6056   0.0000   0.3359   
 9.300   1.7909   0.01913   0.01260   -0.1815   0.0013   0.7068   -3.6417   0.0000   0.3350   
 9.400   1.7968   0.01937   0.01285   -0.1807   0.0013   0.7119   -3.6856   0.0000   0.3340   
 9.500   1.8026   0.01962   0.01311   -0.1799   0.0013   0.7165   -3.7291   0.0000   0.3331   
 9.600   1.8084   0.01987   0.01338   -0.1791   0.0013   0.7206   -3.7728   0.0000   0.3321   
 9.700   1.8145   0.02012   0.01365   -0.1784   0.0013   0.7294   -3.8174   0.0000   0.3312   
 9.800   1.8204   0.02039   0.01395   -0.1776   0.0013   0.7380   -3.8614   0.0000   0.3303   
 9.900   1.8258   0.02068   0.01426   -0.1768   0.0013   0.7453   -3.9043   0.0000   0.3294   
 10.000   1.8313   0.02097   0.01457   -0.1760   0.0012   0.7511   -3.9472   0.0000   0.3285   
 10.100   1.8372   0.02126   0.01489   -0.1753   0.0012   0.7616   -3.9913   0.0000   0.3276   
 10.200   1.8427   0.02157   0.01523   -0.1746   0.0012   0.7708   -4.0343   0.0000   0.3267   
