XFLR5 v6.02 Beta

 Calculated polar for: WORTMANN FX 63-137

 1 1 Reynolds number fixed          Mach number fixed         

 xtrf =   1.000 (top)        1.000 (bottom)
 Mach =   0.000     Re =    51.500 e 6     Ncrit =   9.000

  alpha     CL        CD       CDp       CM    Top Xtr Bot Xtr   Cpmin    Chinge    XCp    
 ------- -------- --------- --------- -------- ------- ------- -------- --------- ---------
 -22.000  -1.2032   0.05629   0.05313  -0.1498  0.4660  0.0015  -27.0473   0.0000   0.0886
 -21.500  -1.2443   0.04512   0.04185  -0.1586  0.4660  0.0015  -27.4750   0.0000   0.0878
 -20.500  -1.2680   0.03127   0.02779  -0.1694  0.4438  0.0016  -27.1297   0.0000   0.0851
 -20.000  -1.2663   0.02627   0.02271  -0.1731  0.4340  0.0016  -26.6892   0.0000   0.0836
 -19.500  -1.2517   0.02272   0.01909  -0.1753  0.4293  0.0017  -26.0267   0.0000   0.0814
 -19.000  -1.2393   0.01954   0.01587  -0.1764  0.4246  0.0017  -25.3808   0.0000   0.0805
 -18.500  -1.2007   0.01691   0.01318  -0.1809  0.4182  0.0018  -24.4079   0.0000   0.0731
 -17.500  -1.0964   0.01375   0.00981  -0.1889  0.3384  0.0019  -22.1322   0.0000   0.0529
 -17.000  -1.0426   0.01288   0.00891  -0.1904  0.3378  0.0020  -20.9807   0.0000   0.0431
 -16.500  -0.9875   0.01212   0.00812  -0.1917  0.3377  0.0021  -19.8388   0.0000   0.0320
 -16.000  -0.9323   0.01149   0.00741  -0.1927  0.3069  0.0022  -18.7230   0.0000   0.0197
 -15.500  -0.8757   0.01088   0.00676  -0.1939  0.3023  0.0024  -17.6186   0.0000   0.0054
 -15.000  -0.8185   0.01034   0.00617  -0.1949  0.2933  0.0025  -16.5367   0.0000  -0.0112
 -14.500  -0.7618   0.00990   0.00563  -0.1958  0.2398  0.0027  -15.4893   0.0000  -0.0300
 -14.000  -0.7034   0.00944   0.00515  -0.1968  0.2304  0.0028  -14.4554   0.0000  -0.0528
 -13.500  -0.6447   0.00903   0.00471  -0.1978  0.2214  0.0029  -13.5311   0.0000  -0.0801
 -13.000  -0.5856   0.00864   0.00429  -0.1988  0.2208  0.0031  -12.6319   0.0000  -0.1133
 -12.500  -0.5271   0.00835   0.00392  -0.1996  0.1739  0.0034  -11.7647   0.0000  -0.1532
 -12.000  -0.4676   0.00804   0.00357  -0.2005  0.1694  0.0036  -10.9125   0.0000  -0.2046
 -11.500  -0.4078   0.00775   0.00326  -0.2015  0.1695  0.0038  -10.0818   0.0000  -0.2713
 -11.000  -0.3481   0.00752   0.00301  -0.2023  0.1690  0.0039  -9.2836   0.0000  -0.3609
 -10.500  -0.2883   0.00731   0.00278  -0.2032  0.1688  0.0040  -8.5139   0.0000  -0.4880
 -10.000  -0.2291   0.00717   0.00258  -0.2039  0.1428  0.0040  -7.7778   0.0000  -0.6787
  -9.500  -0.1694   0.00702   0.00240  -0.2046  0.1372  0.0041  -7.0678   0.0000  -1.0067
  -9.000  -0.1096   0.00688   0.00223  -0.2054  0.1272  0.0041  -6.3871   0.0000  -1.6937
  -8.500  -0.0498   0.00675   0.00209  -0.2061  0.1240  0.0041  -5.7334   0.0000  -4.0357
  -8.000   0.0101   0.00664   0.00196  -0.2069  0.1237  0.0042  -5.1092   0.0000  21.4403
  -7.500   0.0699   0.00655   0.00185  -0.2076  0.1234  0.0042  -4.5146   0.0000   3.3085
  -7.000   0.1297   0.00646   0.00175  -0.2083  0.1232  0.0043  -4.0468   0.0000   1.9004
  -6.500   0.1894   0.00640   0.00166  -0.2090  0.1228  0.0043  -3.6551   0.0000   1.3813
  -6.000   0.2491   0.00634   0.00160  -0.2097  0.1225  0.0043  -3.2786   0.0000   1.1113
  -5.500   0.3079   0.00636   0.00156  -0.2102  0.1011  0.0044  -2.9202   0.0000   0.9470
  -5.000   0.3671   0.00635   0.00152  -0.2108  0.0982  0.0044  -2.5749   0.0000   0.8349
  -4.500   0.4264   0.00634   0.00149  -0.2114  0.0952  0.0045  -2.2449   0.0000   0.7540
  -4.000   0.4854   0.00635   0.00149  -0.2119  0.0858  0.0045  -1.9310   0.0000   0.6928
  -3.500   0.5445   0.00636   0.00149  -0.2124  0.0843  0.0046  -1.6324   0.0000   0.6449
  -3.000   0.6034   0.00638   0.00150  -0.2130  0.0842  0.0047  -1.3496   0.0000   0.6064
  -2.500   0.6622   0.00641   0.00152  -0.2135  0.0840  0.0046  -1.0819   0.0000   0.5747
  -2.000   0.7207   0.00645   0.00155  -0.2139  0.0832  0.0053  -0.9613   0.0000   0.5482
  -1.500   0.7776   0.00664   0.00165  -0.2140  0.0506  0.0063  -1.0105   0.0000   0.5258
  -1.000   0.8355   0.00673   0.00172  -0.2144  0.0477  0.0074  -1.0627   0.0000   0.5063
  -0.500   0.8932   0.00683   0.00180  -0.2147  0.0450  0.0082  -1.1152   0.0000   0.4893
   0.000   0.9508   0.00694   0.00189  -0.2150  0.0426  0.0088  -1.1679   0.0000   0.4743
   0.500   1.0084   0.00703   0.00198  -0.2154  0.0403  0.0155  -1.2227   0.0000   0.4610
   1.000   1.0657   0.00714   0.00208  -0.2156  0.0431  0.0170  -1.2874   0.0000   0.4490
   1.500   1.1227   0.00727   0.00220  -0.2159  0.0420  0.0171  -1.3630   0.0000   0.4383
   2.000   1.1794   0.00741   0.00233  -0.2160  0.0403  0.0192  -1.4393   0.0000   0.4285
   2.500   1.2321   0.00789   0.00270  -0.2154  0.0019  0.0373  -1.5271   0.0000   0.4194
   3.500   1.3428   0.00831   0.00309  -0.2153  0.0013  0.0405  -1.7596   0.0000   0.4035
   4.000   1.3976   0.00854   0.00330  -0.2152  0.0014  0.0438  -1.9039   0.0000   0.3963
   4.500   1.4520   0.00879   0.00354  -0.2150  0.0013  0.0500  -2.0822   0.0000   0.3897
   5.000   1.5061   0.00905   0.00379  -0.2148  0.0013  0.0668  -2.2649   0.0000   0.3835
   5.500   1.5595   0.00933   0.00406  -0.2145  0.0013  0.0772  -2.4514   0.0000   0.3776
   6.000   1.6128   0.00961   0.00436  -0.2141  0.0012  0.1150  -2.6424   0.0000   0.3720
   7.000   1.7171   0.01026   0.00501  -0.2131  0.0012  0.1468  -3.0347   0.0000   0.3617
   7.500   1.7679   0.01062   0.00535  -0.2124  0.0012  0.1601  -3.2353   0.0000   0.3568
   8.000   1.8178   0.01101   0.00573  -0.2115  0.0012  0.1567  -3.4387   0.0000   0.3521
   8.500   1.8675   0.01140   0.00614  -0.2106  0.0012  0.1954  -3.6457   0.0000   0.3477
   9.000   1.9164   0.01182   0.00659  -0.2097  0.0012  0.2495  -3.9172   0.0000   0.3433
   9.500   1.9631   0.01228   0.00706  -0.2082  0.0012  0.2663  -4.2714   0.0000   0.3391
  10.000   2.0108   0.01273   0.00760  -0.2072  0.0011  0.3695  -4.8555   0.0000   0.3350
  10.500   2.0538   0.01328   0.00815  -0.2051  0.0011  0.3779  -5.4448   0.0000   0.3309
  11.000   2.0866   0.01389   0.00876  -0.2010  0.0011  0.3894  -6.0026   0.0000   0.3263
  11.500   2.1166   0.01457   0.00947  -0.1964  0.0011  0.3991  -6.5634   0.0000   0.3218
  12.000   2.1457   0.01539   0.01030  -0.1919  0.0010  0.4011  -7.1413   0.0000   0.3174
  13.000   2.2033   0.01741   0.01243  -0.1836  0.0010  0.4940  -8.3554   0.0000   0.3092
  13.500   2.2290   0.01869   0.01373  -0.1793  0.0009  0.4993  -8.9716   0.0000   0.3052
  14.000   2.2529   0.02017   0.01524  -0.1750  0.0009  0.5109  -9.5940   0.0000   0.3014
  14.500   2.2757   0.02185   0.01699  -0.1710  0.0008  0.5628  -10.2253   0.0000   0.2977
  15.500   2.2641   0.03003   0.02545  -0.1578  0.0014  0.6163  -11.0005   0.0000   0.2899
  16.000   2.2760   0.03332   0.02884  -0.1542  0.0018  0.6402  -11.5860   0.0000   0.2867
  16.500   2.2877   0.03685   0.03243  -0.1512  0.0022  0.6704  -12.2033   0.0000   0.2838
  17.000   2.2931   0.04098   0.03665  -0.1481  0.0025  0.6940  -12.7497   0.0000   0.2809
  17.500   2.2953   0.04590   0.04167  -0.1454  0.0030  0.7244  -13.2731   0.0000   0.2783
  19.000   2.3089   0.06317   0.05942  -0.1423  0.0040  1.0000  -14.9606   0.0000   0.2722
  19.500   2.3001   0.07034   0.06668  -0.1412  0.0042  1.0000  -15.4088   0.0000   0.2705


