XFLR5 v6.02 Beta

 Calculated polar for: WORTMANN FX 63-137

 1 1 Reynolds number fixed          Mach number fixed         

 xtrf =   1.000 (top)        1.000 (bottom)
 Mach =   0.000     Re =    22.750 e 6     Ncrit =   9.000

  alpha     CL        CD       CDp       CM    Top Xtr Bot Xtr   Cpmin    Chinge    XCp    
 ------- -------- --------- --------- -------- ------- ------- -------- --------- ---------
 -21.000  -1.1184   0.05601   0.05309  -0.1467  0.6750  0.0027  -24.6686   0.0000   0.0837
 -20.500  -1.1564   0.04472   0.04164  -0.1560  0.6668  0.0027  -25.0623   0.0000   0.0821
 -20.000  -1.1752   0.03634   0.03314  -0.1630  0.6590  0.0027  -25.0568   0.0000   0.0800
 -19.500  -1.1771   0.03062   0.02724  -0.1677  0.6234  0.0028  -24.7226   0.0000   0.0778
 -19.000  -1.1721   0.02579   0.02229  -0.1715  0.5973  0.0028  -24.2577   0.0000   0.0755
 -18.500  -1.1589   0.02188   0.01832  -0.1742  0.5951  0.0029  -23.6532   0.0000   0.0727
 -17.500  -1.0925   0.01631   0.01256  -0.1820  0.5620  0.0031  -21.9258   0.0000   0.0584
 -17.000  -1.0417   0.01469   0.01070  -0.1863  0.4853  0.0032  -20.8508   0.0000   0.0468
 -16.500  -0.9888   0.01369   0.00962  -0.1881  0.4652  0.0033  -19.7435   0.0000   0.0359
 -16.000  -0.9354   0.01292   0.00874  -0.1894  0.4306  0.0034  -18.6522   0.0000   0.0241
 -15.500  -0.8800   0.01222   0.00798  -0.1906  0.4212  0.0035  -17.5620   0.0000   0.0102
 -15.000  -0.8235   0.01160   0.00730  -0.1918  0.4079  0.0036  -16.4882   0.0000  -0.0059
 -14.500  -0.7661   0.01102   0.00669  -0.1930  0.4015  0.0036  -15.4336   0.0000  -0.0248
 -14.000  -0.7105   0.01065   0.00615  -0.1936  0.3383  0.0037  -14.4276   0.0000  -0.0454
 -13.500  -0.6538   0.01027   0.00565  -0.1944  0.2942  0.0037  -13.4662   0.0000  -0.0704
 -13.000  -0.5952   0.00986   0.00519  -0.1954  0.2810  0.0038  -12.5676   0.0000  -0.1018
 -12.500  -0.5362   0.00947   0.00476  -0.1964  0.2778  0.0038  -11.6918   0.0000  -0.1405
 -12.000  -0.4781   0.00919   0.00439  -0.1972  0.2438  0.0039  -10.8500   0.0000  -0.1876
 -11.500  -0.4184   0.00886   0.00404  -0.1982  0.2483  0.0039  -10.0105   0.0000  -0.2503
 -11.000  -0.3595   0.00862   0.00372  -0.1990  0.2213  0.0040  -9.2167   0.0000  -0.3323
 -10.500  -0.3005   0.00842   0.00344  -0.1998  0.1949  0.0040  -8.4512   0.0000  -0.4466
 -10.000  -0.2411   0.00820   0.00317  -0.2006  0.1865  0.0041  -7.7125   0.0000  -0.6192
  -9.500  -0.1813   0.00799   0.00292  -0.2015  0.1779  0.0041  -7.0091   0.0000  -0.9072
  -9.000  -0.1212   0.00779   0.00269  -0.2024  0.1697  0.0041  -6.3493   0.0000  -1.4825
  -8.500  -0.0613   0.00762   0.00249  -0.2032  0.1688  0.0042  -5.7021   0.0000  -3.1837
  -8.000  -0.0013   0.00746   0.00232  -0.2041  0.1682  0.0042  -5.0865   0.0000  -167.7388
  -7.500   0.0578   0.00740   0.00218  -0.2047  0.1425  0.0042  -4.5065   0.0000   3.8946
  -7.000   0.1175   0.00731   0.00205  -0.2054  0.1385  0.0043  -4.0367   0.0000   2.0463
  -6.500   0.1772   0.00722   0.00194  -0.2061  0.1340  0.0043  -3.6537   0.0000   1.4426
  -6.000   0.2369   0.00715   0.00185  -0.2068  0.1288  0.0043  -3.2841   0.0000   1.1433
  -5.500   0.2965   0.00709   0.00178  -0.2075  0.1241  0.0044  -2.9249   0.0000   0.9646
  -5.000   0.3560   0.00705   0.00173  -0.2082  0.1237  0.0044  -2.5816   0.0000   0.8458
  -4.500   0.4154   0.00702   0.00169  -0.2088  0.1233  0.0045  -2.2569   0.0000   0.7611
  -4.000   0.4747   0.00701   0.00166  -0.2094  0.1228  0.0045  -1.9451   0.0000   0.6976
  -3.000   0.5911   0.00716   0.00170  -0.2102  0.0939  0.0065  -1.3705   0.0000   0.6092
  -2.500   0.6497   0.00720   0.00172  -0.2107  0.0906  0.0073  -1.1023   0.0000   0.5767
  -2.000   0.7081   0.00725   0.00176  -0.2112  0.0853  0.0077  -0.9534   0.0000   0.5496
  -1.500   0.7666   0.00730   0.00181  -0.2116  0.0842  0.0093  -1.0033   0.0000   0.5266
  -1.000   0.8249   0.00736   0.00186  -0.2121  0.0835  0.0149  -1.0556   0.0000   0.5068
  -0.500   0.8826   0.00744   0.00194  -0.2124  0.0826  0.0154  -1.1080   0.0000   0.4896
   0.000   0.9390   0.00764   0.00208  -0.2125  0.0661  0.0156  -1.1597   0.0000   0.4745
   0.500   0.9955   0.00783   0.00222  -0.2126  0.0556  0.0160  -1.2128   0.0000   0.4610
   1.000   1.0530   0.00791   0.00231  -0.2129  0.0628  0.0171  -1.2764   0.0000   0.4489
   1.500   1.1095   0.00807   0.00245  -0.2131  0.0598  0.0174  -1.3514   0.0000   0.4381
   2.000   1.1657   0.00824   0.00260  -0.2132  0.0517  0.0224  -1.4271   0.0000   0.4282
   2.500   1.2167   0.00885   0.00307  -0.2122  0.0041  0.0377  -1.5111   0.0000   0.4190
   3.000   1.2716   0.00909   0.00329  -0.2121  0.0031  0.0387  -1.6217   0.0000   0.4107
   3.500   1.3262   0.00934   0.00353  -0.2119  0.0025  0.0479  -1.7382   0.0000   0.4029
   4.000   1.3805   0.00960   0.00378  -0.2117  0.0030  0.0519  -1.8744   0.0000   0.3958
   4.500   1.4343   0.00988   0.00406  -0.2115  0.0024  0.0668  -2.0509   0.0000   0.3891
   5.000   1.4874   0.01018   0.00435  -0.2111  0.0017  0.0774  -2.2307   0.0000   0.3828
   5.500   1.5403   0.01049   0.00467  -0.2107  0.0014  0.1034  -2.4151   0.0000   0.3768
   6.000   1.5932   0.01080   0.00503  -0.2103  0.0013  0.1672  -2.6040   0.0000   0.3713
   6.500   1.6448   0.01115   0.00540  -0.2097  0.0012  0.1961  -2.7956   0.0000   0.3659
   7.000   1.6955   0.01154   0.00580  -0.2090  0.0012  0.2296  -2.9902   0.0000   0.3608
   7.500   1.7455   0.01194   0.00622  -0.2081  0.0012  0.2675  -3.1878   0.0000   0.3560
   8.000   1.7931   0.01240   0.00666  -0.2068  0.0012  0.2503  -3.3855   0.0000   0.3512
   8.500   1.8432   0.01281   0.00720  -0.2062  0.0012  0.3704  -3.5914   0.0000   0.3468
   9.000   1.8886   0.01333   0.00773  -0.2045  0.0012  0.3922  -3.8365   0.0000   0.3423
  10.000   1.9691   0.01447   0.00900  -0.1993  0.0011  0.4991  -4.6078   0.0000   0.3333
  10.500   1.9999   0.01519   0.00973  -0.1949  0.0011  0.5031  -5.1136   0.0000   0.3286
  11.000   2.0307   0.01602   0.01059  -0.1907  0.0011  0.5237  -5.6407   0.0000   0.3241
  11.500   2.0613   0.01697   0.01159  -0.1867  0.0011  0.5533  -6.1881   0.0000   0.3198
  12.000   2.0886   0.01810   0.01275  -0.1824  0.0010  0.5666  -6.7425   0.0000   0.3155
  12.500   2.1160   0.01939   0.01410  -0.1784  0.0010  0.5984  -7.3165   0.0000   0.3114
  13.000   2.1422   0.02087   0.01565  -0.1746  0.0010  0.6423  -7.8997   0.0000   0.3075
  13.500   2.1661   0.02258   0.01744  -0.1707  0.0009  0.6881  -8.4855   0.0000   0.3037
  14.000   2.1857   0.02465   0.01957  -0.1666  0.0009  0.7127  -9.0581   0.0000   0.3000
  14.500   2.2053   0.02700   0.02201  -0.1630  0.0009  0.7543  -9.6474   0.0000   0.2965
  15.000   2.2237   0.02971   0.02482  -0.1598  0.0009  0.8120  -10.2413   0.0000   0.2933
  17.000   2.2783   0.04368   0.03921  -0.1489  0.0008  1.0000  -12.6175   0.0000   0.2816
  17.500   2.2829   0.04847   0.04407  -0.1465  0.0007  1.0000  -13.1639   0.0000   0.2791
  18.000   2.2845   0.05387   0.04954  -0.1444  0.0007  1.0000  -13.6946   0.0000   0.2767
  18.500   2.2830   0.05985   0.05560  -0.1427  0.0007  1.0000  -14.2030   0.0000   0.2746


