XFLR5 v6.02 Beta

 Calculated polar for: WORTMANN FX 63-137

 1 1 Reynolds number fixed          Mach number fixed         

 xtrf =   1.000 (top)        1.000 (bottom)
 Mach =   0.000     Re =    47.000 e 6     Ncrit =   9.000

  alpha     CL        CD       CDp       CM    Top Xtr Bot Xtr   Cpmin    Chinge    XCp    
 ------- -------- --------- --------- -------- ------- ------- -------- --------- ---------
 -22.000  -0.3962   0.20436   0.20181  -0.0603  0.2374  0.0014  -6.5742   0.0000   0.0475
 -21.500  -0.3790   0.19916   0.19659  -0.0639  0.2318  0.0014  -6.3630   0.0000   0.0308
 -21.000  -0.3618   0.19388   0.19130  -0.0674  0.2267  0.0014  -6.1584   0.0000   0.0125
 -20.500  -0.3447   0.18853   0.18593  -0.0709  0.2222  0.0016  -5.9619   0.0000  -0.0074
 -20.000  -0.3277   0.18316   0.18054  -0.0743  0.2213  0.0017  -5.7668   0.0000  -0.0293
 -19.500  -0.3111   0.17781   0.17512  -0.0775  0.1816  0.0019  -5.5775   0.0000  -0.0525
 -19.000  -0.2942   0.17235   0.16964  -0.0807  0.1709  0.0020  -5.3928   0.0000  -0.0789
 -18.500  -0.2775   0.16681   0.16410  -0.0840  0.1818  0.0022  -5.2155   0.0000  -0.1084
 -18.000  -0.2611   0.16126   0.15853  -0.0871  0.1721  0.0024  -5.0452   0.0000  -0.1409
 -17.500  -0.2451   0.15569   0.15295  -0.0901  0.1702  0.0026  -4.8829   0.0000  -0.1770
 -17.000  -0.2297   0.15022   0.14747  -0.0931  0.1699  0.0028  -4.7304   0.0000  -0.2163
 -16.500  -0.2148   0.14480   0.14204  -0.0959  0.1696  0.0030  -4.5863   0.0000  -0.2599
 -16.000  -0.1993   0.13905   0.13628  -0.0989  0.1693  0.0032  -4.4459   0.0000  -0.3124
 -15.500  -0.1840   0.13323   0.13046  -0.1018  0.1690  0.0033  -4.3130   0.0000  -0.3726
 -15.000  -0.1691   0.12736   0.12458  -0.1047  0.1689  0.0034  -4.1882   0.0000  -0.4423
 -14.000  -0.7044   0.00954   0.00520  -0.1965  0.2373  0.0030  -14.4598   0.0000  -0.0520
 -13.500  -0.6457   0.00913   0.00476  -0.1975  0.2220  0.0031  -13.5353   0.0000  -0.0791
 -13.000  -0.5866   0.00873   0.00434  -0.1985  0.2213  0.0033  -12.6350   0.0000  -0.1122
 -12.500  -0.5281   0.00844   0.00396  -0.1993  0.1848  0.0035  -11.7655   0.0000  -0.1519
 -12.000  -0.4687   0.00813   0.00362  -0.2002  0.1698  0.0037  -10.9124   0.0000  -0.2028
 -11.500  -0.4091   0.00786   0.00333  -0.2011  0.1698  0.0039  -10.0828   0.0000  -0.2689
 -11.000  -0.3494   0.00763   0.00307  -0.2020  0.1694  0.0039  -9.2852   0.0000  -0.3577
 -10.500  -0.2896   0.00742   0.00284  -0.2028  0.1689  0.0040  -8.5160   0.0000  -0.4835
 -10.000  -0.2303   0.00727   0.00263  -0.2035  0.1461  0.0040  -7.7791   0.0000  -0.6727
  -9.500  -0.1706   0.00712   0.00244  -0.2043  0.1404  0.0041  -7.0698   0.0000  -0.9960
  -9.000  -0.1109   0.00698   0.00228  -0.2051  0.1303  0.0041  -6.3900   0.0000  -1.6686
  -8.500  -0.0510   0.00685   0.00213  -0.2058  0.1252  0.0041  -5.7365   0.0000  -3.9226
  -8.000   0.0088   0.00673   0.00199  -0.2066  0.1239  0.0042  -5.1124   0.0000  24.4601
  -7.500   0.0686   0.00663   0.00188  -0.2073  0.1236  0.0042  -4.5179   0.0000   3.3604
  -7.000   0.1284   0.00655   0.00178  -0.2080  0.1234  0.0043  -4.0483   0.0000   1.9143
  -6.500   0.1882   0.00648   0.00169  -0.2087  0.1231  0.0043  -3.6567   0.0000   1.3873
  -6.000   0.2478   0.00642   0.00162  -0.2094  0.1226  0.0043  -3.2804   0.0000   1.1145
  -5.500   0.3067   0.00643   0.00158  -0.2099  0.1028  0.0044  -2.9218   0.0000   0.9487
  -5.000   0.3660   0.00642   0.00154  -0.2105  0.0998  0.0044  -2.5764   0.0000   0.8360
  -4.500   0.4251   0.00642   0.00152  -0.2111  0.0970  0.0045  -2.2469   0.0000   0.7547
  -4.000   0.4842   0.00643   0.00151  -0.2116  0.0878  0.0045  -1.9332   0.0000   0.6934
  -3.500   0.5432   0.00644   0.00151  -0.2122  0.0847  0.0046  -1.6348   0.0000   0.6453
  -3.000   0.6021   0.00646   0.00152  -0.2127  0.0843  0.0049  -1.3520   0.0000   0.6067
  -2.500   0.6609   0.00649   0.00154  -0.2132  0.0840  0.0046  -1.0842   0.0000   0.5749
  -2.000   0.7195   0.00653   0.00157  -0.2137  0.0836  0.0055  -0.9605   0.0000   0.5483
  -1.500   0.7763   0.00672   0.00167  -0.2138  0.0520  0.0066  -1.0097   0.0000   0.5259
  -1.000   0.8343   0.00681   0.00174  -0.2141  0.0495  0.0077  -1.0619   0.0000   0.5063
  -0.500   0.8919   0.00691   0.00182  -0.2144  0.0467  0.0085  -1.1143   0.0000   0.4893
   0.000   0.9494   0.00702   0.00192  -0.2147  0.0441  0.0092  -1.1669   0.0000   0.4743
   0.500   1.0070   0.00712   0.00201  -0.2151  0.0417  0.0156  -1.2216   0.0000   0.4610
   1.000   1.0643   0.00723   0.00211  -0.2153  0.0444  0.0170  -1.2862   0.0000   0.4490
   1.500   1.1212   0.00736   0.00223  -0.2155  0.0432  0.0172  -1.3617   0.0000   0.4382
   2.000   1.1778   0.00750   0.00236  -0.2157  0.0414  0.0193  -1.4379   0.0000   0.4284
   2.500   1.2305   0.00799   0.00274  -0.2151  0.0021  0.0373  -1.5254   0.0000   0.4194
   3.500   1.3411   0.00842   0.00313  -0.2150  0.0013  0.0412  -1.7574   0.0000   0.4034
   4.000   1.3958   0.00865   0.00335  -0.2148  0.0015  0.0446  -1.9008   0.0000   0.3963
   4.500   1.4502   0.00890   0.00359  -0.2146  0.0013  0.0510  -2.0789   0.0000   0.3896
   5.000   1.5042   0.00916   0.00385  -0.2144  0.0013  0.0669  -2.2613   0.0000   0.3834
   5.500   1.5575   0.00945   0.00412  -0.2141  0.0013  0.0789  -2.4477   0.0000   0.3775
   6.000   1.6107   0.00974   0.00443  -0.2137  0.0012  0.1183  -2.6384   0.0000   0.3719
   6.500   1.6633   0.01005   0.00475  -0.2133  0.0012  0.1455  -2.8328   0.0000   0.3667
   7.000   1.7147   0.01040   0.00508  -0.2127  0.0012  0.1526  -3.0299   0.0000   0.3616
   7.500   1.7656   0.01076   0.00544  -0.2119  0.0012  0.1664  -3.2304   0.0000   0.3567
   8.000   1.8152   0.01116   0.00582  -0.2110  0.0012  0.1629  -3.4331   0.0000   0.3520
   8.500   1.8647   0.01156   0.00624  -0.2101  0.0012  0.2058  -3.6396   0.0000   0.3475
   9.000   1.9133   0.01198   0.00670  -0.2091  0.0012  0.2558  -3.9084   0.0000   0.3432
   9.500   1.9601   0.01245   0.00718  -0.2077  0.0012  0.2784  -4.2539   0.0000   0.3389
  10.000   2.0072   0.01291   0.00774  -0.2065  0.0011  0.3798  -4.8336   0.0000   0.3349
  10.500   2.0499   0.01347   0.00830  -0.2044  0.0011  0.3945  -5.4202   0.0000   0.3307
  11.000   2.0803   0.01409   0.00894  -0.1998  0.0011  0.4067  -5.9618   0.0000   0.3261
  12.000   2.1400   0.01565   0.01054  -0.1909  0.0010  0.4330  -7.1015   0.0000   0.3172
  12.500   2.1682   0.01663   0.01155  -0.1865  0.0010  0.4526  -7.6932   0.0000   0.3130
  13.000   2.1968   0.01775   0.01273  -0.1825  0.0010  0.4996  -8.3069   0.0000   0.3090
  13.500   2.2224   0.01906   0.01406  -0.1783  0.0009  0.5069  -8.9206   0.0000   0.3050
  14.000   2.2470   0.02056   0.01560  -0.1742  0.0009  0.5319  -9.5464   0.0000   0.3012
  14.500   2.2671   0.02237   0.01749  -0.1699  0.0009  0.5804  -10.1549   0.0000   0.2975
  15.500   2.2904   0.02798   0.02325  -0.1606  0.0003  0.6434  -11.2829   0.0000   0.2903
  16.000   2.2682   0.03407   0.02957  -0.1537  0.0015  0.6613  -11.5091   0.0000   0.2867
  16.500   2.2767   0.03793   0.03352  -0.1505  0.0018  0.6912  -12.0812   0.0000   0.2837
  17.000   2.2854   0.04183   0.03749  -0.1477  0.0022  0.7205  -12.6789   0.0000   0.2810
  17.500   2.2891   0.04675   0.04253  -0.1453  0.0026  0.7656  -13.2168   0.0000   0.2784
  18.000   2.2912   0.05226   0.04816  -0.1434  0.0030  0.8188  -13.7463   0.0000   0.2761
  18.500   2.2977   0.05864   0.05481  -0.1434  0.0034  1.0000  -14.3260   0.0000   0.2745
  19.000   2.3005   0.06413   0.06036  -0.1420  0.0037  1.0000  -14.8798   0.0000   0.2723
  19.500   2.2909   0.07142   0.06774  -0.1410  0.0039  1.0000  -15.3181   0.0000   0.2706


