XFLR5 v6.02 Beta

 Calculated polar for: WORTMANN FX 63-137

 1 1 Reynolds number fixed          Mach number fixed         

 xtrf =   1.000 (top)        1.000 (bottom)
 Mach =   0.000     Re =    78.250 e 6     Ncrit =   9.000

  alpha     CL        CD       CDp       CM    Top Xtr Bot Xtr   Cpmin    Chinge    XCp    
 ------- -------- --------- --------- -------- ------- ------- -------- --------- ---------
 -21.000  -1.3327   0.02937   0.02593  -0.1723  0.4012  0.0014  -28.7032   0.0000   0.0889
 -20.500  -1.3230   0.02533   0.02184  -0.1750  0.4012  0.0014  -28.1049   0.0000   0.0872
 -20.000  -1.3101   0.02154   0.01800  -0.1776  0.4011  0.0014  -27.4539   0.0000   0.0853
 -19.000  -1.2551   0.01626   0.01260  -0.1827  0.3697  0.0014  -25.7233   0.0000   0.0775
 -18.500  -1.2008   0.01426   0.01054  -0.1886  0.3644  0.0014  -24.5353   0.0000   0.0668
 -18.000  -1.1503   0.01339   0.00955  -0.1899  0.2989  0.0014  -23.3726   0.0000   0.0594
 -17.500  -1.0967   0.01260   0.00872  -0.1912  0.2909  0.0015  -22.1917   0.0000   0.0507
 -17.000  -1.0419   0.01190   0.00800  -0.1924  0.2836  0.0016  -21.0202   0.0000   0.0409
 -16.500  -0.9860   0.01128   0.00735  -0.1935  0.2786  0.0017  -19.8640   0.0000   0.0298
 -16.000  -0.9294   0.01071   0.00675  -0.1946  0.2781  0.0018  -18.7270   0.0000   0.0171
 -15.500  -0.8721   0.01019   0.00621  -0.1956  0.2778  0.0019  -17.6119   0.0000   0.0024
 -15.000  -0.8156   0.00978   0.00571  -0.1963  0.2268  0.0020  -16.5338   0.0000  -0.0139
 -14.500  -0.7574   0.00934   0.00525  -0.1973  0.2214  0.0021  -15.4692   0.0000  -0.0336
 -13.500  -0.6407   0.00862   0.00444  -0.1990  0.1887  0.0023  -13.5107   0.0000  -0.0841
 -13.000  -0.5817   0.00828   0.00407  -0.2000  0.1778  0.0024  -12.6134   0.0000  -0.1177
 -12.500  -0.5228   0.00799   0.00374  -0.2008  0.1504  0.0026  -11.7433   0.0000  -0.1589
 -12.000  -0.4634   0.00770   0.00341  -0.2017  0.1410  0.0028  -10.8967   0.0000  -0.2112
 -11.500  -0.4035   0.00741   0.00310  -0.2026  0.1423  0.0032  -10.0738   0.0000  -0.2799
 -11.000  -0.3437   0.00716   0.00283  -0.2035  0.1386  0.0034  -9.2783   0.0000  -0.3723
 -10.500  -0.2838   0.00694   0.00258  -0.2044  0.1340  0.0037  -8.5085   0.0000  -0.5042
 -10.000  -0.2238   0.00675   0.00238  -0.2052  0.1293  0.0040  -7.7652   0.0000  -0.7068
  -9.500  -0.1640   0.00660   0.00221  -0.2060  0.1244  0.0040  -7.0529   0.0000  -1.0570
  -9.000  -0.1041   0.00647   0.00206  -0.2068  0.1236  0.0041  -6.3707   0.0000  -1.8099
  -8.500  -0.0443   0.00635   0.00192  -0.2075  0.1233  0.0041  -5.7165   0.0000  -4.6009
  -8.000   0.0156   0.00625   0.00181  -0.2082  0.1229  0.0042  -5.0922   0.0000  14.0426
  -6.500   0.1942   0.00609   0.00155  -0.2102  0.0995  0.0043  -3.6492   0.0000   1.3595
  -6.000   0.2537   0.00605   0.00150  -0.2108  0.0967  0.0043  -3.2727   0.0000   1.1000
  -5.500   0.3132   0.00602   0.00145  -0.2114  0.0942  0.0044  -2.9115   0.0000   0.9392
  -5.000   0.3725   0.00600   0.00142  -0.2120  0.0904  0.0044  -2.5657   0.0000   0.8298
  -4.500   0.4318   0.00599   0.00140  -0.2126  0.0844  0.0044  -2.2355   0.0000   0.7505
  -4.000   0.4910   0.00599   0.00139  -0.2132  0.0842  0.0045  -1.9207   0.0000   0.6904
  -3.500   0.5501   0.00600   0.00139  -0.2137  0.0841  0.0045  -1.6220   0.0000   0.6432
  -3.000   0.6091   0.00602   0.00140  -0.2142  0.0840  0.0046  -1.3392   0.0000   0.6052
  -2.500   0.6679   0.00605   0.00142  -0.2147  0.0838  0.0046  -1.0718   0.0000   0.5738
  -2.000   0.7248   0.00624   0.00151  -0.2148  0.0456  0.0046  -0.9635   0.0000   0.5478
  -1.500   0.7830   0.00631   0.00156  -0.2152  0.0428  0.0053  -1.0142   0.0000   0.5253
  -1.000   0.8412   0.00638   0.00162  -0.2156  0.0406  0.0061  -1.0666   0.0000   0.5060
  -0.500   0.8991   0.00646   0.00169  -0.2160  0.0385  0.0068  -1.1193   0.0000   0.4891
   0.000   0.9569   0.00655   0.00177  -0.2163  0.0381  0.0073  -1.1723   0.0000   0.4742
   0.500   1.0144   0.00666   0.00186  -0.2166  0.0381  0.0091  -1.2274   0.0000   0.4610
   1.000   1.0720   0.00675   0.00195  -0.2170  0.0382  0.0169  -1.2929   0.0000   0.4491
   1.500   1.1291   0.00687   0.00206  -0.2172  0.0382  0.0171  -1.3687   0.0000   0.4384
   2.000   1.1840   0.00716   0.00228  -0.2170  0.0181  0.0197  -1.4432   0.0000   0.4286
   2.500   1.2390   0.00745   0.00253  -0.2168  0.0013  0.0370  -1.5345   0.0000   0.4196
   3.000   1.2948   0.00764   0.00271  -0.2169  0.0013  0.0379  -1.6509   0.0000   0.4113
   3.500   1.3502   0.00784   0.00289  -0.2168  0.0013  0.0384  -1.7692   0.0000   0.4037
   4.000   1.4053   0.00806   0.00309  -0.2168  0.0013  0.0405  -1.9171   0.0000   0.3966
   4.500   1.4600   0.00829   0.00331  -0.2166  0.0013  0.0460  -2.0963   0.0000   0.3900
   5.500   1.5682   0.00880   0.00380  -0.2162  0.0013  0.0707  -2.4678   0.0000   0.3779
   6.000   1.6218   0.00907   0.00408  -0.2160  0.0012  0.1035  -2.6600   0.0000   0.3724
   6.500   1.6746   0.00936   0.00436  -0.2155  0.0012  0.1131  -2.8555   0.0000   0.3671
   7.000   1.7268   0.00968   0.00466  -0.2151  0.0012  0.1241  -3.0548   0.0000   0.3621
   7.500   1.7786   0.01000   0.00499  -0.2145  0.0012  0.1458  -3.2576   0.0000   0.3573
   8.000   1.8293   0.01036   0.00534  -0.2138  0.0012  0.1457  -3.4631   0.0000   0.3526
   8.500   1.8792   0.01074   0.00570  -0.2129  0.0012  0.1483  -3.6714   0.0000   0.3481
   9.000   1.9288   0.01113   0.00611  -0.2120  0.0012  0.2021  -3.9531   0.0000   0.3438
   9.500   1.9775   0.01154   0.00655  -0.2110  0.0012  0.2489  -4.3527   0.0000   0.3396
  10.000   2.0241   0.01200   0.00700  -0.2096  0.0012  0.2628  -4.9373   0.0000   0.3355
  10.500   2.0701   0.01248   0.00752  -0.2081  0.0011  0.3149  -5.5489   0.0000   0.3315
  11.000   2.1130   0.01302   0.00805  -0.2061  0.0011  0.3249  -6.1720   0.0000   0.3275
  11.500   2.1453   0.01360   0.00865  -0.2018  0.0011  0.3321  -6.7554   0.0000   0.3230
  12.000   2.1739   0.01429   0.00934  -0.1970  0.0010  0.3330  -7.3373   0.0000   0.3186
  12.500   2.2027   0.01510   0.01018  -0.1924  0.0010  0.3419  -7.9413   0.0000   0.3143
  13.000   2.2308   0.01606   0.01116  -0.1880  0.0009  0.3707  -8.5619   0.0000   0.3101
  14.000   2.2493   0.02038   0.01572  -0.1742  0.0020  0.4447  -9.5427   0.0000   0.3012
  14.500   2.2694   0.02211   0.01749  -0.1697  0.0021  0.4550  -10.1553   0.0000   0.2974
  15.000   2.2853   0.02437   0.01981  -0.1652  0.0026  0.4824  -10.7475   0.0000   0.2937
  15.500   2.2998   0.02700   0.02250  -0.1611  0.0031  0.5103  -11.3388   0.0000   0.2902
  16.000   2.3123   0.03001   0.02558  -0.1572  0.0035  0.5322  -11.9259   0.0000   0.2869
  16.500   2.3232   0.03337   0.02900  -0.1536  0.0039  0.5609  -12.5115   0.0000   0.2838
  17.000   2.3309   0.03717   0.03288  -0.1502  0.0041  0.5816  -13.0823   0.0000   0.2808
  17.500   2.3357   0.04134   0.03713  -0.1471  0.0045  0.6110  -13.6355   0.0000   0.2780
  18.000   2.3379   0.04623   0.04210  -0.1444  0.0046  0.6295  -14.1776   0.0000   0.2754
  18.500   2.3401   0.05139   0.04734  -0.1422  0.0046  0.6546  -14.7287   0.0000   0.2730
  20.000   2.3325   0.06998   0.06622  -0.1382  0.0047  0.7474  -16.2889   0.0000   0.2670


