XFLR5 v6.02 Beta

 Calculated polar for: WORTMANN FX 63-137

 1 1 Reynolds number fixed          Mach number fixed         

 xtrf =   1.000 (top)        1.000 (bottom)
 Mach =   0.000     Re =    25.500 e 6     Ncrit =   9.000

  alpha     CL        CD       CDp       CM    Top Xtr Bot Xtr   Cpmin    Chinge    XCp    
 ------- -------- --------- --------- -------- ------- ------- -------- --------- ---------
 -20.500  -1.1667   0.04327   0.04011  -0.1576  0.6287  0.0025  -25.2700   0.0000   0.0820
 -20.000  -1.1838   0.03535   0.03203  -0.1642  0.6062  0.0025  -25.2234   0.0000   0.0802
 -19.000  -1.1798   0.02504   0.02149  -0.1721  0.5647  0.0026  -24.3952   0.0000   0.0760
 -18.500  -1.1677   0.02127   0.01764  -0.1744  0.5569  0.0027  -23.7964   0.0000   0.0739
 -18.000  -1.1415   0.01829   0.01458  -0.1776  0.5454  0.0028  -23.0124   0.0000   0.0687
 -17.500  -1.0931   0.01573   0.01193  -0.1837  0.5310  0.0029  -21.9710   0.0000   0.0570
 -16.500  -0.9904   0.01344   0.00931  -0.1885  0.4198  0.0032  -19.7889   0.0000   0.0358
 -16.000  -0.9356   0.01262   0.00844  -0.1900  0.4067  0.0033  -18.6798   0.0000   0.0235
 -15.500  -0.8794   0.01190   0.00768  -0.1913  0.4018  0.0035  -17.5812   0.0000   0.0093
 -15.000  -0.8224   0.01128   0.00702  -0.1925  0.4005  0.0035  -16.5015   0.0000  -0.0071
 -14.000  -0.7101   0.01043   0.00592  -0.1941  0.3050  0.0037  -14.4468   0.0000  -0.0462
 -13.500  -0.6523   0.01002   0.00544  -0.1950  0.2790  0.0037  -13.4901   0.0000  -0.0721
 -13.000  -0.5935   0.00961   0.00499  -0.1960  0.2775  0.0038  -12.5901   0.0000  -0.1038
 -12.000  -0.3886   0.03549   0.03246  -0.1597  0.2219  0.0038  -8.7498   0.0000  -0.1908
 -11.500  -0.4090   0.02340   0.02008  -0.1793  0.2219  0.0038  -9.0709   0.0000  -0.2142
 -11.000  -0.3680   0.01787   0.01418  -0.1866  0.1941  0.0039  -8.6907   0.0000  -0.2842
 -10.000  -0.2391   0.00802   0.00305  -0.2012  0.1789  0.0040  -7.7504   0.0000  -0.6286
  -9.500  -0.1792   0.00781   0.00282  -0.2020  0.1705  0.0041  -7.0444   0.0000  -0.9235
  -9.000  -0.1193   0.00763   0.00260  -0.2029  0.1690  0.0041  -6.3739   0.0000  -1.5158
  -8.000  -0.0001   0.00738   0.00227  -0.2044  0.1430  0.0042  -5.1095   0.0000  -1788.7675
  -7.500   0.0596   0.00728   0.00212  -0.2051  0.1377  0.0042  -4.5210   0.0000   3.7968
  -7.000   0.1193   0.00718   0.00200  -0.2058  0.1339  0.0043  -4.0462   0.0000   2.0228
  -6.500   0.1791   0.00709   0.00190  -0.2066  0.1295  0.0043  -3.6589   0.0000   1.4328
  -6.000   0.2388   0.00703   0.00181  -0.2073  0.1245  0.0043  -3.2864   0.0000   1.1383
  -5.500   0.2984   0.00697   0.00174  -0.2080  0.1238  0.0044  -2.9271   0.0000   0.9617
  -5.000   0.3579   0.00693   0.00169  -0.2086  0.1234  0.0044  -2.5819   0.0000   0.8440
  -4.500   0.4172   0.00691   0.00165  -0.2092  0.1229  0.0045  -2.2555   0.0000   0.7599
  -4.000   0.4764   0.00690   0.00163  -0.2098  0.1221  0.0045  -1.9431   0.0000   0.6968
  -3.500   0.5341   0.00702   0.00166  -0.2101  0.0953  0.0046  -1.6497   0.0000   0.6482
  -3.000   0.5929   0.00705   0.00167  -0.2106  0.0918  0.0061  -1.3678   0.0000   0.6088
  -2.500   0.6516   0.00708   0.00169  -0.2111  0.0884  0.0067  -1.0998   0.0000   0.5764
  -2.000   0.7100   0.00713   0.00172  -0.2116  0.0843  0.0073  -0.9546   0.0000   0.5494
  -1.500   0.7684   0.00718   0.00177  -0.2120  0.0840  0.0088  -1.0045   0.0000   0.5264
  -1.000   0.8268   0.00724   0.00183  -0.2125  0.0831  0.0146  -1.0569   0.0000   0.5067
  -0.500   0.8846   0.00732   0.00191  -0.2129  0.0821  0.0153  -1.1094   0.0000   0.4895
   0.000   0.9404   0.00758   0.00207  -0.2128  0.0595  0.0155  -1.1606   0.0000   0.4744
   0.500   0.9975   0.00771   0.00218  -0.2130  0.0515  0.0160  -1.2143   0.0000   0.4610
   1.000   1.0547   0.00782   0.00229  -0.2133  0.0556  0.0171  -1.2779   0.0000   0.4489
   1.500   1.1114   0.00795   0.00241  -0.2135  0.0539  0.0174  -1.3532   0.0000   0.4381
   2.000   1.1678   0.00811   0.00256  -0.2136  0.0510  0.0218  -1.4290   0.0000   0.4282
   2.500   1.2190   0.00871   0.00302  -0.2127  0.0037  0.0376  -1.5134   0.0000   0.4191
   3.000   1.2740   0.00894   0.00323  -0.2126  0.0028  0.0384  -1.6247   0.0000   0.4107
   3.500   1.3287   0.00919   0.00346  -0.2124  0.0023  0.0467  -1.7414   0.0000   0.4030
   4.000   1.3831   0.00944   0.00371  -0.2122  0.0027  0.0506  -1.8789   0.0000   0.3958
   4.500   1.4370   0.00971   0.00398  -0.2120  0.0021  0.0666  -2.0556   0.0000   0.3892
   5.000   1.4902   0.01001   0.00426  -0.2116  0.0015  0.0746  -2.2359   0.0000   0.3829
   5.500   1.5433   0.01031   0.00458  -0.2112  0.0013  0.1029  -2.4207   0.0000   0.3770
   6.000   1.5960   0.01063   0.00492  -0.2108  0.0013  0.1574  -2.6096   0.0000   0.3714
   7.000   1.6985   0.01135   0.00567  -0.2095  0.0012  0.2099  -2.9965   0.0000   0.3610
   7.500   1.7489   0.01174   0.00609  -0.2088  0.0012  0.2487  -3.1951   0.0000   0.3561
   8.000   1.7972   0.01219   0.00653  -0.2076  0.0012  0.2486  -3.3941   0.0000   0.3513
   9.000   1.8930   0.01310   0.00755  -0.2053  0.0012  0.3702  -3.8491   0.0000   0.3425
   9.500   1.9371   0.01365   0.00811  -0.2034  0.0011  0.3932  -4.1213   0.0000   0.3381
  10.500   2.0082   0.01488   0.00948  -0.1964  0.0011  0.4985  -5.1640   0.0000   0.3290
  11.000   2.0386   0.01568   0.01029  -0.1921  0.0011  0.5006  -5.6916   0.0000   0.3244
  11.500   2.0699   0.01658   0.01124  -0.1882  0.0011  0.5318  -6.2474   0.0000   0.3201
  12.500   2.1243   0.01891   0.01364  -0.1796  0.0010  0.5702  -7.3765   0.0000   0.3116
  13.000   2.1510   0.02033   0.01515  -0.1758  0.0010  0.6229  -7.9656   0.0000   0.3077
  13.500   2.1748   0.02199   0.01687  -0.1718  0.0009  0.6551  -8.5534   0.0000   0.3039
  14.000   2.1960   0.02391   0.01886  -0.1678  0.0009  0.6906  -9.1405   0.0000   0.3002
  14.500   2.2163   0.02612   0.02114  -0.1641  0.0009  0.7210  -9.7374   0.0000   0.2967
  15.000   2.2357   0.02864   0.02375  -0.1608  0.0009  0.7720  -10.3430   0.0000   0.2933
  15.500   2.2537   0.03151   0.02673  -0.1579  0.0008  0.8347  -10.9544   0.0000   0.2902
  16.500   2.2840   0.03839   0.03389  -0.1528  0.0008  1.0000  -12.1761   0.0000   0.2845
  17.000   2.2903   0.04253   0.03809  -0.1498  0.0008  1.0000  -12.7310   0.0000   0.2816
  17.500   2.2946   0.04728   0.04291  -0.1472  0.0007  1.0000  -13.2794   0.0000   0.2790
  18.000   2.2967   0.05254   0.04824  -0.1450  0.0006  1.0000  -13.8180   0.0000   0.2766
  18.500   2.2960   0.05838   0.05415  -0.1432  0.0006  1.0000  -14.3367   0.0000   0.2744
  19.500   2.2129   0.08093   0.07712  -0.1400  0.0014  1.0000  -14.4853   0.0000   0.2723


