XFLR5 v6.02 Beta

 Calculated polar for: WORTMANN FX 63-137

 1 1 Reynolds number fixed          Mach number fixed         

 xtrf =   1.000 (top)        1.000 (bottom)
 Mach =   0.000     Re =    71.500 e 6     Ncrit =   9.000

  alpha     CL        CD       CDp       CM    Top Xtr Bot Xtr   Cpmin    Chinge    XCp    
 ------- -------- --------- --------- -------- ------- ------- -------- --------- ---------
 -22.000  -1.2917   0.04505   0.04177  -0.1598  0.4018  0.0014  -28.7601   0.0000   0.0908
 -21.500  -1.3135   0.03670   0.03332  -0.1664  0.4017  0.0014  -28.7729   0.0000   0.0896
 -21.000  -1.3162   0.03117   0.02772  -0.1705  0.4016  0.0014  -28.4090   0.0000   0.0883
 -20.500  -1.3149   0.02620   0.02270  -0.1742  0.4013  0.0014  -27.9603   0.0000   0.0870
 -20.000  -1.3000   0.02268   0.01913  -0.1764  0.4012  0.0014  -27.2769   0.0000   0.0850
 -19.500  -1.2892   0.01949   0.01590  -0.1772  0.4011  0.0014  -26.6353   0.0000   0.0846
 -19.000  -1.2524   0.01691   0.01328  -0.1812  0.4010  0.0014  -25.6599   0.0000   0.0784
 -18.000  -1.1499   0.01367   0.00982  -0.1894  0.3079  0.0015  -23.3540   0.0000   0.0598
 -17.500  -1.0969   0.01284   0.00895  -0.1907  0.2985  0.0016  -22.1818   0.0000   0.0512
 -17.000  -1.0423   0.01212   0.00819  -0.1919  0.2912  0.0017  -21.0153   0.0000   0.0415
 -16.500  -0.9866   0.01147   0.00751  -0.1931  0.2841  0.0018  -19.8623   0.0000   0.0304
 -16.000  -0.9301   0.01088   0.00690  -0.1942  0.2787  0.0019  -18.7275   0.0000   0.0177
 -15.500  -0.8730   0.01035   0.00633  -0.1952  0.2784  0.0020  -17.6140   0.0000   0.0031
 -15.000  -0.8164   0.00992   0.00582  -0.1960  0.2395  0.0021  -16.5360   0.0000  -0.0132
 -14.500  -0.7584   0.00947   0.00534  -0.1970  0.2218  0.0022  -15.4736   0.0000  -0.0328
 -14.000  -0.6999   0.00906   0.00490  -0.1979  0.2211  0.0023  -14.4366   0.0000  -0.0560
 -13.500  -0.6416   0.00872   0.00450  -0.1988  0.1929  0.0024  -13.5156   0.0000  -0.0832
 -13.000  -0.5827   0.00838   0.00413  -0.1997  0.1855  0.0026  -12.6191   0.0000  -0.1166
 -12.000  -0.4643   0.00778   0.00345  -0.2014  0.1442  0.0030  -10.9019   0.0000  -0.2097
 -11.500  -0.4044   0.00747   0.00312  -0.2024  0.1454  0.0033  -10.0780   0.0000  -0.2781
 -11.000  -0.3446   0.00723   0.00285  -0.2033  0.1416  0.0036  -9.2815   0.0000  -0.3699
 -10.500  -0.2848   0.00702   0.00261  -0.2042  0.1368  0.0039  -8.5104   0.0000  -0.5006
 -10.000  -0.2250   0.00684   0.00241  -0.2050  0.1319  0.0040  -7.7682   0.0000  -0.7008
  -9.500  -0.1651   0.00669   0.00225  -0.2057  0.1268  0.0041  -7.0564   0.0000  -1.0463
  -9.000  -0.1053   0.00656   0.00209  -0.2065  0.1237  0.0041  -6.3745   0.0000  -1.7848
  -8.500  -0.0454   0.00644   0.00196  -0.2072  0.1235  0.0041  -5.7204   0.0000  -4.4721
  -8.000   0.0144   0.00633   0.00184  -0.2080  0.1232  0.0042  -5.0960   0.0000  15.1136
  -7.500   0.0743   0.00624   0.00174  -0.2087  0.1228  0.0042  -4.5014   0.0000   3.1436
  -6.500   0.1931   0.00616   0.00158  -0.2099  0.1011  0.0043  -3.6509   0.0000   1.3643
  -6.000   0.2526   0.00612   0.00152  -0.2105  0.0982  0.0043  -3.2746   0.0000   1.1027
  -5.500   0.3120   0.00609   0.00148  -0.2112  0.0956  0.0044  -2.9135   0.0000   0.9409
  -5.000   0.3714   0.00607   0.00144  -0.2118  0.0927  0.0044  -2.5678   0.0000   0.8308
  -4.500   0.4307   0.00607   0.00142  -0.2123  0.0861  0.0044  -2.2376   0.0000   0.7512
  -4.000   0.4899   0.00607   0.00141  -0.2129  0.0842  0.0045  -1.9229   0.0000   0.6909
  -3.500   0.5489   0.00607   0.00141  -0.2134  0.0841  0.0045  -1.6242   0.0000   0.6436
  -3.000   0.6079   0.00609   0.00142  -0.2140  0.0840  0.0046  -1.3414   0.0000   0.6054
  -2.500   0.6667   0.00612   0.00144  -0.2145  0.0838  0.0046  -1.0740   0.0000   0.5740
  -2.000   0.7236   0.00631   0.00153  -0.2146  0.0473  0.0048  -0.9628   0.0000   0.5479
  -1.500   0.7818   0.00638   0.00158  -0.2150  0.0443  0.0055  -1.0134   0.0000   0.5254
  -1.000   0.8399   0.00646   0.00164  -0.2154  0.0420  0.0064  -1.0658   0.0000   0.5061
  -0.500   0.8979   0.00654   0.00172  -0.2157  0.0398  0.0071  -1.1184   0.0000   0.4891
   0.000   0.9556   0.00663   0.00179  -0.2161  0.0382  0.0076  -1.1714   0.0000   0.4742
   0.500   1.0132   0.00674   0.00189  -0.2164  0.0381  0.0094  -1.2264   0.0000   0.4610
   1.000   1.0707   0.00683   0.00198  -0.2167  0.0390  0.0169  -1.2918   0.0000   0.4491
   1.500   1.1278   0.00695   0.00209  -0.2169  0.0383  0.0171  -1.3675   0.0000   0.4383
   2.000   1.1830   0.00722   0.00229  -0.2168  0.0240  0.0202  -1.4423   0.0000   0.4285
   3.500   1.3487   0.00794   0.00293  -0.2165  0.0013  0.0386  -1.7672   0.0000   0.4037
   4.000   1.4037   0.00816   0.00314  -0.2164  0.0013  0.0412  -1.9144   0.0000   0.3966
   4.500   1.4583   0.00840   0.00336  -0.2163  0.0013  0.0468  -2.0934   0.0000   0.3899
   5.500   1.5664   0.00891   0.00385  -0.2158  0.0013  0.0721  -2.4644   0.0000   0.3778
   6.000   1.6199   0.00918   0.00414  -0.2156  0.0012  0.1041  -2.6563   0.0000   0.3723
   6.500   1.6726   0.00948   0.00442  -0.2151  0.0012  0.1159  -2.8515   0.0000   0.3670
   7.500   1.7764   0.01013   0.00507  -0.2141  0.0012  0.1462  -3.2530   0.0000   0.3572
   8.000   1.8269   0.01050   0.00542  -0.2133  0.0012  0.1459  -3.4581   0.0000   0.3525
   8.500   1.8767   0.01088   0.00579  -0.2124  0.0012  0.1542  -3.6658   0.0000   0.3480
   9.000   1.9261   0.01127   0.00621  -0.2115  0.0012  0.2094  -3.9454   0.0000   0.3437
   9.500   1.9745   0.01169   0.00665  -0.2104  0.0012  0.2490  -4.3360   0.0000   0.3395
  10.000   2.0214   0.01215   0.00713  -0.2091  0.0012  0.2860  -4.9203   0.0000   0.3354
  10.500   2.0667   0.01264   0.00764  -0.2075  0.0011  0.3278  -5.5272   0.0000   0.3314
  11.000   2.1093   0.01319   0.00819  -0.2054  0.0011  0.3376  -6.1477   0.0000   0.3273
  12.000   2.1681   0.01451   0.00955  -0.1959  0.0010  0.3692  -7.2966   0.0000   0.3183
  12.500   2.1970   0.01535   0.01040  -0.1914  0.0010  0.3695  -7.9001   0.0000   0.3141
  13.000   2.2246   0.01633   0.01140  -0.1870  0.0009  0.3948  -8.5158   0.0000   0.3099
  14.000   2.2439   0.02073   0.01605  -0.1735  0.0017  0.4619  -9.4725   0.0000   0.3010
  14.500   2.2588   0.02277   0.01814  -0.1684  0.0018  0.4670  -10.0420   0.0000   0.2971
  15.000   2.2780   0.02492   0.02034  -0.1644  0.0023  0.4994  -10.6874   0.0000   0.2936
  15.500   2.2937   0.02752   0.02301  -0.1605  0.0027  0.5316  -11.2886   0.0000   0.2902
  16.000   2.3065   0.03054   0.02609  -0.1567  0.0031  0.5588  -11.8774   0.0000   0.2869
  16.500   2.3167   0.03396   0.02958  -0.1531  0.0035  0.5789  -12.4558   0.0000   0.2837
  17.000   2.3246   0.03784   0.03355  -0.1499  0.0039  0.6169  -13.0263   0.0000   0.2808
  17.500   2.3278   0.04218   0.03797  -0.1467  0.0043  0.6301  -13.5643   0.0000   0.2780
  18.000   2.3303   0.04712   0.04299  -0.1441  0.0045  0.6566  -14.1048   0.0000   0.2755
  18.500   2.3309   0.05261   0.04857  -0.1420  0.0046  0.6883  -14.6381   0.0000   0.2731
  19.000   2.3270   0.05882   0.05487  -0.1403  0.0046  0.7129  -15.1370   0.0000   0.2710
  19.500   2.3342   0.06383   0.05997  -0.1391  0.0047  0.7497  -15.7517   0.0000   0.2689
  20.000   2.3252   0.07111   0.06737  -0.1383  0.0047  0.7860  -16.2109   0.0000   0.2672
  20.500   2.3125   0.07897   0.07534  -0.1381  0.0047  0.8196  -16.6345   0.0000   0.2659
  21.000   2.2945   0.08749   0.08399  -0.1383  0.0047  0.8408  -17.0026   0.0000   0.2648


