XFLR5 v6.02 Beta

 Calculated polar for: WORTMANN FX 63-137

 1 1 Reynolds number fixed          Mach number fixed         

 xtrf =   1.000 (top)        1.000 (bottom)
 Mach =   0.000     Re =    36.000 e 6     Ncrit =   9.000

  alpha     CL        CD       CDp       CM    Top Xtr Bot Xtr   Cpmin    Chinge    XCp    
 ------- -------- --------- --------- -------- ------- ------- -------- --------- ---------
 -21.500  -1.1570   0.05644   0.05333  -0.1484  0.5333  0.0019  -25.7941   0.0000   0.0857
 -21.000  -1.1974   0.04517   0.04192  -0.1574  0.5319  0.0020  -26.2182   0.0000   0.0847
 -20.000  -1.2208   0.03121   0.02771  -0.1683  0.4982  0.0020  -25.8917   0.0000   0.0816
 -19.500  -1.2184   0.02620   0.02262  -0.1721  0.4930  0.0021  -25.4545   0.0000   0.0798
 -19.000  -1.2045   0.02252   0.01887  -0.1745  0.4868  0.0021  -24.8210   0.0000   0.0774
 -18.500  -1.1889   0.01934   0.01563  -0.1762  0.4801  0.0022  -24.1526   0.0000   0.0754
 -18.000  -1.1474   0.01664   0.01287  -0.1814  0.4691  0.0023  -23.1717   0.0000   0.0664
 -17.500  -1.0953   0.01472   0.01076  -0.1868  0.4015  0.0024  -22.0669   0.0000   0.0546
 -17.000  -1.0437   0.01370   0.00965  -0.1885  0.3689  0.0025  -20.9515   0.0000   0.0451
 -16.500  -0.9898   0.01282   0.00871  -0.1900  0.3595  0.0026  -19.8299   0.0000   0.0342
 -16.000  -0.9345   0.01204   0.00789  -0.1913  0.3501  0.0028  -18.7160   0.0000   0.0218
 -15.500  -0.8780   0.01134   0.00715  -0.1926  0.3435  0.0029  -17.6157   0.0000   0.0074
 -15.000  -0.8207   0.01072   0.00649  -0.1938  0.3387  0.0031  -16.5341   0.0000  -0.0092
 -14.500  -0.7643   0.01026   0.00592  -0.1947  0.2976  0.0033  -15.4902   0.0000  -0.0277
 -14.000  -0.7063   0.00979   0.00540  -0.1957  0.2773  0.0035  -14.4582   0.0000  -0.0501
 -13.500  -0.6487   0.00944   0.00495  -0.1965  0.2413  0.0036  -13.5317   0.0000  -0.0762
 -13.000  -0.5899   0.00907   0.00455  -0.1975  0.2323  0.0037  -12.6299   0.0000  -0.1085
 -12.500  -0.5307   0.00873   0.00418  -0.1984  0.2221  0.0038  -11.7526   0.0000  -0.1483
 -12.000  -0.4724   0.00850   0.00385  -0.1991  0.1785  0.0038  -10.9101   0.0000  -0.1970
 -11.500  -0.4128   0.00822   0.00354  -0.2000  0.1803  0.0039  -10.0819   0.0000  -0.2615
 -11.000  -0.3532   0.00798   0.00327  -0.2009  0.1727  0.0039  -9.2856   0.0000  -0.3481
 -10.500  -0.2935   0.00775   0.00302  -0.2018  0.1700  0.0040  -8.5172   0.0000  -0.4703
 -10.000  -0.2336   0.00755   0.00279  -0.2026  0.1694  0.0040  -7.7775   0.0000  -0.6555
  -9.500  -0.1737   0.00737   0.00259  -0.2035  0.1687  0.0041  -7.0678   0.0000  -0.9687
  -9.000  -0.1146   0.00726   0.00241  -0.2041  0.1400  0.0041  -6.3943   0.0000  -1.5975
  -8.500  -0.0549   0.00713   0.00225  -0.2049  0.1346  0.0041  -5.7422   0.0000  -3.6141
  -8.000   0.0050   0.00701   0.00211  -0.2056  0.1296  0.0042  -5.1191   0.0000  42.9695
  -7.500   0.0648   0.00690   0.00198  -0.2064  0.1247  0.0042  -4.5254   0.0000   3.5300
  -7.000   0.1246   0.00681   0.00187  -0.2071  0.1239  0.0043  -4.0510   0.0000   1.9580
  -6.500   0.1843   0.00674   0.00178  -0.2078  0.1237  0.0043  -3.6603   0.0000   1.4059
  -6.000   0.2440   0.00667   0.00170  -0.2085  0.1233  0.0043  -3.2848   0.0000   1.1242
  -5.500   0.3036   0.00663   0.00164  -0.2092  0.1229  0.0044  -2.9245   0.0000   0.9534
  -5.000   0.3631   0.00659   0.00160  -0.2098  0.1223  0.0044  -2.5781   0.0000   0.8388
  -4.500   0.4216   0.00664   0.00158  -0.2103  0.1018  0.0045  -2.2520   0.0000   0.7570
  -4.000   0.4804   0.00667   0.00157  -0.2108  0.0964  0.0045  -1.9393   0.0000   0.6951
  -3.500   0.5393   0.00669   0.00158  -0.2113  0.0886  0.0046  -1.6415   0.0000   0.6465
  -3.000   0.5982   0.00671   0.00159  -0.2118  0.0857  0.0053  -1.3590   0.0000   0.6076
  -2.500   0.6569   0.00674   0.00160  -0.2123  0.0842  0.0050  -1.0910   0.0000   0.5755
  -2.000   0.7155   0.00678   0.00164  -0.2128  0.0840  0.0061  -0.9580   0.0000   0.5488
  -1.500   0.7738   0.00684   0.00168  -0.2132  0.0828  0.0075  -1.0082   0.0000   0.5260
  -1.000   0.8305   0.00704   0.00180  -0.2133  0.0599  0.0087  -1.0593   0.0000   0.5065
  -0.500   0.8882   0.00714   0.00188  -0.2136  0.0513  0.0097  -1.1117   0.0000   0.4894
   0.000   0.9458   0.00724   0.00197  -0.2140  0.0489  0.0150  -1.1644   0.0000   0.4744
   0.500   1.0029   0.00738   0.00209  -0.2142  0.0460  0.0158  -1.2184   0.0000   0.4610
   1.000   1.0603   0.00747   0.00218  -0.2145  0.0484  0.0170  -1.2828   0.0000   0.4490
   1.500   1.1170   0.00762   0.00231  -0.2147  0.0469  0.0172  -1.3580   0.0000   0.4382
   2.000   1.1734   0.00778   0.00246  -0.2148  0.0448  0.0201  -1.4339   0.0000   0.4283
   2.500   1.2256   0.00829   0.00286  -0.2141  0.0027  0.0374  -1.5203   0.0000   0.4192
   3.000   1.2809   0.00851   0.00306  -0.2140  0.0020  0.0381  -1.6334   0.0000   0.4109
   3.500   1.3359   0.00874   0.00327  -0.2139  0.0016  0.0436  -1.7507   0.0000   0.4032
   4.000   1.3904   0.00899   0.00350  -0.2137  0.0019  0.0470  -1.8916   0.0000   0.3961
   4.500   1.4448   0.00924   0.00376  -0.2136  0.0015  0.0657  -2.0692   0.0000   0.3894
   5.000   1.4983   0.00952   0.00402  -0.2132  0.0013  0.0674  -2.2507   0.0000   0.3832
   5.500   1.5515   0.00981   0.00431  -0.2129  0.0013  0.0841  -2.4363   0.0000   0.3773
   6.500   1.6566   0.01045   0.00497  -0.2120  0.0012  0.1521  -2.8194   0.0000   0.3664
   7.000   1.7079   0.01080   0.00533  -0.2113  0.0012  0.1728  -3.0158   0.0000   0.3613
   7.500   1.7585   0.01118   0.00571  -0.2106  0.0012  0.1954  -3.2154   0.0000   0.3565
   8.000   1.8076   0.01159   0.00611  -0.2096  0.0012  0.1948  -3.4167   0.0000   0.3517
   8.500   1.8570   0.01200   0.00657  -0.2087  0.0012  0.2621  -3.6224   0.0000   0.3473
   9.000   1.9050   0.01245   0.00705  -0.2075  0.0012  0.3074  -3.8840   0.0000   0.3429
   9.500   1.9504   0.01295   0.00756  -0.2059  0.0011  0.3233  -4.1980   0.0000   0.3386
  10.000   1.9970   0.01344   0.00817  -0.2046  0.0011  0.4333  -4.7719   0.0000   0.3345
  10.500   2.0326   0.01404   0.00878  -0.2011  0.0011  0.4430  -5.3139   0.0000   0.3300
  11.000   2.0626   0.01473   0.00948  -0.1965  0.0011  0.4583  -5.8461   0.0000   0.3253
  11.500   2.0927   0.01553   0.01031  -0.1921  0.0010  0.4683  -6.4041   0.0000   0.3209
  12.000   2.1222   0.01647   0.01126  -0.1878  0.0010  0.4723  -6.9777   0.0000   0.3166
  12.500   2.1496   0.01755   0.01240  -0.1835  0.0010  0.5107  -7.5591   0.0000   0.3124
  13.000   2.1764   0.01881   0.01370  -0.1794  0.0010  0.5324  -8.1557   0.0000   0.3084
  13.500   2.2018   0.02026   0.01520  -0.1754  0.0009  0.5637  -8.7624   0.0000   0.3045
  14.000   2.2249   0.02193   0.01693  -0.1713  0.0009  0.6066  -9.3708   0.0000   0.3007
  14.500   2.2463   0.02386   0.01893  -0.1674  0.0009  0.6477  -9.9829   0.0000   0.2971
  15.000   2.2665   0.02609   0.02124  -0.1638  0.0009  0.6877  -10.6040   0.0000   0.2937
  15.500   2.2833   0.02870   0.02391  -0.1602  0.0008  0.7131  -11.2142   0.0000   0.2903
  16.000   2.2998   0.03158   0.02687  -0.1570  0.0008  0.7497  -11.8373   0.0000   0.2872
  16.500   2.3138   0.03492   0.03030  -0.1541  0.0007  0.8063  -12.4552   0.0000   0.2842
  17.500   2.2714   0.05007   0.04600  -0.1460  0.0015  1.0000  -13.0082   0.0000   0.2791
  18.000   2.2752   0.05531   0.05132  -0.1442  0.0020  1.0000  -13.5933   0.0000   0.2768
  18.500   2.2716   0.06164   0.05774  -0.1425  0.0023  1.0000  -14.0781   0.0000   0.2748
  19.000   2.2644   0.06860   0.06479  -0.1413  0.0026  1.0000  -14.5306   0.0000   0.2730


