XFLR5 v6.02 Beta

 Calculated polar for: WORTMANN FX 63-137

 1 1 Reynolds number fixed          Mach number fixed         

 xtrf =   1.000 (top)        1.000 (bottom)
 Mach =   0.000     Re =    24.250 e 6     Ncrit =   9.000

  alpha     CL        CD       CDp       CM    Top Xtr Bot Xtr   Cpmin    Chinge    XCp    
 ------- -------- --------- --------- -------- ------- ------- -------- --------- ---------
 -21.500  -0.9964   0.07933   0.07653  -0.1294  0.6046  0.0026  -22.5603   0.0000   0.0814
 -21.000  -1.1256   0.05496   0.05201  -0.1478  0.6596  0.0026  -24.8168   0.0000   0.0837
 -20.500  -1.1623   0.04391   0.04082  -0.1568  0.6581  0.0026  -25.1792   0.0000   0.0821
 -20.000  -1.1800   0.03578   0.03250  -0.1637  0.6275  0.0026  -25.1503   0.0000   0.0801
 -19.500  -1.1856   0.02963   0.02621  -0.1688  0.5993  0.0027  -24.8757   0.0000   0.0781
 -18.500  -1.1639   0.02152   0.01792  -0.1743  0.5766  0.0028  -23.7356   0.0000   0.0734
 -18.000  -1.1398   0.01852   0.01483  -0.1772  0.5583  0.0029  -22.9776   0.0000   0.0688
 -17.500  -1.0935   0.01598   0.01219  -0.1829  0.5405  0.0030  -21.9594   0.0000   0.0578
 -17.000  -1.0421   0.01448   0.01048  -0.1868  0.4659  0.0031  -20.8721   0.0000   0.0464
 -16.500  -0.9901   0.01355   0.00944  -0.1883  0.4301  0.0033  -19.7745   0.0000   0.0360
 -16.000  -0.9357   0.01275   0.00856  -0.1897  0.4173  0.0034  -18.6708   0.0000   0.0238
 -15.500  -0.8798   0.01204   0.00781  -0.1910  0.4077  0.0035  -17.5749   0.0000   0.0097
 -15.000  -0.8229   0.01141   0.00713  -0.1922  0.4015  0.0036  -16.4965   0.0000  -0.0066
 -14.500  -0.7653   0.01085   0.00654  -0.1934  0.4004  0.0036  -15.4399   0.0000  -0.0256
 -14.000  -0.7097   0.01048   0.00601  -0.1940  0.3372  0.0037  -14.4326   0.0000  -0.0463
 -13.500  -0.6530   0.01013   0.00553  -0.1948  0.2853  0.0037  -13.4811   0.0000  -0.0713
 -13.000  -0.5943   0.00972   0.00507  -0.1958  0.2782  0.0038  -12.5815   0.0000  -0.1029
 -12.500  -0.5352   0.00934   0.00466  -0.1968  0.2770  0.0038  -11.7061   0.0000  -0.1419
 -12.000  -0.4774   0.00909   0.00430  -0.1975  0.2313  0.0039  -10.8678   0.0000  -0.1888
 -11.500  -0.4178   0.00877   0.00395  -0.1984  0.2383  0.0039  -10.0329   0.0000  -0.2517
 -10.500  -0.3138   0.01350   0.00941  -0.1920  0.1905  0.0040  -8.1733   0.0000  -0.3916
  -9.500  -0.1801   0.00789   0.00286  -0.2018  0.1734  0.0041  -7.0327   0.0000  -0.9164
  -9.000  -0.1201   0.00769   0.00264  -0.2027  0.1693  0.0041  -6.3657   0.0000  -1.5014
  -8.500  -0.0601   0.00753   0.00245  -0.2035  0.1684  0.0041  -5.7170   0.0000  -3.2526
  -8.000  -0.0009   0.00744   0.00229  -0.2042  0.1452  0.0042  -5.1031   0.0000  -244.3983
  -7.500   0.0588   0.00733   0.00215  -0.2049  0.1398  0.0042  -4.5164   0.0000   3.8393
  -7.000   0.1185   0.00723   0.00202  -0.2057  0.1359  0.0043  -4.0431   0.0000   2.0331
  -6.500   0.1783   0.00715   0.00192  -0.2064  0.1314  0.0043  -3.6572   0.0000   1.4371
  -6.000   0.2380   0.00708   0.00183  -0.2071  0.1262  0.0043  -3.2857   0.0000   1.1405
  -5.500   0.2976   0.00702   0.00176  -0.2078  0.1239  0.0044  -2.9265   0.0000   0.9630
  -5.000   0.3571   0.00698   0.00171  -0.2084  0.1235  0.0044  -2.5819   0.0000   0.8448
  -4.500   0.4164   0.00696   0.00167  -0.2091  0.1231  0.0045  -2.2562   0.0000   0.7604
  -4.000   0.4757   0.00694   0.00165  -0.2097  0.1225  0.0045  -1.9440   0.0000   0.6972
  -3.500   0.5334   0.00707   0.00168  -0.2100  0.0968  0.0046  -1.6507   0.0000   0.6485
  -3.000   0.5921   0.00710   0.00169  -0.2105  0.0927  0.0063  -1.3690   0.0000   0.6089
  -2.500   0.6507   0.00713   0.00171  -0.2109  0.0894  0.0070  -1.1009   0.0000   0.5765
  -2.000   0.7092   0.00718   0.00174  -0.2114  0.0845  0.0075  -0.9540   0.0000   0.5495
  -1.500   0.7676   0.00723   0.00179  -0.2119  0.0841  0.0090  -1.0040   0.0000   0.5265
  -1.000   0.8259   0.00729   0.00184  -0.2123  0.0832  0.0147  -1.0563   0.0000   0.5067
  -0.500   0.8837   0.00738   0.00192  -0.2127  0.0823  0.0153  -1.1088   0.0000   0.4895
   0.000   0.9397   0.00761   0.00208  -0.2127  0.0624  0.0156  -1.1601   0.0000   0.4744
   0.500   0.9966   0.00776   0.00220  -0.2128  0.0524  0.0160  -1.2136   0.0000   0.4610
   1.000   1.0538   0.00787   0.00230  -0.2131  0.0586  0.0171  -1.2772   0.0000   0.4489
   1.500   1.1106   0.00801   0.00243  -0.2133  0.0566  0.0174  -1.3524   0.0000   0.4381
   2.000   1.1669   0.00816   0.00257  -0.2134  0.0514  0.0221  -1.4282   0.0000   0.4282
   2.500   1.2180   0.00877   0.00304  -0.2125  0.0039  0.0376  -1.5124   0.0000   0.4190
   3.000   1.2730   0.00901   0.00326  -0.2124  0.0029  0.0384  -1.6234   0.0000   0.4107
   3.500   1.3276   0.00925   0.00349  -0.2122  0.0024  0.0473  -1.7400   0.0000   0.4030
   4.000   1.3820   0.00951   0.00374  -0.2120  0.0028  0.0512  -1.8770   0.0000   0.3958
   4.500   1.4359   0.00979   0.00401  -0.2118  0.0022  0.0667  -2.0535   0.0000   0.3891
   5.000   1.4890   0.01009   0.00430  -0.2114  0.0016  0.0758  -2.2336   0.0000   0.3828
   5.500   1.5420   0.01039   0.00462  -0.2110  0.0013  0.1031  -2.4182   0.0000   0.3769
   6.000   1.5947   0.01070   0.00497  -0.2106  0.0013  0.1617  -2.6071   0.0000   0.3713
   6.500   1.6466   0.01105   0.00534  -0.2101  0.0012  0.1950  -2.7992   0.0000   0.3660
   7.000   1.6972   0.01143   0.00572  -0.2093  0.0012  0.2162  -2.9937   0.0000   0.3609
   7.500   1.7473   0.01183   0.00615  -0.2085  0.0012  0.2504  -3.1917   0.0000   0.3560
   8.000   1.7954   0.01228   0.00659  -0.2072  0.0012  0.2488  -3.3903   0.0000   0.3513
   8.500   1.8456   0.01268   0.00711  -0.2066  0.0012  0.3684  -3.5967   0.0000   0.3469
   9.000   1.8910   0.01320   0.00763  -0.2049  0.0012  0.3770  -3.8432   0.0000   0.3424
   9.500   1.9351   0.01375   0.00820  -0.2031  0.0011  0.4029  -4.1147   0.0000   0.3380
  10.000   1.9744   0.01431   0.00888  -0.2004  0.0011  0.4976  -4.6384   0.0000   0.3336
  10.500   2.0046   0.01501   0.00958  -0.1958  0.0011  0.4995  -5.1423   0.0000   0.3288
  11.000   2.0351   0.01583   0.01042  -0.1915  0.0011  0.5106  -5.6689   0.0000   0.3242
  11.500   2.0661   0.01675   0.01139  -0.1875  0.0011  0.5376  -6.2210   0.0000   0.3199
  12.000   2.0937   0.01785   0.01253  -0.1832  0.0010  0.5635  -6.7789   0.0000   0.3156
  12.500   2.1205   0.01912   0.01385  -0.1790  0.0010  0.5854  -7.3494   0.0000   0.3115
  13.000   2.1470   0.02057   0.01537  -0.1752  0.0010  0.6285  -7.9360   0.0000   0.3076
  13.500   2.1707   0.02225   0.01712  -0.1713  0.0009  0.6667  -8.5219   0.0000   0.3038
  14.000   2.1919   0.02420   0.01913  -0.1673  0.0009  0.6976  -9.1076   0.0000   0.3001
  14.500   2.2127   0.02645   0.02146  -0.1638  0.0009  0.7434  -9.7072   0.0000   0.2966
  15.000   2.2308   0.02907   0.02417  -0.1604  0.0009  0.7876  -10.3012   0.0000   0.2933
  15.500   2.2513   0.03192   0.02717  -0.1579  0.0008  0.8804  -10.9323   0.0000   0.2903
  16.500   2.2788   0.03884   0.03432  -0.1524  0.0008  1.0000  -12.1283   0.0000   0.2844
  17.000   2.2851   0.04303   0.03857  -0.1494  0.0008  1.0000  -12.6814   0.0000   0.2816
  17.500   2.2895   0.04780   0.04342  -0.1469  0.0007  1.0000  -13.2291   0.0000   0.2790
  18.000   2.2914   0.05312   0.04881  -0.1447  0.0007  1.0000  -13.7637   0.0000   0.2766
  18.500   2.2898   0.05909   0.05485  -0.1430  0.0006  1.0000  -14.2740   0.0000   0.2745


