XFLR5 v6.02 Beta

 Calculated polar for: WORTMANN FX 63-137

 1 1 Reynolds number fixed          Mach number fixed         

 xtrf =   1.000 (top)        1.000 (bottom)
 Mach =   0.000     Re =    44.000 e 6     Ncrit =   9.000

  alpha     CL        CD       CDp       CM    Top Xtr Bot Xtr   Cpmin    Chinge    XCp    
 ------- -------- --------- --------- -------- ------- ------- -------- --------- ---------
 -24.000  -0.4534   0.22656   0.22423  -0.0443  0.3382  0.0014  -6.6491   0.0000   0.1027
 -21.500  -1.2061   0.04993   0.04669  -0.1543  0.4859  0.0017  -26.7475   0.0000   0.0868
 -21.000  -1.2350   0.04045   0.03709  -0.1619  0.4761  0.0017  -26.9236   0.0000   0.0856
 -20.500  -1.2494   0.03326   0.02979  -0.1676  0.4669  0.0017  -26.7962   0.0000   0.0843
 -20.000  -1.2455   0.02847   0.02495  -0.1710  0.4661  0.0018  -26.3282   0.0000   0.0826
 -19.500  -1.2381   0.02402   0.02043  -0.1743  0.4658  0.0018  -25.7961   0.0000   0.0806
 -19.000  -1.2216   0.02079   0.01716  -0.1759  0.4657  0.0019  -25.1040   0.0000   0.0786
 -18.500  -1.1953   0.01793   0.01425  -0.1788  0.4655  0.0019  -24.2932   0.0000   0.0740
 -18.000  -1.1486   0.01558   0.01175  -0.1844  0.4211  0.0020  -23.2406   0.0000   0.0639
 -17.500  -1.0966   0.01422   0.01024  -0.1878  0.3515  0.0021  -22.1122   0.0000   0.0539
 -17.000  -1.0434   0.01327   0.00925  -0.1895  0.3413  0.0022  -20.9711   0.0000   0.0441
 -16.500  -0.9886   0.01245   0.00839  -0.1909  0.3385  0.0023  -19.8361   0.0000   0.0330
 -16.000  -0.9328   0.01172   0.00763  -0.1922  0.3378  0.0025  -18.7146   0.0000   0.0204
 -15.500  -0.8761   0.01106   0.00693  -0.1934  0.3376  0.0026  -17.6107   0.0000   0.0060
 -15.000  -0.8194   0.01050   0.00632  -0.1945  0.3170  0.0028  -16.5361   0.0000  -0.0104
 -14.000  -0.7050   0.00960   0.00525  -0.1963  0.2425  0.0031  -14.4618   0.0000  -0.0515
 -13.500  -0.6465   0.00920   0.00480  -0.1972  0.2243  0.0032  -13.5373   0.0000  -0.0784
 -13.000  -0.5874   0.00880   0.00438  -0.1983  0.2217  0.0034  -12.6358   0.0000  -0.1113
 -12.500  -0.5287   0.00850   0.00400  -0.1991  0.1930  0.0036  -11.7628   0.0000  -0.1511
 -12.000  -0.4696   0.00822   0.00367  -0.2000  0.1700  0.0038  -10.9122   0.0000  -0.2014
 -11.500  -0.4100   0.00795   0.00337  -0.2009  0.1701  0.0039  -10.0834   0.0000  -0.2671
 -11.000  -0.3503   0.00771   0.00312  -0.2017  0.1697  0.0039  -9.2861   0.0000  -0.3554
 -10.500  -0.2905   0.00750   0.00288  -0.2026  0.1691  0.0040  -8.5170   0.0000  -0.4803
  -9.500  -0.1715   0.00718   0.00248  -0.2041  0.1428  0.0041  -7.0707   0.0000  -0.9885
  -9.000  -0.1118   0.00705   0.00231  -0.2048  0.1326  0.0041  -6.3918   0.0000  -1.6506
  -8.500  -0.0520   0.00692   0.00216  -0.2056  0.1274  0.0041  -5.7384   0.0000  -3.8433
  -8.000   0.0079   0.00680   0.00202  -0.2064  0.1240  0.0042  -5.1145   0.0000  27.2928
  -7.500   0.0677   0.00670   0.00190  -0.2071  0.1237  0.0042  -4.5201   0.0000   3.3997
  -7.000   0.1275   0.00661   0.00180  -0.2078  0.1235  0.0043  -4.0492   0.0000   1.9246
  -6.500   0.1872   0.00654   0.00171  -0.2085  0.1233  0.0043  -3.6577   0.0000   1.3917
  -6.000   0.2469   0.00648   0.00164  -0.2092  0.1228  0.0043  -3.2816   0.0000   1.1168
  -5.500   0.3065   0.00644   0.00159  -0.2098  0.1224  0.0044  -2.9208   0.0000   0.9491
  -5.000   0.3651   0.00648   0.00156  -0.2103  0.1010  0.0044  -2.5774   0.0000   0.8368
  -4.500   0.4243   0.00647   0.00153  -0.2109  0.0981  0.0045  -2.2483   0.0000   0.7553
  -4.000   0.4832   0.00649   0.00152  -0.2114  0.0898  0.0045  -1.9348   0.0000   0.6938
  -3.500   0.5423   0.00650   0.00153  -0.2119  0.0855  0.0046  -1.6364   0.0000   0.6456
  -3.000   0.6012   0.00652   0.00153  -0.2125  0.0843  0.0050  -1.3537   0.0000   0.6069
  -2.500   0.6599   0.00655   0.00155  -0.2130  0.0841  0.0047  -1.0859   0.0000   0.5751
  -2.000   0.7185   0.00659   0.00159  -0.2134  0.0837  0.0056  -0.9599   0.0000   0.5484
  -1.500   0.7753   0.00678   0.00169  -0.2136  0.0569  0.0068  -1.0091   0.0000   0.5259
  -1.000   0.8334   0.00686   0.00175  -0.2139  0.0508  0.0079  -1.0613   0.0000   0.5064
  -0.500   0.8910   0.00697   0.00184  -0.2142  0.0479  0.0088  -1.1137   0.0000   0.4893
   0.000   0.9485   0.00708   0.00193  -0.2145  0.0452  0.0095  -1.1663   0.0000   0.4743
   0.500   1.0060   0.00719   0.00203  -0.2148  0.0427  0.0157  -1.2208   0.0000   0.4610
   1.000   1.0633   0.00729   0.00213  -0.2151  0.0453  0.0170  -1.2853   0.0000   0.4490
   1.500   1.1202   0.00743   0.00225  -0.2153  0.0440  0.0172  -1.3608   0.0000   0.4382
   2.000   1.1767   0.00757   0.00239  -0.2155  0.0422  0.0194  -1.4369   0.0000   0.4284
   2.500   1.2293   0.00806   0.00277  -0.2148  0.0023  0.0373  -1.5242   0.0000   0.4193
   3.500   1.3398   0.00849   0.00316  -0.2147  0.0014  0.0418  -1.7558   0.0000   0.4034
   4.000   1.3945   0.00873   0.00339  -0.2146  0.0016  0.0451  -1.8986   0.0000   0.3962
   4.500   1.4488   0.00898   0.00363  -0.2144  0.0013  0.0518  -2.0765   0.0000   0.3896
   5.000   1.5028   0.00925   0.00389  -0.2141  0.0013  0.0670  -2.2588   0.0000   0.3833
   5.500   1.5561   0.00954   0.00417  -0.2138  0.0013  0.0801  -2.4449   0.0000   0.3774
   6.000   1.6092   0.00983   0.00448  -0.2134  0.0012  0.1208  -2.6355   0.0000   0.3719
   6.500   1.6617   0.01014   0.00480  -0.2130  0.0012  0.1460  -2.8295   0.0000   0.3666
   7.000   1.7130   0.01050   0.00514  -0.2123  0.0012  0.1570  -3.0264   0.0000   0.3615
   7.500   1.7638   0.01086   0.00551  -0.2116  0.0012  0.1718  -3.2267   0.0000   0.3567
   8.000   1.8134   0.01126   0.00589  -0.2106  0.0012  0.1676  -3.4291   0.0000   0.3520
   8.500   1.8628   0.01166   0.00632  -0.2097  0.0012  0.2172  -3.6354   0.0000   0.3475
   9.000   1.9112   0.01210   0.00678  -0.2086  0.0012  0.2655  -3.9021   0.0000   0.3431
  10.500   2.0471   0.01361   0.00842  -0.2039  0.0011  0.4047  -5.4023   0.0000   0.3306
  11.500   2.1057   0.01498   0.00983  -0.1944  0.0011  0.4341  -6.4907   0.0000   0.3214
  12.000   2.1354   0.01585   0.01071  -0.1901  0.0010  0.4345  -7.0697   0.0000   0.3171
  12.500   2.1641   0.01684   0.01174  -0.1859  0.0010  0.4671  -7.6633   0.0000   0.3129
  13.000   2.1921   0.01799   0.01294  -0.1818  0.0010  0.5077  -8.2725   0.0000   0.3089
  13.500   2.2178   0.01932   0.01430  -0.1776  0.0009  0.5210  -8.8855   0.0000   0.3049
  14.000   2.2410   0.02091   0.01595  -0.1734  0.0009  0.5517  -9.4988   0.0000   0.3011
  14.500   2.2614   0.02277   0.01788  -0.1692  0.0009  0.5970  -10.1079   0.0000   0.2974
  15.000   2.2808   0.02492   0.02009  -0.1653  0.0008  0.6294  -10.7271   0.0000   0.2939
  15.500   2.2984   0.02740   0.02264  -0.1616  0.0008  0.6606  -11.3485   0.0000   0.2905
  16.500   2.2732   0.03829   0.03387  -0.1503  0.0016  0.7118  -12.0314   0.0000   0.2838
  17.000   2.2757   0.04290   0.03857  -0.1472  0.0019  0.7475  -12.5792   0.0000   0.2810
  17.500   2.2849   0.04740   0.04319  -0.1453  0.0022  0.8008  -13.1776   0.0000   0.2785
  18.000   2.2887   0.05307   0.04902  -0.1439  0.0028  0.8857  -13.7233   0.0000   0.2764
  19.500   2.2846   0.07216   0.06846  -0.1408  0.0037  1.0000  -15.2561   0.0000   0.2707


