XFLR5 v6.02 Beta

 Calculated polar for: WORTMANN FX 63-137

 1 1 Reynolds number fixed          Mach number fixed         

 xtrf =   1.000 (top)        1.000 (bottom)
 Mach =   0.000     Re =    28.750 e 6     Ncrit =   9.000

  alpha     CL        CD       CDp       CM    Top Xtr Bot Xtr   Cpmin    Chinge    XCp    
 ------- -------- --------- --------- -------- ------- ------- -------- --------- ---------
 -21.500  -1.0811   0.06709   0.06417  -0.1391  0.5955  0.0023  -24.2828   0.0000   0.0840
 -21.000  -1.1572   0.05041   0.04731  -0.1523  0.5993  0.0023  -25.4464   0.0000   0.0838
 -20.500  -1.1860   0.04065   0.03741  -0.1603  0.5956  0.0023  -25.6384   0.0000   0.0823
 -20.000  -1.2001   0.03339   0.03001  -0.1663  0.5657  0.0023  -25.5196   0.0000   0.0806
 -19.500  -1.1973   0.02850   0.02498  -0.1698  0.5428  0.0024  -25.0845   0.0000   0.0788
 -19.000  -1.1897   0.02398   0.02038  -0.1732  0.5345  0.0025  -24.5672   0.0000   0.0765
 -18.500  -1.1779   0.02059   0.01694  -0.1745  0.5319  0.0025  -23.9547   0.0000   0.0752
 -17.500  -1.0941   0.01529   0.01141  -0.1852  0.4765  0.0027  -22.0144   0.0000   0.0558
 -17.000  -1.0439   0.01414   0.01008  -0.1874  0.4082  0.0029  -20.9239   0.0000   0.0461
 -16.500  -0.9899   0.01316   0.00906  -0.1892  0.4015  0.0030  -19.8042   0.0000   0.0350
 -16.000  -0.9346   0.01233   0.00819  -0.1907  0.4006  0.0032  -18.6910   0.0000   0.0225
 -15.500  -0.8782   0.01161   0.00743  -0.1920  0.4003  0.0033  -17.5908   0.0000   0.0082
 -15.000  -0.8225   0.01107   0.00679  -0.1930  0.3660  0.0035  -16.5237   0.0000  -0.0076
 -14.500  -0.7653   0.01056   0.00622  -0.1940  0.3506  0.0036  -15.4709   0.0000  -0.0263
 -14.000  -0.7091   0.01019   0.00571  -0.1947  0.2869  0.0036  -14.4568   0.0000  -0.0474
 -12.500  -0.5336   0.00908   0.00443  -0.1974  0.2436  0.0038  -11.7376   0.0000  -0.1442
 -12.000  -0.4747   0.00879   0.00408  -0.1983  0.2205  0.0038  -10.8909   0.0000  -0.1930
 -11.500  -0.4152   0.00849   0.00376  -0.1992  0.2209  0.0039  -10.0615   0.0000  -0.2567
 -11.000  -0.3566   0.00830   0.00347  -0.2000  0.1867  0.0040  -9.2734   0.0000  -0.3398
 -10.500  -0.2969   0.00806   0.00320  -0.2008  0.1793  0.0040  -8.5063   0.0000  -0.4586
 -10.000  -0.2371   0.00785   0.00296  -0.2017  0.1712  0.0040  -7.7676   0.0000  -0.6381
  -9.500  -0.1772   0.00765   0.00273  -0.2025  0.1697  0.0041  -7.0597   0.0000  -0.9396
  -9.000  -0.1173   0.00747   0.00253  -0.2034  0.1685  0.0041  -6.3845   0.0000  -1.5497
  -8.500  -0.0581   0.00737   0.00236  -0.2041  0.1434  0.0041  -5.7379   0.0000  -3.3871
  -8.000   0.0016   0.00725   0.00221  -0.2048  0.1381  0.0042  -5.1176   0.0000  130.6362
  -7.500   0.0614   0.00714   0.00207  -0.2056  0.1329  0.0042  -4.5262   0.0000   3.6977
  -7.000   0.1212   0.00705   0.00195  -0.2063  0.1294  0.0043  -4.0499   0.0000   1.9991
  -6.500   0.1809   0.00697   0.00186  -0.2070  0.1249  0.0043  -3.6609   0.0000   1.4231
  -6.000   0.2406   0.00690   0.00177  -0.2077  0.1238  0.0043  -3.2867   0.0000   1.1332
  -5.500   0.3002   0.00685   0.00171  -0.2084  0.1235  0.0044  -2.9272   0.0000   0.9587
  -5.000   0.3597   0.00681   0.00166  -0.2090  0.1231  0.0044  -2.5811   0.0000   0.8421
  -4.500   0.4191   0.00679   0.00162  -0.2097  0.1224  0.0045  -2.2536   0.0000   0.7587
  -4.000   0.4775   0.00685   0.00163  -0.2101  0.1032  0.0045  -1.9431   0.0000   0.6964
  -3.500   0.5359   0.00690   0.00163  -0.2105  0.0927  0.0046  -1.6470   0.0000   0.6476
  -3.000   0.5948   0.00693   0.00164  -0.2110  0.0895  0.0058  -1.3648   0.0000   0.6083
  -2.500   0.6535   0.00696   0.00166  -0.2115  0.0863  0.0061  -1.0970   0.0000   0.5761
  -2.000   0.7120   0.00700   0.00169  -0.2120  0.0842  0.0068  -0.9558   0.0000   0.5492
  -1.000   0.8284   0.00713   0.00181  -0.2129  0.0824  0.0097  -1.0581   0.0000   0.5066
  -0.500   0.8852   0.00732   0.00193  -0.2130  0.0635  0.0151  -1.1096   0.0000   0.4895
   0.000   0.9423   0.00746   0.00204  -0.2132  0.0527  0.0154  -1.1619   0.0000   0.4744
   0.500   0.9995   0.00758   0.00214  -0.2135  0.0502  0.0159  -1.2158   0.0000   0.4610
   1.000   1.0567   0.00769   0.00225  -0.2137  0.0514  0.0171  -1.2797   0.0000   0.4490
   1.500   1.1135   0.00782   0.00237  -0.2139  0.0513  0.0173  -1.3550   0.0000   0.4381
   2.000   1.1697   0.00800   0.00253  -0.2140  0.0486  0.0212  -1.4307   0.0000   0.4283
   2.500   1.2213   0.00856   0.00296  -0.2132  0.0034  0.0375  -1.5158   0.0000   0.4191
   3.000   1.2765   0.00879   0.00317  -0.2131  0.0025  0.0383  -1.6278   0.0000   0.4108
   3.500   1.3313   0.00903   0.00339  -0.2130  0.0020  0.0456  -1.7447   0.0000   0.4031
   4.000   1.3857   0.00928   0.00364  -0.2128  0.0024  0.0493  -1.8835   0.0000   0.3959
   4.500   1.4398   0.00954   0.00390  -0.2125  0.0018  0.0663  -2.0604   0.0000   0.3893
   5.000   1.4931   0.00984   0.00418  -0.2122  0.0014  0.0720  -2.2411   0.0000   0.3830
   5.500   1.5463   0.01013   0.00448  -0.2118  0.0013  0.1023  -2.4264   0.0000   0.3771
   6.000   1.5991   0.01044   0.00482  -0.2115  0.0012  0.1475  -2.6157   0.0000   0.3715
   6.500   1.6509   0.01079   0.00517  -0.2109  0.0012  0.1693  -2.8079   0.0000   0.3662
   7.000   1.7020   0.01115   0.00555  -0.2102  0.0012  0.1959  -3.0036   0.0000   0.3611
   7.500   1.7520   0.01155   0.00595  -0.2093  0.0012  0.2173  -3.2017   0.0000   0.3562
   8.000   1.8004   0.01199   0.00637  -0.2082  0.0012  0.2125  -3.4013   0.0000   0.3514
   8.500   1.8504   0.01239   0.00687  -0.2075  0.0012  0.3165  -3.6076   0.0000   0.3470
   9.000   1.8971   0.01287   0.00738  -0.2061  0.0012  0.3438  -3.8611   0.0000   0.3426
   9.500   1.9421   0.01339   0.00792  -0.2044  0.0011  0.3703  -4.1500   0.0000   0.3383
  10.000   1.9870   0.01393   0.00855  -0.2028  0.0011  0.4665  -4.7118   0.0000   0.3341
  10.500   2.0163   0.01457   0.00923  -0.1979  0.0011  0.4844  -5.2139   0.0000   0.3293
  11.000   2.0470   0.01533   0.01000  -0.1936  0.0011  0.4970  -5.7456   0.0000   0.3247
  11.500   2.0775   0.01621   0.01091  -0.1894  0.0011  0.5131  -6.3002   0.0000   0.3203
  12.000   2.1064   0.01722   0.01196  -0.1853  0.0010  0.5328  -6.8673   0.0000   0.3161
  12.500   2.1341   0.01839   0.01317  -0.1811  0.0010  0.5552  -7.4470   0.0000   0.3119
  13.000   2.1601   0.01976   0.01458  -0.1770  0.0010  0.5797  -8.0340   0.0000   0.3079
  13.500   2.1847   0.02136   0.01626  -0.1731  0.0009  0.6281  -8.6301   0.0000   0.3041
  14.000   2.2053   0.02323   0.01820  -0.1689  0.0009  0.6607  -9.2148   0.0000   0.3003
  14.500   2.2255   0.02538   0.02042  -0.1651  0.0009  0.6942  -9.8136   0.0000   0.2968
  15.000   2.2448   0.02782   0.02294  -0.1617  0.0009  0.7369  -10.4210   0.0000   0.2934
  15.500   2.2620   0.03061   0.02582  -0.1584  0.0008  0.7778  -11.0286   0.0000   0.2902
  16.000   2.2794   0.03377   0.02910  -0.1558  0.0008  0.8627  -11.6537   0.0000   0.2872
  17.000   2.3029   0.04134   0.03693  -0.1507  0.0007  1.0000  -12.8499   0.0000   0.2817
  17.500   2.3064   0.04608   0.04173  -0.1479  0.0006  1.0000  -13.3970   0.0000   0.2790
  19.000   2.2326   0.07243   0.06857  -0.1406  0.0016  1.0000  -14.1792   0.0000   0.2735
  19.500   2.2295   0.07904   0.07526  -0.1403  0.0019  1.0000  -14.6990   0.0000   0.2719


