XFLR5 v6.02 Beta

 Calculated polar for: WORTMANN FX 63-137

 1 1 Reynolds number fixed          Mach number fixed         

 xtrf =   1.000 (top)        1.000 (bottom)
 Mach =   0.000     Re =    33.250 e 6     Ncrit =   9.000

  alpha     CL        CD       CDp       CM    Top Xtr Bot Xtr   Cpmin    Chinge    XCp    
 ------- -------- --------- --------- -------- ------- ------- -------- --------- ---------
 -21.000  -1.1876   0.04643   0.04320  -0.1561  0.5565  0.0021  -26.0292   0.0000   0.0845
 -20.500  -1.2020   0.03874   0.03540  -0.1623  0.5341  0.0021  -25.9383   0.0000   0.0827
 -20.000  -1.2123   0.03205   0.02860  -0.1676  0.5310  0.0021  -25.7426   0.0000   0.0811
 -19.500  -1.2116   0.02677   0.02325  -0.1717  0.5307  0.0022  -25.3394   0.0000   0.0792
 -19.000  -1.1983   0.02311   0.01949  -0.1740  0.5063  0.0022  -24.7172   0.0000   0.0770
 -18.500  -1.1854   0.01979   0.01610  -0.1755  0.4964  0.0023  -24.0870   0.0000   0.0754
 -18.000  -1.1467   0.01706   0.01328  -0.1803  0.4861  0.0024  -23.1428   0.0000   0.0672
 -17.500  -1.0951   0.01492   0.01096  -0.1863  0.4224  0.0025  -22.0527   0.0000   0.0550
 -17.000  -1.0430   0.01381   0.00979  -0.1883  0.4007  0.0026  -20.9342   0.0000   0.0452
 -16.500  -0.9899   0.01293   0.00884  -0.1897  0.3707  0.0028  -19.8222   0.0000   0.0345
 -16.000  -0.9349   0.01215   0.00798  -0.1911  0.3612  0.0029  -18.7124   0.0000   0.0222
 -15.500  -0.8787   0.01146   0.00724  -0.1923  0.3547  0.0031  -17.6148   0.0000   0.0079
 -15.000  -0.8216   0.01084   0.00658  -0.1935  0.3452  0.0033  -16.5345   0.0000  -0.0086
 -14.500  -0.7638   0.01029   0.00600  -0.1946  0.3374  0.0034  -15.4756   0.0000  -0.0278
 -14.000  -0.7073   0.00992   0.00549  -0.1954  0.2779  0.0036  -14.4586   0.0000  -0.0492
 -13.500  -0.6495   0.00955   0.00505  -0.1962  0.2483  0.0036  -13.5245   0.0000  -0.0753
 -13.000  -0.5909   0.00919   0.00463  -0.1971  0.2391  0.0037  -12.6254   0.0000  -0.1073
 -12.500  -0.5318   0.00885   0.00426  -0.1981  0.2306  0.0038  -11.7494   0.0000  -0.1468
 -12.000  -0.4735   0.00862   0.00393  -0.1988  0.1837  0.0038  -10.9074   0.0000  -0.1952
 -11.500  -0.4139   0.00833   0.00362  -0.1997  0.1884  0.0039  -10.0783   0.0000  -0.2595
 -11.000  -0.3544   0.00809   0.00334  -0.2006  0.1777  0.0039  -9.2834   0.0000  -0.3451
 -10.500  -0.2947   0.00786   0.00308  -0.2014  0.1705  0.0040  -8.5153   0.0000  -0.4662
 -10.000  -0.2348   0.00765   0.00285  -0.2023  0.1697  0.0040  -7.7759   0.0000  -0.6494
  -9.500  -0.1749   0.00746   0.00264  -0.2031  0.1690  0.0041  -7.0667   0.0000  -0.9586
  -9.000  -0.1157   0.00735   0.00245  -0.2038  0.1432  0.0041  -6.3934   0.0000  -1.5778
  -8.500  -0.0560   0.00722   0.00229  -0.2046  0.1376  0.0041  -5.7422   0.0000  -3.5294
  -8.000   0.0038   0.00710   0.00214  -0.2053  0.1325  0.0042  -5.1198   0.0000  56.1952
  -7.500   0.0636   0.00699   0.00201  -0.2061  0.1274  0.0042  -4.5266   0.0000   3.5864
  -7.000   0.1234   0.00689   0.00190  -0.2068  0.1243  0.0043  -4.0512   0.0000   1.9720
  -6.500   0.1832   0.00682   0.00180  -0.2075  0.1238  0.0043  -3.6609   0.0000   1.4118
  -6.000   0.2428   0.00675   0.00173  -0.2082  0.1235  0.0043  -3.2857   0.0000   1.1273
  -5.500   0.3024   0.00670   0.00167  -0.2089  0.1231  0.0044  -2.9258   0.0000   0.9553
  -5.000   0.3619   0.00667   0.00162  -0.2095  0.1225  0.0044  -2.5793   0.0000   0.8399
  -4.500   0.4205   0.00671   0.00160  -0.2100  0.1033  0.0045  -2.2533   0.0000   0.7578
  -4.000   0.4794   0.00673   0.00159  -0.2105  0.0990  0.0045  -1.9408   0.0000   0.6955
  -3.500   0.5381   0.00676   0.00160  -0.2110  0.0900  0.0046  -1.6434   0.0000   0.6469
  -3.000   0.5970   0.00678   0.00161  -0.2115  0.0869  0.0055  -1.3610   0.0000   0.6078
  -2.500   0.6557   0.00682   0.00163  -0.2120  0.0843  0.0051  -1.0931   0.0000   0.5757
  -2.000   0.7143   0.00686   0.00166  -0.2125  0.0841  0.0064  -0.9572   0.0000   0.5489
  -1.000   0.8297   0.00708   0.00181  -0.2131  0.0657  0.0090  -1.0589   0.0000   0.5066
   0.000   0.9446   0.00731   0.00199  -0.2137  0.0504  0.0152  -1.1636   0.0000   0.4744
   0.500   1.0017   0.00745   0.00211  -0.2139  0.0475  0.0158  -1.2175   0.0000   0.4610
   1.000   1.0591   0.00755   0.00220  -0.2142  0.0498  0.0171  -1.2817   0.0000   0.4490
   1.500   1.1158   0.00769   0.00233  -0.2144  0.0485  0.0173  -1.3570   0.0000   0.4382
   2.000   1.1720   0.00786   0.00248  -0.2145  0.0459  0.0205  -1.4327   0.0000   0.4283
   2.500   1.2241   0.00839   0.00290  -0.2137  0.0029  0.0375  -1.5187   0.0000   0.4192
   3.000   1.2794   0.00861   0.00310  -0.2137  0.0022  0.0382  -1.6315   0.0000   0.4109
   3.500   1.3343   0.00884   0.00331  -0.2136  0.0017  0.0443  -1.7486   0.0000   0.4032
   4.000   1.3888   0.00909   0.00355  -0.2134  0.0021  0.0478  -1.8888   0.0000   0.3960
   5.000   1.4965   0.00963   0.00407  -0.2129  0.0013  0.0687  -2.2473   0.0000   0.3831
   6.000   1.6029   0.01022   0.00470  -0.2122  0.0012  0.1457  -2.6229   0.0000   0.3716
   6.500   1.6545   0.01057   0.00504  -0.2116  0.0012  0.1580  -2.8153   0.0000   0.3663
   7.500   1.7561   0.01131   0.00579  -0.2101  0.0012  0.1999  -3.2105   0.0000   0.3564
   8.000   1.8051   0.01173   0.00620  -0.2091  0.0012  0.1959  -3.4113   0.0000   0.3516
   8.500   1.8548   0.01213   0.00668  -0.2083  0.0012  0.2832  -3.6174   0.0000   0.3472
   9.000   1.9020   0.01260   0.00716  -0.2070  0.0012  0.3120  -3.8755   0.0000   0.3428
   9.500   1.9476   0.01311   0.00769  -0.2054  0.0011  0.3384  -4.1817   0.0000   0.3385
  10.000   1.9934   0.01361   0.00830  -0.2040  0.0011  0.4409  -4.7501   0.0000   0.3344
  10.500   2.0267   0.01422   0.00893  -0.1999  0.0011  0.4603  -5.2776   0.0000   0.3297
  11.000   2.0572   0.01493   0.00966  -0.1954  0.0011  0.4668  -5.8109   0.0000   0.3251
  12.000   2.1166   0.01673   0.01151  -0.1869  0.0010  0.5010  -6.9380   0.0000   0.3164
  13.000   2.1707   0.01914   0.01400  -0.1785  0.0010  0.5515  -8.1129   0.0000   0.3082
  13.500   2.1961   0.02062   0.01553  -0.1746  0.0009  0.5819  -8.7177   0.0000   0.3044
  14.000   2.2192   0.02232   0.01732  -0.1706  0.0009  0.6289  -9.3245   0.0000   0.3006
  14.500   2.2384   0.02442   0.01948  -0.1666  0.0009  0.6629  -9.9191   0.0000   0.2970
  15.000   2.2571   0.02678   0.02191  -0.1628  0.0009  0.6953  -10.5259   0.0000   0.2935
  15.500   2.2739   0.02950   0.02471  -0.1594  0.0008  0.7355  -11.1330   0.0000   0.2902
  16.000   2.2899   0.03251   0.02780  -0.1563  0.0008  0.7775  -11.7497   0.0000   0.2871
  16.500   2.3046   0.03599   0.03141  -0.1537  0.0007  0.8582  -12.3700   0.0000   0.2843
  17.000   2.3240   0.03935   0.03497  -0.1520  0.0007  1.0000  -13.0476   0.0000   0.2817
  18.500   2.2638   0.06252   0.05859  -0.1422  0.0020  1.0000  -14.0004   0.0000   0.2749
  19.000   2.2567   0.06952   0.06568  -0.1411  0.0023  1.0000  -14.4537   0.0000   0.2731
  19.500   2.2454   0.07721   0.07348  -0.1406  0.0025  1.0000  -14.8662   0.0000   0.2716


