XFLR5 v6.02 Beta

 Calculated polar for: WORTMANN FX 63-137

 1 1 Reynolds number fixed          Mach number fixed         

 xtrf =   1.000 (top)        1.000 (bottom)
 Mach =   0.000     Re =    34.500 e 6     Ncrit =   9.000

  alpha     CL        CD       CDp       CM    Top Xtr Bot Xtr   Cpmin    Chinge    XCp    
 ------- -------- --------- --------- -------- ------- ------- -------- --------- ---------
 -21.000  -1.1922   0.04585   0.04261  -0.1567  0.5427  0.0020  -26.1170   0.0000   0.0846
 -20.500  -1.2134   0.03731   0.03394  -0.1637  0.5316  0.0020  -26.1457   0.0000   0.0830
 -20.000  -1.2157   0.03166   0.02822  -0.1680  0.5307  0.0021  -25.8034   0.0000   0.0813
 -19.500  -1.2151   0.02653   0.02297  -0.1718  0.5025  0.0021  -25.3969   0.0000   0.0796
 -19.000  -1.2009   0.02286   0.01922  -0.1742  0.4953  0.0022  -24.7612   0.0000   0.0772
 -18.500  -1.1871   0.01960   0.01590  -0.1758  0.4889  0.0023  -24.1178   0.0000   0.0754
 -18.000  -1.1471   0.01685   0.01308  -0.1808  0.4782  0.0023  -23.1580   0.0000   0.0668
 -17.500  -1.0953   0.01483   0.01088  -0.1865  0.4095  0.0024  -22.0610   0.0000   0.0549
 -16.500  -0.9899   0.01288   0.00877  -0.1898  0.3654  0.0027  -19.8259   0.0000   0.0344
 -16.000  -0.9348   0.01210   0.00794  -0.1912  0.3560  0.0029  -18.7148   0.0000   0.0220
 -15.500  -0.8784   0.01140   0.00720  -0.1925  0.3495  0.0030  -17.6156   0.0000   0.0077
 -15.000  -0.8212   0.01078   0.00654  -0.1937  0.3401  0.0032  -16.5347   0.0000  -0.0089
 -14.500  -0.7644   0.01029   0.00596  -0.1946  0.3070  0.0034  -15.4861   0.0000  -0.0275
 -14.000  -0.7068   0.00986   0.00545  -0.1955  0.2774  0.0035  -14.4586   0.0000  -0.0496
 -13.500  -0.6491   0.00950   0.00500  -0.1964  0.2450  0.0036  -13.5280   0.0000  -0.0757
 -13.000  -0.5904   0.00913   0.00459  -0.1973  0.2359  0.0037  -12.6277   0.0000  -0.1078
 -12.500  -0.5313   0.00879   0.00422  -0.1982  0.2266  0.0038  -11.7512   0.0000  -0.1475
 -12.000  -0.4730   0.00856   0.00389  -0.1990  0.1811  0.0038  -10.9089   0.0000  -0.1960
 -11.500  -0.4134   0.00828   0.00358  -0.1999  0.1844  0.0039  -10.0804   0.0000  -0.2604
 -11.000  -0.3538   0.00804   0.00331  -0.2007  0.1755  0.0039  -9.2846   0.0000  -0.3465
 -10.500  -0.2941   0.00781   0.00305  -0.2016  0.1702  0.0040  -8.5164   0.0000  -0.4681
 -10.000  -0.2343   0.00760   0.00282  -0.2025  0.1695  0.0040  -7.7769   0.0000  -0.6523
  -9.500  -0.1744   0.00742   0.00261  -0.2033  0.1687  0.0041  -7.0674   0.0000  -0.9633
  -9.000  -0.1152   0.00731   0.00243  -0.2040  0.1417  0.0041  -6.3940   0.0000  -1.5869
  -8.500  -0.0555   0.00718   0.00227  -0.2047  0.1361  0.0041  -5.7424   0.0000  -3.5682
  -8.000   0.0043   0.00706   0.00212  -0.2055  0.1311  0.0042  -5.1196   0.0000  49.1392
  -7.500   0.0642   0.00695   0.00200  -0.2062  0.1261  0.0042  -4.5262   0.0000   3.5598
  -7.000   0.1240   0.00686   0.00188  -0.2070  0.1241  0.0043  -4.0512   0.0000   1.9654
  -6.500   0.1837   0.00678   0.00179  -0.2077  0.1237  0.0043  -3.6607   0.0000   1.4090
  -6.000   0.2434   0.00672   0.00172  -0.2084  0.1234  0.0043  -3.2853   0.0000   1.1259
  -5.500   0.3030   0.00667   0.00165  -0.2090  0.1230  0.0044  -2.9252   0.0000   0.9544
  -5.000   0.3624   0.00663   0.00161  -0.2097  0.1223  0.0044  -2.5788   0.0000   0.8394
  -4.500   0.4210   0.00668   0.00160  -0.2101  0.1026  0.0045  -2.2527   0.0000   0.7574
  -4.000   0.4799   0.00670   0.00158  -0.2106  0.0978  0.0045  -1.9402   0.0000   0.6953
  -3.500   0.5387   0.00673   0.00159  -0.2111  0.0894  0.0046  -1.6425   0.0000   0.6467
  -3.000   0.5976   0.00675   0.00160  -0.2117  0.0863  0.0054  -1.3601   0.0000   0.6077
  -2.500   0.6563   0.00678   0.00162  -0.2122  0.0843  0.0051  -1.0921   0.0000   0.5757
  -2.000   0.7148   0.00682   0.00165  -0.2126  0.0841  0.0062  -0.9576   0.0000   0.5488
  -1.500   0.7732   0.00688   0.00169  -0.2131  0.0830  0.0077  -1.0078   0.0000   0.5261
  -1.000   0.8300   0.00706   0.00181  -0.2132  0.0630  0.0089  -1.0590   0.0000   0.5065
  -0.500   0.8875   0.00718   0.00190  -0.2135  0.0520  0.0099  -1.1113   0.0000   0.4894
   0.000   0.9452   0.00728   0.00198  -0.2138  0.0497  0.0152  -1.1639   0.0000   0.4744
   0.500   1.0022   0.00742   0.00210  -0.2140  0.0468  0.0158  -1.2180   0.0000   0.4610
   1.000   1.0596   0.00751   0.00220  -0.2144  0.0491  0.0170  -1.2822   0.0000   0.4490
   1.500   1.1163   0.00766   0.00233  -0.2145  0.0477  0.0173  -1.3574   0.0000   0.4382
   2.000   1.1727   0.00782   0.00247  -0.2146  0.0454  0.0203  -1.4333   0.0000   0.4283
   2.500   1.2248   0.00834   0.00288  -0.2139  0.0028  0.0374  -1.5195   0.0000   0.4192
   3.000   1.2801   0.00856   0.00308  -0.2138  0.0021  0.0382  -1.6324   0.0000   0.4109
   3.500   1.3351   0.00879   0.00329  -0.2137  0.0016  0.0439  -1.7496   0.0000   0.4032
   4.000   1.3895   0.00904   0.00353  -0.2135  0.0020  0.0474  -1.8901   0.0000   0.3961
   4.500   1.4439   0.00930   0.00378  -0.2134  0.0015  0.0659  -2.0676   0.0000   0.3894
   5.000   1.4974   0.00958   0.00405  -0.2130  0.0013  0.0681  -2.2489   0.0000   0.3831
   5.500   1.5505   0.00987   0.00435  -0.2127  0.0013  0.0888  -2.4344   0.0000   0.3772
   6.000   1.6038   0.01017   0.00468  -0.2124  0.0012  0.1454  -2.6247   0.0000   0.3717
   6.500   1.6555   0.01051   0.00501  -0.2118  0.0012  0.1552  -2.8172   0.0000   0.3663
   7.500   1.7572   0.01125   0.00575  -0.2103  0.0012  0.1961  -3.2128   0.0000   0.3564
   8.000   1.8063   0.01167   0.00616  -0.2093  0.0012  0.1954  -3.4138   0.0000   0.3517
   8.500   1.8558   0.01207   0.00662  -0.2084  0.0012  0.2724  -3.6197   0.0000   0.3472
   9.000   1.9034   0.01253   0.00711  -0.2072  0.0012  0.3084  -3.8794   0.0000   0.3428
   9.500   1.9489   0.01304   0.00763  -0.2056  0.0011  0.3314  -4.1892   0.0000   0.3385
  10.000   1.9951   0.01353   0.00824  -0.2043  0.0011  0.4347  -4.7603   0.0000   0.3344
  10.500   2.0292   0.01414   0.00886  -0.2004  0.0011  0.4525  -5.2933   0.0000   0.3298
  11.500   2.0899   0.01566   0.01042  -0.1916  0.0010  0.4852  -6.3851   0.0000   0.3208
  12.000   2.1192   0.01661   0.01139  -0.1873  0.0010  0.4901  -6.9567   0.0000   0.3165
  12.500   2.1465   0.01771   0.01255  -0.1830  0.0010  0.5213  -7.5371   0.0000   0.3123
  13.000   2.1731   0.01899   0.01386  -0.1789  0.0010  0.5404  -8.1316   0.0000   0.3083
  13.500   2.1986   0.02045   0.01538  -0.1749  0.0009  0.5678  -8.7373   0.0000   0.3044
  14.000   2.2223   0.02213   0.01714  -0.1710  0.0009  0.6265  -9.3491   0.0000   0.3007
  14.500   2.2427   0.02412   0.01919  -0.1670  0.0009  0.6568  -9.9537   0.0000   0.2971
  15.000   2.2617   0.02644   0.02158  -0.1633  0.0009  0.6906  -10.5639   0.0000   0.2936
  15.500   2.2775   0.02917   0.02438  -0.1597  0.0008  0.7203  -11.1649   0.0000   0.2903
  16.000   2.2942   0.03210   0.02740  -0.1566  0.0008  0.7667  -11.7873   0.0000   0.2871
  16.500   2.3081   0.03554   0.03094  -0.1538  0.0007  0.8286  -12.4026   0.0000   0.2842
  17.500   2.2702   0.05017   0.04606  -0.1459  0.0011  1.0000  -13.0144   0.0000   0.2791
  18.000   2.2669   0.05625   0.05226  -0.1438  0.0018  1.0000  -13.5042   0.0000   0.2769
  18.500   2.2675   0.06210   0.05818  -0.1424  0.0022  1.0000  -14.0379   0.0000   0.2748
  19.000   2.2602   0.06910   0.06527  -0.1412  0.0024  1.0000  -14.4892   0.0000   0.2730
  19.500   2.2490   0.07678   0.07305  -0.1406  0.0026  1.0000  -14.9029   0.0000   0.2716


