XFLR5 v6.02 Beta

 Calculated polar for: WORTMANN FX 63-137

 1 1 Reynolds number fixed          Mach number fixed         

 xtrf =   1.000 (top)        1.000 (bottom)
 Mach =   0.000     Re =    66.000 e 6     Ncrit =   9.000

  alpha     CL        CD       CDp       CM    Top Xtr Bot Xtr   Cpmin    Chinge    XCp    
 ------- -------- --------- --------- -------- ------- ------- -------- --------- ---------
 -26.500  -0.5168   0.25873   0.25653  -0.0243  0.3047  0.0013  -6.3095   0.0000   0.1533
 -26.000  -0.5002   0.25364   0.25142  -0.0285  0.3007  0.0013  -6.0726   0.0000   0.1438
 -25.500  -0.4834   0.24856   0.24633  -0.0326  0.2965  0.0013  -5.8473   0.0000   0.1336
 -25.000  -0.4665   0.24353   0.24127  -0.0366  0.2883  0.0013  -5.6308   0.0000   0.1227
 -24.500  -0.4496   0.23860   0.23627  -0.0405  0.2445  0.0013  -5.4225   0.0000   0.1112
 -24.000  -0.4323   0.23373   0.23137  -0.0445  0.2321  0.0013  -5.2199   0.0000   0.0986
 -23.500  -0.4149   0.22900   0.22663  -0.0483  0.2220  0.0013  -5.0208   0.0000   0.0848
 -23.000  -0.3971   0.22451   0.22212  -0.0521  0.2214  0.0013  -4.8284   0.0000   0.0698
 -22.500  -0.3791   0.22046   0.21805  -0.0559  0.2211  0.0013  -4.6390   0.0000   0.0533
 -22.000  -0.3608   0.21667   0.21425  -0.0595  0.2210  0.0013  -4.4532   0.0000   0.0352
 -21.500  -0.3435   0.21145   0.20900  -0.0631  0.1984  0.0013  -4.2798   0.0000   0.0160
 -21.000  -0.3262   0.20608   0.20358  -0.0665  0.1702  0.0013  -4.1123   0.0000  -0.0052
 -20.500  -0.3088   0.20063   0.19811  -0.0700  0.1694  0.0013  -3.9503   0.0000  -0.0290
 -20.000  -0.2915   0.19510   0.19257  -0.0734  0.1692  0.0013  -3.7959   0.0000  -0.0555
 -19.500  -0.2742   0.18951   0.18696  -0.0767  0.1694  0.0013  -3.6499   0.0000  -0.0851
 -19.000  -0.2571   0.18383   0.18126  -0.0800  0.1692  0.0013  -3.5141   0.0000  -0.1183
 -18.500  -0.2402   0.17803   0.17546  -0.0832  0.1691  0.0013  -3.3936   0.0000  -0.1557
 -18.000  -0.2237   0.17209   0.16950  -0.0863  0.1691  0.0014  -3.2955   0.0000  -0.1977
 -17.000  -1.0426   0.01231   0.00836  -0.1915  0.2981  0.0017  -21.0096   0.0000   0.0419
 -16.500  -0.9871   0.01165   0.00766  -0.1927  0.2911  0.0018  -19.8602   0.0000   0.0309
 -16.000  -0.9308   0.01104   0.00703  -0.1938  0.2841  0.0019  -18.7277   0.0000   0.0182
 -15.500  -0.8737   0.01049   0.00645  -0.1949  0.2796  0.0021  -17.6159   0.0000   0.0037
 -15.000  -0.8167   0.01002   0.00592  -0.1958  0.2574  0.0022  -16.5345   0.0000  -0.0128
 -14.500  -0.7592   0.00958   0.00542  -0.1967  0.2222  0.0023  -15.4776   0.0000  -0.0321
 -14.000  -0.7007   0.00916   0.00497  -0.1976  0.2215  0.0024  -14.4412   0.0000  -0.0552
 -13.000  -0.5835   0.00845   0.00417  -0.1994  0.1907  0.0027  -12.6235   0.0000  -0.1157
 -12.000  -0.4651   0.00784   0.00348  -0.2012  0.1504  0.0031  -10.9062   0.0000  -0.2085
 -11.500  -0.4048   0.00751   0.00315  -0.2023  0.1690  0.0035  -10.0780   0.0000  -0.2772
 -11.000  -0.3454   0.00729   0.00288  -0.2031  0.1444  0.0038  -9.2826   0.0000  -0.3679
 -10.500  -0.2857   0.00709   0.00265  -0.2039  0.1395  0.0039  -8.5121   0.0000  -0.4972
 -10.000  -0.2260   0.00692   0.00245  -0.2047  0.1344  0.0040  -7.7709   0.0000  -0.6954
  -9.500  -0.1661   0.00677   0.00228  -0.2055  0.1293  0.0041  -7.0594   0.0000  -1.0367
  -9.000  -0.1063   0.00663   0.00212  -0.2062  0.1238  0.0041  -6.3777   0.0000  -1.7625
  -8.500  -0.0464   0.00651   0.00199  -0.2070  0.1236  0.0041  -5.7238   0.0000  -4.3612
  -8.000   0.0134   0.00641   0.00187  -0.2077  0.1233  0.0042  -5.0994   0.0000  16.2431
  -7.500   0.0732   0.00632   0.00176  -0.2084  0.1229  0.0042  -4.5047   0.0000   3.1812
  -7.000   0.1330   0.00624   0.00167  -0.2091  0.1228  0.0043  -4.0422   0.0000   1.8654
  -6.500   0.1922   0.00622   0.00160  -0.2097  0.1026  0.0043  -3.6523   0.0000   1.3687
  -6.000   0.2516   0.00618   0.00154  -0.2103  0.0996  0.0043  -3.2762   0.0000   1.1051
  -5.500   0.3110   0.00616   0.00150  -0.2109  0.0968  0.0044  -2.9153   0.0000   0.9423
  -5.000   0.3704   0.00614   0.00146  -0.2115  0.0943  0.0044  -2.5697   0.0000   0.8318
  -4.500   0.4296   0.00613   0.00144  -0.2121  0.0885  0.0044  -2.2394   0.0000   0.7519
  -4.000   0.4888   0.00613   0.00143  -0.2127  0.0843  0.0045  -1.9249   0.0000   0.6913
  -3.500   0.5479   0.00614   0.00143  -0.2132  0.0842  0.0045  -1.6262   0.0000   0.6439
  -3.000   0.6068   0.00616   0.00144  -0.2137  0.0841  0.0046  -1.3434   0.0000   0.6057
  -2.500   0.6656   0.00619   0.00146  -0.2142  0.0838  0.0046  -1.0759   0.0000   0.5742
  -2.000   0.7226   0.00637   0.00154  -0.2144  0.0490  0.0049  -0.9622   0.0000   0.5480
  -1.500   0.7808   0.00645   0.00160  -0.2148  0.0457  0.0056  -1.0127   0.0000   0.5255
  -1.000   0.8388   0.00653   0.00166  -0.2151  0.0432  0.0066  -1.0650   0.0000   0.5061
  -0.500   0.8968   0.00661   0.00174  -0.2155  0.0410  0.0073  -1.1176   0.0000   0.4892
   0.000   0.9545   0.00671   0.00182  -0.2158  0.0388  0.0079  -1.1705   0.0000   0.4742
   0.500   1.0120   0.00681   0.00191  -0.2161  0.0382  0.0097  -1.2255   0.0000   0.4610
   1.000   1.0695   0.00691   0.00201  -0.2164  0.0399  0.0169  -1.2907   0.0000   0.4491
   1.500   1.1266   0.00703   0.00212  -0.2167  0.0391  0.0171  -1.3665   0.0000   0.4383
   2.500   1.2363   0.00762   0.00260  -0.2163  0.0015  0.0371  -1.5315   0.0000   0.4195
   3.500   1.3473   0.00803   0.00297  -0.2162  0.0013  0.0390  -1.7654   0.0000   0.4036
   4.000   1.4022   0.00825   0.00318  -0.2161  0.0013  0.0418  -1.9119   0.0000   0.3965
   4.500   1.4568   0.00849   0.00340  -0.2160  0.0013  0.0475  -2.0907   0.0000   0.3899
   5.500   1.5648   0.00901   0.00390  -0.2155  0.0013  0.0732  -2.4613   0.0000   0.3778
   6.000   1.6182   0.00928   0.00419  -0.2152  0.0012  0.1066  -2.6530   0.0000   0.3722
   6.500   1.6708   0.00959   0.00448  -0.2148  0.0012  0.1186  -2.8480   0.0000   0.3669
   7.500   1.7743   0.01025   0.00513  -0.2137  0.0012  0.1466  -3.2488   0.0000   0.3571
   8.000   1.8248   0.01062   0.00549  -0.2129  0.0012  0.1463  -3.4535   0.0000   0.3524
   8.500   1.8744   0.01101   0.00587  -0.2119  0.0012  0.1605  -3.6609   0.0000   0.3479
   9.000   1.9238   0.01140   0.00630  -0.2110  0.0012  0.2162  -3.9386   0.0000   0.3436
   9.500   1.9718   0.01183   0.00675  -0.2099  0.0012  0.2491  -4.3207   0.0000   0.3394
  10.000   2.0190   0.01229   0.00724  -0.2087  0.0012  0.3080  -4.9056   0.0000   0.3353
  10.500   2.0639   0.01279   0.00776  -0.2070  0.0011  0.3392  -5.5087   0.0000   0.3313
  12.500   2.1915   0.01558   0.01059  -0.1905  0.0010  0.3703  -7.8610   0.0000   0.3138
  13.500   2.2476   0.01773   0.01285  -0.1822  0.0009  0.4661  -9.1155   0.0000   0.3058
  14.000   2.2348   0.02123   0.01650  -0.1722  0.0012  0.4672  -9.4151   0.0000   0.3008
  14.500   2.2534   0.02316   0.01850  -0.1678  0.0015  0.4944  -9.9942   0.0000   0.2970
  15.000   2.2687   0.02561   0.02102  -0.1634  0.0019  0.5172  -10.5976   0.0000   0.2934
  15.500   2.2882   0.02797   0.02344  -0.1600  0.0024  0.5529  -11.2425   0.0000   0.2901
  16.000   2.3011   0.03101   0.02654  -0.1562  0.0028  0.5693  -11.8317   0.0000   0.2868
  16.500   2.3118   0.03447   0.03008  -0.1528  0.0032  0.6052  -12.4142   0.0000   0.2838
  17.000   2.3185   0.03840   0.03409  -0.1495  0.0035  0.6299  -12.9734   0.0000   0.2808
  17.500   2.3214   0.04290   0.03867  -0.1464  0.0041  0.6549  -13.5063   0.0000   0.2781
  18.000   2.3238   0.04794   0.04381  -0.1439  0.0043  0.6879  -14.0448   0.0000   0.2756
  18.500   2.3234   0.05352   0.04948  -0.1418  0.0045  0.7099  -14.5661   0.0000   0.2732
  19.000   2.3202   0.05983   0.05590  -0.1403  0.0046  0.7473  -15.0677   0.0000   0.2712
  19.500   2.3277   0.06484   0.06100  -0.1392  0.0046  0.7905  -15.6848   0.0000   0.2691


