xflr5 v6.59

 Calculated polar for: WORTMANN FX 63-137 AIRFOIL

 1 1 Reynolds number fixed          Mach number fixed         

 xtrf =   1.000 (top)        1.000 (bottom)
 Mach =   0.000     Re =     2.600 e 6     Ncrit =   9.000

  alpha     CL        CD       CDp       Cm    Top Xtr Bot Xtr   Cpmin    Chinge    XCp    
 ------- -------- --------- --------- -------- ------- ------- -------- --------- ---------
 -15.100   -0.1491   0.14111   0.13912   -0.0953   0.8461   0.0033   -2.4648   0.0000   -0.4656   
 -15.000   -0.1532   0.13764   0.13562   -0.0961   0.8415   0.0033   -2.8084   0.0000   -0.4520   
 -14.900   -0.1515   0.13615   0.13409   -0.0966   0.8327   0.0035   -2.8569   0.0000   -0.4626   
 -14.800   -0.1488   0.13492   0.13284   -0.0971   0.8258   0.0036   -2.8582   0.0000   -0.4784   
 -14.700   -0.1457   0.13377   0.13166   -0.0976   0.8195   0.0038   -2.8445   0.0000   -0.4970   
 -14.600   -0.1427   0.13269   0.13054   -0.0981   0.8107   0.0038   -2.8245   0.0000   -0.5157   
 -14.500   -0.1395   0.13162   0.12944   -0.0985   0.8035   0.0039   -2.8012   0.0000   -0.5355   
 -14.400   -0.1362   0.13053   0.12833   -0.0990   0.7992   0.0040   -2.7756   0.0000   -0.5580   
 -14.300   -0.1328   0.12946   0.12724   -0.0995   0.7944   0.0041   -2.7486   0.0000   -0.5815   
 -14.200   -0.1295   0.12841   0.12616   -0.1000   0.7888   0.0041   -2.7209   0.0000   -0.6058   
 -14.100   -0.1263   0.12737   0.12509   -0.1005   0.7821   0.0042   -2.6926   0.0000   -0.6308   
 -14.000   -0.1229   0.12632   0.12402   -0.1009   0.7767   0.0042   -2.6636   0.0000   -0.6583   
 -13.900   -0.1194   0.12525   0.12294   -0.1014   0.7727   0.0043   -2.6341   0.0000   -0.6884   
 -13.800   -0.1161   0.12422   0.12188   -0.1019   0.7653   0.0043   -2.6045   0.0000   -0.7189   
 -13.700   -0.1129   0.12323   0.12084   -0.1023   0.7544   0.0044   -2.5750   0.0000   -0.7484   
 -13.600   -0.1096   0.12221   0.11979   -0.1027   0.7468   0.0044   -2.5450   0.0000   -0.7820   
 -13.500   -0.1062   0.12118   0.11874   -0.1032   0.7414   0.0044   -2.5145   0.0000   -0.8188   
 -13.400   -0.1028   0.12017   0.11770   -0.1036   0.7358   0.0045   -2.4838   0.0000   -0.8576   
 -13.300   -0.0995   0.11917   0.11667   -0.1041   0.7298   0.0045   -2.4528   0.0000   -0.8984   
 -13.200   -0.0961   0.11816   0.11564   -0.1045   0.7232   0.0045   -2.4213   0.0000   -0.9429   
 -13.100   -0.0925   0.11714   0.11461   -0.1050   0.7200   0.0045   -2.3889   0.0000   -0.9934   
 -13.000   -0.0889   0.11612   0.11359   -0.1055   0.7178   0.0046   -2.3560   0.0000   -1.0486   
 -12.900   -0.0853   0.11511   0.11257   -0.1060   0.7145   0.0046   -2.3227   0.0000   -1.1077   
 -12.600   -0.0960   0.10676   0.10426   -0.1093   0.7157   0.0082   -2.7264   0.0000   -0.9919   
 -12.500   -0.1053   0.10230   0.09982   -0.1109   0.7188   0.0084   -3.0290   0.0000   -0.8989   
 -11.900   -0.0633   0.10081   0.09811   -0.1123   0.6706   0.0099   -2.4392   0.0000   -1.6704   
 -9.700   -0.2223   0.01032   0.00529   -0.1941   0.6877   0.0065   -6.5132   0.0000   -0.6612   
 -9.600   -0.2103   0.01019   0.00513   -0.1944   0.6852   0.0065   -6.3754   0.0000   -0.7140   
 -9.500   -0.1983   0.01007   0.00498   -0.1946   0.6826   0.0064   -6.2557   0.0000   -0.7732   
 -9.400   -0.1863   0.00996   0.00484   -0.1949   0.6799   0.0064   -6.1397   0.0000   -0.8399   
 -9.300   -0.1744   0.00985   0.00468   -0.1952   0.6762   0.0064   -6.0260   0.0000   -0.9148   
 -9.200   -0.1628   0.00976   0.00455   -0.1953   0.6695   0.0063   -5.9134   0.0000   -0.9978   
 -9.100   -0.1511   0.00966   0.00441   -0.1956   0.6608   0.0063   -5.8008   0.0000   -1.0951   
 -9.000   -0.1389   0.00953   0.00427   -0.1959   0.6583   0.0063   -5.6861   0.0000   -1.2151   
 -8.900   -0.1268   0.00942   0.00414   -0.1962   0.6539   0.0063   -5.5728   0.0000   -1.3560   
 -8.800   -0.1156   0.00937   0.00404   -0.1962   0.6399   0.0063   -5.4646   0.0000   -1.5111   
 -8.700   -0.1046   0.00935   0.00394   -0.1963   0.6243   0.0062   -5.3581   0.0000   -1.6954   
 -8.600   -0.0931   0.00930   0.00384   -0.1964   0.6157   0.0062   -5.2498   0.0000   -1.9365   
 -8.500   -0.0817   0.00926   0.00374   -0.1965   0.6071   0.0062   -5.1428   0.0000   -2.2421   
 -8.400   -0.0699   0.00920   0.00365   -0.1967   0.6002   0.0062   -5.0349   0.0000   -2.6635   
 -8.300   -0.0578   0.00913   0.00355   -0.1969   0.5970   0.0062   -4.9265   0.0000   -3.2750   
 -8.200   -0.0457   0.00905   0.00346   -0.1972   0.5957   0.0061   -4.8185   0.0000   -4.2175   
 -8.100   -0.0335   0.00898   0.00337   -0.1974   0.5940   0.0061   -4.7114   0.0000   -5.8395   
 -8.000   -0.0214   0.00891   0.00329   -0.1976   0.5917   0.0061   -4.6055   0.0000   -9.2810   
 -7.900   -0.0095   0.00886   0.00321   -0.1978   0.5875   0.0061   -4.5011   0.0000   -21.3322   
 -7.800   0.0020   0.00884   0.00315   -0.1979   0.5780   0.0061   -4.3995   0.0000   100.3345   
 -7.700   0.0130   0.00886   0.00309   -0.1979   0.5624   0.0060   -4.3013   0.0000   15.9437   
 -7.600   0.0248   0.00882   0.00302   -0.1981   0.5566   0.0060   -4.2026   0.0000   8.4942   
 -7.500   0.0365   0.00880   0.00296   -0.1982   0.5510   0.0060   -4.1276   0.0000   5.8497   
 -7.400   0.0481   0.00878   0.00291   -0.1983   0.5452   0.0060   -4.0531   0.0000   4.4959   
 -7.300   0.0598   0.00875   0.00285   -0.1985   0.5387   0.0060   -3.9790   0.0000   3.6670   
 -7.200   0.0717   0.00872   0.00279   -0.1986   0.5331   0.0060   -3.9044   0.0000   3.1009   
 -7.100   0.0838   0.00867   0.00274   -0.1988   0.5313   0.0060   -3.8295   0.0000   2.6912   
 -7.000   0.0958   0.00863   0.00268   -0.1990   0.5296   0.0060   -3.7548   0.0000   2.3852   
 -6.900   0.1079   0.00858   0.00261   -0.1992   0.5286   0.0061   -3.6799   0.0000   2.1469   
 -6.800   0.1199   0.00855   0.00257   -0.1994   0.5257   0.0061   -3.6064   0.0000   1.9582   
 -6.700   0.1319   0.00851   0.00252   -0.1995   0.5237   0.0061   -3.5330   0.0000   1.8032   
 -6.600   0.1423   0.00859   0.00252   -0.1994   0.5019   0.0061   -3.4653   0.0000   1.6883   
 -6.500   0.1539   0.00859   0.00248   -0.1995   0.4943   0.0061   -3.3940   0.0000   1.5800   
 -6.400   0.1655   0.00858   0.00244   -0.1996   0.4883   0.0061   -3.3231   0.0000   1.4867   
 -6.300   0.1770   0.00859   0.00242   -0.1997   0.4823   0.0060   -3.2529   0.0000   1.4061   
 -6.200   0.1886   0.00859   0.00239   -0.1998   0.4761   0.0060   -3.1828   0.0000   1.3353   
 -6.100   0.2003   0.00858   0.00236   -0.1999   0.4693   0.0060   -3.1123   0.0000   1.2720   
 -6.000   0.2122   0.00856   0.00233   -0.2001   0.4664   0.0060   -3.0410   0.0000   1.2148   
 -5.900   0.2242   0.00853   0.00230   -0.2002   0.4647   0.0060   -2.9686   0.0000   1.1637   
 -5.800   0.2361   0.00851   0.00227   -0.2004   0.4624   0.0059   -2.8945   0.0000   1.1180   
 -5.700   0.2479   0.00850   0.00226   -0.2005   0.4601   0.0059   -2.8171   0.0000   1.0768   
 -5.600   0.2585   0.00858   0.00229   -0.2004   0.4449   0.0059   -2.7326   0.0000   1.0421   
 -5.500   0.2683   0.00873   0.00246   -0.2001   0.4317   0.0059   -2.5967   0.0000   1.0118   
 -5.400   0.2798   0.00874   0.00245   -0.2002   0.4264   0.0059   -2.5280   0.0000   0.9804   
 -5.300   0.2913   0.00875   0.00244   -0.2003   0.4211   0.0059   -2.4625   0.0000   0.9516   
 -5.200   0.3028   0.00876   0.00243   -0.2004   0.4157   0.0059   -2.3993   0.0000   0.9249   
 -5.100   0.3144   0.00877   0.00241   -0.2005   0.4100   0.0059   -2.3375   0.0000   0.9001   
 -5.000   0.3262   0.00876   0.00239   -0.2006   0.4042   0.0059   -2.2770   0.0000   0.8768   
 -4.900   0.3381   0.00874   0.00236   -0.2007   0.4017   0.0059   -2.2175   0.0000   0.8548   
 -4.800   0.3501   0.00871   0.00233   -0.2009   0.4005   0.0059   -2.1592   0.0000   0.8343   
 -4.700   0.3621   0.00869   0.00230   -0.2011   0.3989   0.0058   -2.1024   0.0000   0.8152   
 -4.600   0.3740   0.00867   0.00227   -0.2012   0.3965   0.0058   -2.0470   0.0000   0.7974   
 -4.400   0.3963   0.00876   0.00226   -0.2013   0.3732   0.0059   -1.9446   0.0000   0.7662   
 -4.300   0.4079   0.00877   0.00224   -0.2014   0.3665   0.0059   -1.8935   0.0000   0.7516   
 -4.200   0.4196   0.00878   0.00222   -0.2015   0.3620   0.0059   -1.8434   0.0000   0.7376   
 -4.100   0.4312   0.00878   0.00220   -0.2016   0.3577   0.0059   -1.7946   0.0000   0.7245   
 -4.000   0.4428   0.00880   0.00218   -0.2017   0.3533   0.0060   -1.7471   0.0000   0.7121   
 -3.900   0.4545   0.00881   0.00217   -0.2018   0.3487   0.0061   -1.7005   0.0000   0.7003   
 -3.800   0.4658   0.00883   0.00220   -0.2018   0.3435   0.0066   -1.6440   0.0000   0.6892   
 -3.700   0.4802   0.00865   0.00199   -0.2025   0.3393   0.0147   -1.7523   0.0000   0.6772   
 -3.600   0.4918   0.00866   0.00201   -0.2025   0.3384   0.0152   -1.6708   0.0000   0.6671   
 -3.500   0.5032   0.00868   0.00205   -0.2026   0.3375   0.0156   -1.5866   0.0000   0.6576   
 -3.400   0.5145   0.00871   0.00209   -0.2026   0.3364   0.0160   -1.5032   0.0000   0.6485   
 -3.300   0.5259   0.00873   0.00212   -0.2027   0.3349   0.0162   -1.4236   0.0000   0.6398   
 -3.200   0.5373   0.00874   0.00216   -0.2027   0.3330   0.0165   -1.3482   0.0000   0.6314   
 -3.100   0.5487   0.00877   0.00221   -0.2028   0.3300   0.0167   -1.2761   0.0000   0.6235   
 -3.000   0.5582   0.00894   0.00232   -0.2025   0.3081   0.0169   -1.2085   0.0000   0.6164   
 -2.300   0.6400   0.00902   0.00215   -0.2033   0.2778   0.0168   -0.9037   0.0000   0.5696   
 -2.200   0.6514   0.00904   0.00217   -0.2033   0.2736   0.0169   -0.9045   0.0000   0.5640   
 -2.100   0.6608   0.00924   0.00228   -0.2030   0.2476   0.0171   -0.9173   0.0000   0.5589   
 -1.200   0.7642   0.00946   0.00231   -0.2037   0.2166   0.0187   -0.9978   0.0000   0.5165   
 -1.100   0.7739   0.00963   0.00239   -0.2034   0.1956   0.0188   -1.0112   0.0000   0.5127   
 -1.000   0.7853   0.00966   0.00240   -0.2035   0.1931   0.0189   -1.0217   0.0000   0.5088   
 -0.900   0.7967   0.00969   0.00241   -0.2035   0.1906   0.0191   -1.0324   0.0000   0.5050   
 -0.800   0.8081   0.00973   0.00243   -0.2036   0.1881   0.0193   -1.0432   0.0000   0.5013   
 -0.700   0.8194   0.00976   0.00244   -0.2036   0.1857   0.0195   -1.0540   0.0000   0.4977   
 -0.600   0.8307   0.00980   0.00246   -0.2036   0.1832   0.0196   -1.0648   0.0000   0.4942   
 -0.500   0.8420   0.00984   0.00248   -0.2037   0.1806   0.0197   -1.0754   0.0000   0.4908   
 -0.400   0.8532   0.00988   0.00250   -0.2037   0.1760   0.0196   -1.0861   0.0000   0.4875   
 -0.300   0.8645   0.00992   0.00252   -0.2037   0.1706   0.0195   -1.0968   0.0000   0.4842   
 -0.200   0.8759   0.00994   0.00254   -0.2037   0.1695   0.0193   -1.1073   0.0000   0.4810   
 -0.100   0.8873   0.00997   0.00256   -0.2038   0.1686   0.0192   -1.1177   0.0000   0.4780   
 0.000   0.8987   0.00999   0.00259   -0.2038   0.1678   0.0191   -1.1282   0.0000   0.4749   
 0.100   0.9100   0.01002   0.00261   -0.2039   0.1669   0.0190   -1.1386   0.0000   0.4720   
 0.200   0.9213   0.01005   0.00264   -0.2039   0.1654   0.0189   -1.1491   0.0000   0.4691   
 0.300   0.9327   0.01008   0.00267   -0.2039   0.1647   0.0188   -1.1595   0.0000   0.4663   
 0.400   0.9421   0.01027   0.00279   -0.2036   0.1461   0.0187   -1.1698   0.0000   0.4637   
 0.500   0.9531   0.01032   0.00283   -0.2036   0.1440   0.0186   -1.1802   0.0000   0.4610   
 0.600   0.9641   0.01037   0.00287   -0.2036   0.1418   0.0186   -1.1905   0.0000   0.4584   
 0.700   0.9751   0.01043   0.00291   -0.2035   0.1397   0.0186   -1.2008   0.0000   0.4559   
 0.800   0.9860   0.01049   0.00296   -0.2035   0.1376   0.0186   -1.2110   0.0000   0.4534   
 0.900   0.9970   0.01054   0.00300   -0.2035   0.1354   0.0189   -1.2236   0.0000   0.4509   
 1.000   1.0080   0.01059   0.00304   -0.2034   0.1338   0.0200   -1.2361   0.0000   0.4485   
 1.100   1.0188   0.01064   0.00308   -0.2034   0.1314   0.0253   -1.2484   0.0000   0.4462   
 1.200   1.0304   0.01066   0.00315   -0.2035   0.1289   0.0339   -1.2612   0.0000   0.4439   
 1.300   1.0415   0.01070   0.00319   -0.2035   0.1265   0.0359   -1.2737   0.0000   0.4417   
 1.400   1.0526   0.01074   0.00323   -0.2035   0.1245   0.0369   -1.2862   0.0000   0.4395   
 1.500   1.0638   0.01078   0.00327   -0.2035   0.1239   0.0375   -1.2986   0.0000   0.4373   
 1.600   1.0749   0.01081   0.00331   -0.2035   0.1235   0.0380   -1.3109   0.0000   0.4352   
 1.700   1.0860   0.01085   0.00335   -0.2035   0.1231   0.0383   -1.3236   0.0000   0.4331   
 1.800   1.0971   0.01089   0.00339   -0.2035   0.1226   0.0390   -1.3386   0.0000   0.4311   
 1.900   1.1081   0.01093   0.00342   -0.2035   0.1221   0.0406   -1.3537   0.0000   0.4291   
 2.000   1.1191   0.01097   0.00347   -0.2035   0.1213   0.0425   -1.3689   0.0000   0.4271   
 2.100   1.1301   0.01102   0.00351   -0.2034   0.1203   0.0452   -1.3842   0.0000   0.4252   
 2.200   1.1410   0.01107   0.00356   -0.2034   0.1187   0.0481   -1.3998   0.0000   0.4233   
 2.300   1.1506   0.01124   0.00373   -0.2032   0.1049   0.0656   -1.4210   0.0000   0.4215   
 2.400   1.1611   0.01132   0.00379   -0.2031   0.1021   0.0680   -1.4374   0.0000   0.4196   
 2.500   1.1720   0.01138   0.00385   -0.2030   0.1007   0.0803   -1.4533   0.0000   0.4179   
 2.600   1.1831   0.01144   0.00392   -0.2031   0.0986   0.1033   -1.4683   0.0000   0.4161   
 2.700   1.1935   0.01154   0.00401   -0.2030   0.0943   0.1194   -1.4821   0.0000   0.4144   
 2.800   1.2046   0.01159   0.00409   -0.2031   0.0883   0.1430   -1.5007   0.0000   0.4128   
 2.900   1.2152   0.01166   0.00415   -0.2030   0.0843   0.1457   -1.5225   0.0000   0.4111   
 3.000   1.2261   0.01171   0.00421   -0.2030   0.0837   0.1557   -1.5471   0.0000   0.4094   
 3.100   1.2372   0.01176   0.00429   -0.2030   0.0828   0.1689   -1.5715   0.0000   0.4078   
 3.200   1.2486   0.01179   0.00435   -0.2031   0.0813   0.1930   -1.5962   0.0000   0.4063   
 3.300   1.2592   0.01186   0.00443   -0.2031   0.0789   0.2033   -1.6205   0.0000   0.4047   
 3.400   1.2682   0.01207   0.00461   -0.2028   0.0656   0.2189   -1.6452   0.0000   0.4032   
 3.500   1.2793   0.01213   0.00469   -0.2029   0.0635   0.2474   -1.6656   0.0000   0.4017   
 3.600   1.2898   0.01222   0.00478   -0.2028   0.0615   0.2608   -1.6848   0.0000   0.4002   
 3.700   1.3010   0.01227   0.00487   -0.2029   0.0595   0.2853   -1.7053   0.0000   0.3988   
 3.800   1.3120   0.01232   0.00495   -0.2029   0.0575   0.3066   -1.7266   0.0000   0.3974   
 3.900   1.3228   0.01236   0.00501   -0.2029   0.0602   0.3054   -1.7521   0.0000   0.3959   
 4.000   1.3336   0.01242   0.00508   -0.2029   0.0592   0.3214   -1.7858   0.0000   0.3946   
 4.100   1.3455   0.01244   0.00518   -0.2031   0.0576   0.3625   -1.8212   0.0000   0.3933   
 4.200   1.3558   0.01252   0.00526   -0.2030   0.0558   0.3697   -1.8546   0.0000   0.3919   
 4.300   1.3666   0.01258   0.00535   -0.2030   0.0541   0.3865   -1.8887   0.0000   0.3905   
 4.400   1.3773   0.01264   0.00544   -0.2030   0.0528   0.4010   -1.9229   0.0000   0.3892   
 4.600   1.3988   0.01276   0.00561   -0.2030   0.0515   0.4329   -1.9925   0.0000   0.3866   
 4.700   1.4092   0.01283   0.00570   -0.2029   0.0513   0.4434   -2.0275   0.0000   0.3853   
 4.800   1.4197   0.01290   0.00580   -0.2028   0.0508   0.4565   -2.0630   0.0000   0.3841   
 4.900   1.4298   0.01298   0.00589   -0.2027   0.0500   0.4651   -2.0981   0.0000   0.3828   
 5.000   1.4402   0.01307   0.00601   -0.2026   0.0487   0.4839   -2.1340   0.0000   0.3816   
 5.100   1.4501   0.01317   0.00613   -0.2024   0.0469   0.4982   -2.1694   0.0000   0.3803   
 5.200   1.4599   0.01329   0.00626   -0.2022   0.0449   0.5135   -2.2047   0.0000   0.3791   
 5.300   1.4697   0.01340   0.00639   -0.2020   0.0433   0.5262   -2.2398   0.0000   0.3779   
 5.400   1.4792   0.01352   0.00650   -0.2017   0.0417   0.5304   -2.2745   0.0000   0.3767   
 5.500   1.4887   0.01363   0.00661   -0.2015   0.0401   0.5319   -2.3092   0.0000   0.3755   
 5.600   1.4982   0.01373   0.00671   -0.2012   0.0387   0.5338   -2.3440   0.0000   0.3743   
 5.700   1.5080   0.01383   0.00681   -0.2010   0.0381   0.5384   -2.3798   0.0000   0.3731   
 5.800   1.5177   0.01392   0.00691   -0.2007   0.0379   0.5433   -2.4160   0.0000   0.3719   
 5.900   1.5274   0.01401   0.00701   -0.2005   0.0376   0.5480   -2.4524   0.0000   0.3708   
 6.000   1.5365   0.01415   0.00716   -0.2002   0.0359   0.5544   -2.4906   0.0000   0.3696   
 6.100   1.5443   0.01435   0.00733   -0.1996   0.0314   0.5585   -2.5289   0.0000   0.3684   
 6.200   1.5503   0.01468   0.00760   -0.1987   0.0235   0.5623   -2.5591   0.0000   0.3672   
 6.300   1.5579   0.01490   0.00778   -0.1981   0.0199   0.5653   -2.5802   0.0000   0.3660   
 6.400   1.5669   0.01502   0.00792   -0.1978   0.0171   0.5765   -2.6110   0.0000   0.3649   
 6.500   1.5760   0.01514   0.00806   -0.1974   0.0164   0.5859   -2.6458   0.0000   0.3638   
 6.700   1.5866   0.01580   0.00870   -0.1953   0.0045   0.5963   -2.7112   0.0000   0.3613   
 6.800   1.5938   0.01594   0.00885   -0.1946   0.0043   0.6026   -2.7444   0.0000   0.3602   
 6.900   1.6010   0.01608   0.00901   -0.1939   0.0042   0.6115   -2.7779   0.0000   0.3590   
 7.000   1.6083   0.01623   0.00917   -0.1933   0.0040   0.6190   -2.8117   0.0000   0.3579   
 7.100   1.6154   0.01638   0.00933   -0.1925   0.0038   0.6249   -2.8453   0.0000   0.3567   
 7.200   1.6225   0.01653   0.00948   -0.1918   0.0037   0.6286   -2.8783   0.0000   0.3556   
 7.300   1.6298   0.01668   0.00964   -0.1912   0.0035   0.6352   -2.9115   0.0000   0.3545   
 7.400   1.6373   0.01682   0.00980   -0.1906   0.0033   0.6436   -2.9451   0.0000   0.3534   
 7.500   1.6448   0.01697   0.00996   -0.1899   0.0031   0.6501   -2.9786   0.0000   0.3524   
 7.600   1.6520   0.01712   0.01013   -0.1893   0.0029   0.6554   -3.0117   0.0000   0.3513   
 7.700   1.6590   0.01728   0.01029   -0.1886   0.0026   0.6594   -3.0445   0.0000   0.3502   
 8.000   1.6806   0.01777   0.01082   -0.1866   0.0019   0.6778   -3.1449   0.0000   0.3471   
 8.100   1.6875   0.01795   0.01100   -0.1860   0.0017   0.6826   -3.1784   0.0000   0.3460   
 8.200   1.6943   0.01813   0.01119   -0.1852   0.0014   0.6865   -3.2117   0.0000   0.3450   
 8.300   1.7010   0.01832   0.01139   -0.1845   0.0014   0.6895   -3.2451   0.0000   0.3440   
 8.700   1.7276   0.01914   0.01228   -0.1817   0.0013   0.7099   -3.3800   0.0000   0.3400   
 8.800   1.7339   0.01936   0.01252   -0.1810   0.0013   0.7148   -3.4134   0.0000   0.3390   
 8.900   1.7400   0.01959   0.01276   -0.1803   0.0013   0.7192   -3.4465   0.0000   0.3380   
 9.000   1.7460   0.01983   0.01303   -0.1795   0.0013   0.7256   -3.4793   0.0000   0.3370   
 9.100   1.7521   0.02008   0.01330   -0.1787   0.0013   0.7341   -3.5124   0.0000   0.3361   
 9.200   1.7581   0.02033   0.01357   -0.1780   0.0013   0.7418   -3.5456   0.0000   0.3351   
 9.300   1.7641   0.02060   0.01385   -0.1773   0.0013   0.7482   -3.5786   0.0000   0.3342   
 9.400   1.7699   0.02087   0.01415   -0.1765   0.0013   0.7564   -3.6115   0.0000   0.3332   
 9.500   1.7757   0.02115   0.01447   -0.1758   0.0013   0.7659   -3.6466   0.0000   0.3323   
 9.600   1.7815   0.02144   0.01478   -0.1751   0.0013   0.7745   -3.6888   0.0000   0.3314   
 9.700   1.7875   0.02173   0.01510   -0.1744   0.0013   0.7846   -3.7315   0.0000   0.3305   
 9.800   1.7932   0.02203   0.01544   -0.1737   0.0013   0.7965   -3.7737   0.0000   0.3296   
 9.900   1.7987   0.02235   0.01578   -0.1729   0.0013   0.8067   -3.8153   0.0000   0.3287   
 10.000   1.8045   0.02267   0.01614   -0.1723   0.0013   0.8201   -3.8577   0.0000   0.3278   
 10.100   1.8103   0.02299   0.01650   -0.1716   0.0013   0.8333   -3.9000   0.0000   0.3269   
 10.200   1.8158   0.02333   0.01689   -0.1709   0.0013   0.8511   -3.9415   0.0000   0.3261   
 10.300   1.8215   0.02367   0.01731   -0.1703   0.0013   0.8779   -3.9831   0.0000   0.3252   
 10.500   1.8276   0.02426   0.01807   -0.1680   0.0013   1.0000   -4.0524   0.0000   0.3233   
 10.600   1.8317   0.02469   0.01853   -0.1672   0.0013   1.0000   -4.0888   0.0000   0.3224   
 10.700   1.8353   0.02516   0.01902   -0.1662   0.0013   1.0000   -4.1225   0.0000   0.3215   
