XFLR5 v6.02 Beta

 Calculated polar for: WORTMANN FX 63-137

 1 1 Reynolds number fixed          Mach number fixed         

 xtrf =   1.000 (top)        1.000 (bottom)
 Mach =   0.000     Re =    21.750 e 6     Ncrit =   9.000

  alpha     CL        CD       CDp       CM    Top Xtr Bot Xtr   Cpmin    Chinge    XCp    
 ------- -------- --------- --------- -------- ------- ------- -------- --------- ---------
 -21.000  -1.1132   0.05687   0.05400  -0.1457  0.6897  0.0027  -24.5538   0.0000   0.0839
 -20.500  -1.1525   0.04531   0.04227  -0.1552  0.6828  0.0027  -24.9796   0.0000   0.0822
 -20.000  -1.1713   0.03683   0.03364  -0.1625  0.6639  0.0028  -24.9811   0.0000   0.0799
 -19.000  -1.1689   0.02613   0.02265  -0.1711  0.6114  0.0029  -24.1999   0.0000   0.0753
 -18.500  -1.1543   0.02240   0.01884  -0.1737  0.5971  0.0030  -23.5740   0.0000   0.0725
 -18.000  -1.1344   0.01922   0.01559  -0.1761  0.5952  0.0031  -22.8711   0.0000   0.0690
 -17.000  -1.0403   0.01481   0.01088  -0.1862  0.5112  0.0033  -20.8219   0.0000   0.0467
 -16.500  -0.9889   0.01386   0.00979  -0.1878  0.4654  0.0034  -19.7329   0.0000   0.0363
 -15.500  -0.8798   0.01234   0.00811  -0.1904  0.4305  0.0035  -17.5481   0.0000   0.0104
 -15.000  -0.8237   0.01173   0.00742  -0.1916  0.4176  0.0036  -16.4797   0.0000  -0.0055
 -14.500  -0.7666   0.01115   0.00681  -0.1927  0.4039  0.0036  -15.4281   0.0000  -0.0242
 -14.000  -0.7111   0.01076   0.00626  -0.1934  0.3445  0.0037  -14.4225   0.0000  -0.0448
 -13.500  -0.6543   0.01037   0.00574  -0.1942  0.3004  0.0037  -13.4519   0.0000  -0.0698
 -13.000  -0.5959   0.00996   0.00527  -0.1952  0.2877  0.0038  -12.5548   0.0000  -0.1009
 -12.500  -0.5369   0.00957   0.00484  -0.1962  0.2785  0.0038  -11.6788   0.0000  -0.1395
 -11.500  -0.4183   0.00889   0.00409  -0.1981  0.2768  0.0039  -9.9844   0.0000  -0.2503
 -11.000  -0.3603   0.00871   0.00379  -0.1988  0.2221  0.0040  -9.1959   0.0000  -0.3302
 -10.500  -0.3007   0.00845   0.00349  -0.1997  0.2201  0.0040  -8.4220   0.0000  -0.4460
 -10.000  -0.2418   0.00828   0.00323  -0.2004  0.1896  0.0041  -7.6852   0.0000  -0.6155
  -9.500  -0.1821   0.00807   0.00297  -0.2012  0.1809  0.0041  -6.9823   0.0000  -0.9003
  -9.000  -0.1221   0.00786   0.00273  -0.2021  0.1700  0.0041  -6.3308   0.0000  -1.4685
  -8.500  -0.0621   0.00768   0.00252  -0.2030  0.1691  0.0042  -5.6847   0.0000  -3.1339
  -8.000  -0.0021   0.00752   0.00235  -0.2038  0.1683  0.0042  -5.0719   0.0000  -100.7898
  -7.500   0.0571   0.00745   0.00220  -0.2045  0.1445  0.0042  -4.4950   0.0000   3.9362
  -7.000   0.1168   0.00736   0.00207  -0.2052  0.1404  0.0043  -4.0289   0.0000   2.0559
  -6.500   0.1765   0.00727   0.00196  -0.2060  0.1358  0.0043  -3.6497   0.0000   1.4465
  -6.000   0.2362   0.00720   0.00187  -0.2067  0.1307  0.0043  -3.2822   0.0000   1.1453
  -5.500   0.2958   0.00714   0.00180  -0.2074  0.1253  0.0044  -2.9231   0.0000   0.9658
  -5.000   0.3553   0.00710   0.00174  -0.2080  0.1238  0.0044  -2.5809   0.0000   0.8466
  -4.500   0.4147   0.00707   0.00170  -0.2087  0.1234  0.0045  -2.2573   0.0000   0.7616
  -3.000   0.5904   0.00721   0.00171  -0.2101  0.0948  0.0066  -1.3715   0.0000   0.6094
  -2.500   0.6490   0.00725   0.00174  -0.2106  0.0915  0.0076  -1.1034   0.0000   0.5768
  -2.000   0.7074   0.00730   0.00177  -0.2110  0.0859  0.0079  -0.9529   0.0000   0.5497
  -1.500   0.7658   0.00735   0.00182  -0.2115  0.0843  0.0095  -1.0027   0.0000   0.5266
  -1.000   0.8241   0.00740   0.00187  -0.2119  0.0836  0.0150  -1.0550   0.0000   0.5068
  -0.500   0.8819   0.00749   0.00195  -0.2123  0.0827  0.0154  -1.1074   0.0000   0.4896
   0.500   0.9947   0.00788   0.00223  -0.2124  0.0578  0.0160  -1.2122   0.0000   0.4610
   1.000   1.0526   0.00792   0.00231  -0.2129  0.0658  0.0171  -1.2761   0.0000   0.4489
   1.500   1.1088   0.00811   0.00246  -0.2129  0.0619  0.0175  -1.3508   0.0000   0.4380
   2.000   1.1649   0.00829   0.00262  -0.2130  0.0528  0.0226  -1.4263   0.0000   0.4282
   2.500   1.2158   0.00891   0.00309  -0.2120  0.0043  0.0377  -1.5101   0.0000   0.4190
   3.000   1.2707   0.00915   0.00332  -0.2119  0.0032  0.0390  -1.6205   0.0000   0.4106
   3.500   1.3253   0.00940   0.00355  -0.2117  0.0026  0.0484  -1.7369   0.0000   0.4029
   4.000   1.3797   0.00965   0.00381  -0.2116  0.0031  0.0651  -1.8728   0.0000   0.3957
   4.500   1.4333   0.00994   0.00409  -0.2112  0.0025  0.0670  -2.0489   0.0000   0.3890
   5.000   1.4863   0.01025   0.00438  -0.2108  0.0018  0.0785  -2.2287   0.0000   0.3827
   5.500   1.5391   0.01056   0.00470  -0.2104  0.0014  0.1037  -2.4128   0.0000   0.3768
   6.000   1.5920   0.01087   0.00507  -0.2101  0.0013  0.1723  -2.6017   0.0000   0.3712
   6.500   1.6435   0.01123   0.00544  -0.2095  0.0012  0.2017  -2.7930   0.0000   0.3659
   7.000   1.6947   0.01160   0.00585  -0.2088  0.0012  0.2485  -2.9883   0.0000   0.3608
   7.500   1.7445   0.01201   0.00628  -0.2080  0.0012  0.2826  -3.1855   0.0000   0.3559
   8.000   1.7915   0.01249   0.00672  -0.2065  0.0012  0.2581  -3.3821   0.0000   0.3511
   8.500   1.8415   0.01290   0.00726  -0.2059  0.0012  0.3773  -3.5877   0.0000   0.3467
  10.000   1.9656   0.01458   0.00908  -0.1986  0.0011  0.4999  -4.5875   0.0000   0.3332
  10.500   1.9965   0.01531   0.00983  -0.1943  0.0011  0.5102  -5.0927   0.0000   0.3285
  11.000   2.0275   0.01616   0.01071  -0.1902  0.0011  0.5298  -5.6204   0.0000   0.3240
  11.500   2.0579   0.01713   0.01173  -0.1862  0.0011  0.5613  -6.1654   0.0000   0.3196
  12.000   2.0853   0.01828   0.01291  -0.1819  0.0010  0.5784  -6.7189   0.0000   0.3154
  12.500   2.1133   0.01958   0.01429  -0.1780  0.0010  0.6221  -7.2968   0.0000   0.3113
  13.000   2.1392   0.02108   0.01585  -0.1742  0.0010  0.6542  -7.8768   0.0000   0.3074
  13.500   2.1615   0.02286   0.01770  -0.1701  0.0009  0.6906  -8.4504   0.0000   0.3036
  14.000   2.1810   0.02498   0.01990  -0.1661  0.0009  0.7196  -9.0214   0.0000   0.2999
  14.500   2.2013   0.02736   0.02237  -0.1627  0.0009  0.7712  -9.6137   0.0000   0.2965
  15.000   2.2199   0.03009   0.02521  -0.1595  0.0009  0.8319  -10.2091   0.0000   0.2932
  15.500   2.2410   0.03306   0.02842  -0.1574  0.0008  1.0000  -10.8417   0.0000   0.2904
  16.000   2.2528   0.03656   0.03197  -0.1542  0.0008  1.0000  -11.4130   0.0000   0.2873
  16.500   2.2628   0.04029   0.03575  -0.1512  0.0008  1.0000  -11.9831   0.0000   0.2844
  17.000   2.2723   0.04428   0.03980  -0.1486  0.0008  1.0000  -12.5613   0.0000   0.2816
  17.500   2.2781   0.04897   0.04455  -0.1462  0.0007  1.0000  -13.1171   0.0000   0.2791
  18.000   2.2796   0.05440   0.05006  -0.1442  0.0007  1.0000  -13.6456   0.0000   0.2767
  18.500   2.2781   0.06040   0.05614  -0.1425  0.0007  1.0000  -14.1521   0.0000   0.2746
  19.000   2.2747   0.06678   0.06261  -0.1412  0.0006  1.0000  -14.6475   0.0000   0.2727
  19.500   2.2772   0.07239   0.06828  -0.1402  0.0005  1.0000  -15.2083   0.0000   0.2707


