xflr5 v6.59

 Calculated polar for: WORTMANN FX 63-137 AIRFOIL

 1 1 Reynolds number fixed          Mach number fixed         

 xtrf =   1.000 (top)        1.000 (bottom)
 Mach =   0.000     Re =     5.000 e 6     Ncrit =   9.000

  alpha     CL        CD       CDp       Cm    Top Xtr Bot Xtr   Cpmin    Chinge    XCp    
 ------- -------- --------- --------- -------- ------- ------- -------- --------- ---------
 -16.100   -0.6894   0.05535   0.05338   -0.1355   0.9400   0.0042   -13.7675   0.0000   0.0231   
 -15.900   -0.7172   0.04500   0.04267   -0.1480   0.8989   0.0042   -14.3174   0.0000   0.0147   
 -15.800   -0.7266   0.04188   0.03942   -0.1512   0.8807   0.0042   -14.4477   0.0000   0.0135   
 -15.700   -0.7324   0.03950   0.03695   -0.1535   0.8656   0.0042   -14.5075   0.0000   0.0124   
 -15.500   -0.7399   0.03570   0.03296   -0.1572   0.8371   0.0042   -14.5446   0.0000   0.0105   
 -15.400   -0.7432   0.03388   0.03107   -0.1589   0.8270   0.0042   -14.5518   0.0000   0.0095   
 -15.300   -0.7433   0.03261   0.02975   -0.1601   0.8158   0.0042   -14.5063   0.0000   0.0084   
 -15.200   -0.7453   0.03110   0.02815   -0.1615   0.8031   0.0042   -14.4878   0.0000   0.0075   
 -15.100   -0.7441   0.03000   0.02702   -0.1624   0.7967   0.0042   -14.4223   0.0000   0.0062   
 -15.000   -0.7445   0.02869   0.02565   -0.1636   0.7905   0.0042   -14.3790   0.0000   0.0050   
 -14.900   -0.7426   0.02776   0.02468   -0.1643   0.7830   0.0042   -14.2993   0.0000   0.0038   
 -14.800   -0.7413   0.02672   0.02360   -0.1652   0.7773   0.0042   -14.2290   0.0000   0.0025   
 -14.700   -0.7396   0.02575   0.02261   -0.1659   0.7751   0.0042   -14.1516   0.0000   0.0013   
 -14.600   -0.7381   0.02490   0.02173   -0.1664   0.7716   0.0043   -14.0722   0.0000   0.0004   
 -14.500   -0.7363   0.02403   0.02082   -0.1672   0.7646   0.0043   -13.9926   0.0000   -0.0008   
 -14.400   -0.7316   0.02331   0.02004   -0.1680   0.7525   0.0043   -13.8804   0.0000   -0.0032   
 -14.300   -0.7258   0.02248   0.01917   -0.1693   0.7468   0.0043   -13.7609   0.0000   -0.0067   
 -14.200   -0.7188   0.02178   0.01845   -0.1704   0.7427   0.0043   -13.6269   0.0000   -0.0104   
 -14.100   -0.7113   0.02104   0.01767   -0.1718   0.7384   0.0043   -13.4906   0.0000   -0.0147   
 -14.000   -0.7038   0.02020   0.01676   -0.1734   0.7319   0.0043   -13.3633   0.0000   -0.0195   
 -13.900   -0.6945   0.01960   0.01612   -0.1748   0.7271   0.0043   -13.2061   0.0000   -0.0247   
 -13.800   -0.6843   0.01901   0.01551   -0.1763   0.7236   0.0043   -13.0409   0.0000   -0.0306   
 -13.700   -0.6735   0.01848   0.01496   -0.1777   0.7212   0.0043   -12.8690   0.0000   -0.0368   
 -13.600   -0.6621   0.01797   0.01443   -0.1792   0.7206   0.0044   -12.6913   0.0000   -0.0437   
 -13.500   -0.6503   0.01751   0.01397   -0.1806   0.7201   0.0044   -12.5098   0.0000   -0.0508   
 -13.400   -0.6387   0.01714   0.01358   -0.1818   0.7195   0.0044   -12.3271   0.0000   -0.0577   
 -13.300   -0.6275   0.01685   0.01329   -0.1825   0.7187   0.0044   -12.1459   0.0000   -0.0640   
 -13.200   -0.6166   0.01663   0.01306   -0.1830   0.7171   0.0044   -11.9651   0.0000   -0.0700   
 -13.100   -0.6059   0.01646   0.01289   -0.1834   0.7131   0.0044   -11.7836   0.0000   -0.0759   
 -13.000   -0.5963   0.01641   0.01280   -0.1834   0.6974   0.0044   -11.6088   0.0000   -0.0808   
 -12.900   -0.5858   0.01644   0.01282   -0.1834   0.6859   0.0045   -11.4206   0.0000   -0.0863   
 -12.800   -0.5749   0.01681   0.01324   -0.1827   0.6777   0.0045   -11.2063   0.0000   -0.0911   
 -6.900   0.1085   0.00861   0.00247   -0.2004   0.3053   0.0062   -3.7084   0.0000   2.1484   
 -6.800   0.1203   0.00860   0.00244   -0.2005   0.3020   0.0062   -3.6350   0.0000   1.9624   
 -6.700   0.1320   0.00859   0.00242   -0.2006   0.2985   0.0061   -3.5622   0.0000   1.8102   
 -6.600   0.1438   0.00859   0.00239   -0.2008   0.2948   0.0061   -3.4898   0.0000   1.6832   
 -6.500   0.1555   0.00858   0.00237   -0.2009   0.2910   0.0060   -3.4176   0.0000   1.5750   
 -6.400   0.1673   0.00857   0.00235   -0.2010   0.2870   0.0060   -3.3456   0.0000   1.4816   
 -6.300   0.1792   0.00856   0.00233   -0.2011   0.2825   0.0059   -3.2737   0.0000   1.4003   
 -6.200   0.1911   0.00854   0.00231   -0.2013   0.2792   0.0059   -3.2013   0.0000   1.3289   
 -6.100   0.2030   0.00852   0.00229   -0.2014   0.2783   0.0058   -3.1284   0.0000   1.2659   
 -6.000   0.2149   0.00851   0.00227   -0.2015   0.2777   0.0058   -3.0542   0.0000   1.2099   
 -5.900   0.2267   0.00850   0.00226   -0.2016   0.2770   0.0058   -2.9779   0.0000   1.1599   
 -5.800   0.2385   0.00849   0.00226   -0.2018   0.2761   0.0058   -2.8969   0.0000   1.1151   
 -5.700   0.2485   0.00864   0.00250   -0.2015   0.2752   0.0058   -2.7046   0.0000   1.0789   
 -5.600   0.2603   0.00863   0.00250   -0.2016   0.2750   0.0058   -2.6315   0.0000   1.0414   
 -5.500   0.2714   0.00868   0.00252   -0.2016   0.2627   0.0057   -2.5665   0.0000   1.0087   
 -5.400   0.2825   0.00872   0.00252   -0.2016   0.2492   0.0057   -2.5050   0.0000   0.9785   
 -5.300   0.2943   0.00872   0.00250   -0.2017   0.2462   0.0056   -2.4435   0.0000   0.9494   
 -5.200   0.3061   0.00871   0.00248   -0.2018   0.2433   0.0056   -2.3837   0.0000   0.9226   
 -5.100   0.3179   0.00871   0.00245   -0.2020   0.2404   0.0055   -2.3255   0.0000   0.8979   
 -5.000   0.3296   0.00871   0.00243   -0.2021   0.2374   0.0054   -2.2686   0.0000   0.8748   
 -4.900   0.3415   0.00870   0.00240   -0.2022   0.2345   0.0054   -2.2129   0.0000   0.8533   
 -4.800   0.3534   0.00868   0.00237   -0.2024   0.2314   0.0053   -2.1583   0.0000   0.8331   
 -4.700   0.3654   0.00867   0.00234   -0.2025   0.2283   0.0053   -2.1049   0.0000   0.8142   
 -4.600   0.3773   0.00865   0.00231   -0.2027   0.2249   0.0052   -2.0528   0.0000   0.7965   
 -4.500   0.3894   0.00863   0.00228   -0.2028   0.2224   0.0052   -2.0021   0.0000   0.7798   
 -4.400   0.4014   0.00860   0.00224   -0.2030   0.2218   0.0051   -1.9535   0.0000   0.7641   
 -4.300   0.4135   0.00858   0.00221   -0.2032   0.2213   0.0051   -1.9054   0.0000   0.7493   
 -4.200   0.4255   0.00856   0.00218   -0.2033   0.2209   0.0051   -1.8592   0.0000   0.7353   
 -4.100   0.4376   0.00854   0.00214   -0.2035   0.2204   0.0050   -1.8154   0.0000   0.7221   
 -4.000   0.4502   0.00848   0.00205   -0.2038   0.2198   0.0050   -1.8188   0.0000   0.7093   
 -3.900   0.4622   0.00846   0.00203   -0.2039   0.2190   0.0049   -1.7835   0.0000   0.6975   
 -3.800   0.4742   0.00845   0.00201   -0.2041   0.2184   0.0049   -1.7411   0.0000   0.6863   
 -3.700   0.4861   0.00844   0.00200   -0.2042   0.2181   0.0049   -1.6973   0.0000   0.6757   
 -3.600   0.4969   0.00853   0.00204   -0.2041   0.2013   0.0049   -1.6565   0.0000   0.6662   
 -3.500   0.5084   0.00856   0.00204   -0.2042   0.1945   0.0050   -1.6172   0.0000   0.6567   
 -3.400   0.5210   0.00850   0.00202   -0.2045   0.1925   0.0138   -1.6265   0.0000   0.6473   
 -3.300   0.5326   0.00852   0.00203   -0.2046   0.1905   0.0142   -1.5660   0.0000   0.6386   
 -3.200   0.5442   0.00853   0.00203   -0.2047   0.1886   0.0146   -1.5059   0.0000   0.6303   
 -3.100   0.5557   0.00855   0.00204   -0.2048   0.1867   0.0148   -1.4461   0.0000   0.6223   
 -3.000   0.5673   0.00857   0.00204   -0.2048   0.1848   0.0150   -1.3865   0.0000   0.6147   
 -2.900   0.5789   0.00859   0.00205   -0.2049   0.1828   0.0152   -1.3271   0.0000   0.6074   
 -2.800   0.5905   0.00860   0.00205   -0.2050   0.1809   0.0154   -1.2680   0.0000   0.6003   
 -2.700   0.6021   0.00861   0.00206   -0.2051   0.1789   0.0155   -1.2101   0.0000   0.5935   
 -2.600   0.6138   0.00862   0.00206   -0.2052   0.1767   0.0156   -1.1546   0.0000   0.5870   
 -2.500   0.6254   0.00863   0.00206   -0.2053   0.1733   0.0157   -1.1038   0.0000   0.5807   
 -2.400   0.6372   0.00864   0.00206   -0.2054   0.1701   0.0155   -1.0630   0.0000   0.5746   
 -2.200   0.6589   0.00880   0.00214   -0.2053   0.1457   0.0153   -0.9751   0.0000   0.5634   
 -2.100   0.6704   0.00882   0.00215   -0.2053   0.1440   0.0155   -0.9281   0.0000   0.5579   
 -2.000   0.6819   0.00885   0.00216   -0.2054   0.1425   0.0156   -0.9368   0.0000   0.5527   
 -1.900   0.6934   0.00887   0.00217   -0.2055   0.1409   0.0157   -0.9455   0.0000   0.5476   
 -1.800   0.7048   0.00890   0.00218   -0.2055   0.1394   0.0158   -0.9542   0.0000   0.5426   
 -1.700   0.7163   0.00892   0.00219   -0.2056   0.1380   0.0159   -0.9640   0.0000   0.5379   
 -1.600   0.7278   0.00894   0.00221   -0.2056   0.1365   0.0160   -0.9742   0.0000   0.5333   
 -1.500   0.7393   0.00897   0.00222   -0.2057   0.1350   0.0161   -0.9845   0.0000   0.5288   
 -1.400   0.7508   0.00899   0.00223   -0.2058   0.1335   0.0162   -0.9948   0.0000   0.5244   
 -1.300   0.7623   0.00900   0.00224   -0.2058   0.1320   0.0163   -1.0051   0.0000   0.5202   
 -1.200   0.7738   0.00902   0.00226   -0.2059   0.1303   0.0163   -1.0154   0.0000   0.5161   
 -1.100   0.7854   0.00904   0.00227   -0.2060   0.1287   0.0164   -1.0257   0.0000   0.5121   
 -1.000   0.7969   0.00906   0.00229   -0.2060   0.1271   0.0164   -1.0361   0.0000   0.5082   
 -0.900   0.8084   0.00908   0.00230   -0.2061   0.1257   0.0165   -1.0464   0.0000   0.5045   
 -0.800   0.8199   0.00910   0.00232   -0.2062   0.1241   0.0165   -1.0568   0.0000   0.5008   
 -0.700   0.8314   0.00912   0.00233   -0.2062   0.1237   0.0166   -1.0672   0.0000   0.4973   
 -0.600   0.8429   0.00914   0.00235   -0.2063   0.1232   0.0166   -1.0776   0.0000   0.4938   
 -0.500   0.8544   0.00916   0.00237   -0.2064   0.1228   0.0166   -1.0880   0.0000   0.4904   
 -0.400   0.8659   0.00918   0.00239   -0.2064   0.1225   0.0167   -1.0984   0.0000   0.4871   
 -0.300   0.8773   0.00920   0.00241   -0.2065   0.1221   0.0167   -1.1088   0.0000   0.4839   
 -0.200   0.8888   0.00922   0.00243   -0.2065   0.1217   0.0169   -1.1192   0.0000   0.4808   
 -0.100   0.9002   0.00925   0.00245   -0.2066   0.1212   0.0170   -1.1296   0.0000   0.4778   
 0.000   0.9116   0.00927   0.00247   -0.2067   0.1203   0.0171   -1.1401   0.0000   0.4748   
 0.700   0.9888   0.00966   0.00274   -0.2065   0.0982   0.0173   -1.2145   0.0000   0.4560   
 1.100   1.0335   0.00981   0.00288   -0.2065   0.0944   0.0174   -1.2636   0.0000   0.4464   
 1.200   1.0447   0.00985   0.00292   -0.2065   0.0933   0.0200   -1.2767   0.0000   0.4441   
 1.300   1.0558   0.00989   0.00295   -0.2065   0.0921   0.0221   -1.2916   0.0000   0.4419   
 1.400   1.0669   0.00993   0.00299   -0.2065   0.0908   0.0246   -1.3065   0.0000   0.4397   
 1.500   1.0781   0.00996   0.00304   -0.2065   0.0895   0.0260   -1.3216   0.0000   0.4376   
 1.600   1.0895   0.00999   0.00308   -0.2066   0.0883   0.0342   -1.3367   0.0000   0.4355   
 1.700   1.1007   0.01002   0.00312   -0.2066   0.0872   0.0356   -1.3518   0.0000   0.4334   
 1.800   1.1118   0.01006   0.00316   -0.2066   0.0862   0.0364   -1.3668   0.0000   0.4314   
 1.900   1.1230   0.01010   0.00319   -0.2066   0.0853   0.0370   -1.3819   0.0000   0.4294   
 2.000   1.1341   0.01014   0.00323   -0.2066   0.0844   0.0375   -1.3969   0.0000   0.4275   
 2.100   1.1452   0.01017   0.00327   -0.2066   0.0843   0.0379   -1.4119   0.0000   0.4256   
 2.300   1.1673   0.01025   0.00336   -0.2066   0.0839   0.0430   -1.4420   0.0000   0.4219   
 2.400   1.1780   0.01032   0.00343   -0.2065   0.0808   0.0456   -1.4569   0.0000   0.4201   
 2.500   1.1860   0.01062   0.00362   -0.2059   0.0613   0.0475   -1.4770   0.0000   0.4183   
 2.600   1.1965   0.01069   0.00368   -0.2058   0.0570   0.0495   -1.4954   0.0000   0.4165   
 2.700   1.2077   0.01074   0.00375   -0.2059   0.0535   0.0636   -1.5142   0.0000   0.4148   
 2.800   1.2186   0.01079   0.00380   -0.2058   0.0517   0.0667   -1.5327   0.0000   0.4131   
 2.900   1.2295   0.01084   0.00385   -0.2058   0.0512   0.0726   -1.5511   0.0000   0.4114   
 3.000   1.2403   0.01089   0.00390   -0.2058   0.0508   0.0760   -1.5704   0.0000   0.4098   
 3.100   1.2511   0.01094   0.00395   -0.2057   0.0503   0.0790   -1.5937   0.0000   0.4082   
 3.200   1.2619   0.01100   0.00401   -0.2057   0.0496   0.0819   -1.6172   0.0000   0.4066   
 3.300   1.2727   0.01106   0.00408   -0.2056   0.0486   0.0873   -1.6411   0.0000   0.4050   
 3.400   1.2836   0.01111   0.00414   -0.2056   0.0476   0.1007   -1.6653   0.0000   0.4035   
 3.500   1.2941   0.01118   0.00421   -0.2055   0.0464   0.1023   -1.6893   0.0000   0.4020   
 3.600   1.3046   0.01126   0.00428   -0.2054   0.0452   0.1034   -1.7131   0.0000   0.4005   
 3.700   1.3150   0.01133   0.00435   -0.2053   0.0440   0.1071   -1.7368   0.0000   0.3990   
 3.800   1.3262   0.01134   0.00438   -0.2053   0.0465   0.1048   -1.7585   0.0000   0.3975   
 3.900   1.3372   0.01138   0.00442   -0.2053   0.0475   0.1115   -1.7822   0.0000   0.3961   
 4.000   1.3479   0.01144   0.00449   -0.2052   0.0468   0.1176   -1.8162   0.0000   0.3947   
 4.100   1.3582   0.01152   0.00458   -0.2051   0.0450   0.1236   -1.8501   0.0000   0.3933   
 4.200   1.3688   0.01160   0.00466   -0.2051   0.0426   0.1441   -1.8844   0.0000   0.3919   
 4.300   1.3791   0.01169   0.00474   -0.2049   0.0398   0.1464   -1.9183   0.0000   0.3906   
 4.400   1.3895   0.01176   0.00481   -0.2048   0.0382   0.1557   -1.9528   0.0000   0.3892   
 4.500   1.4003   0.01181   0.00488   -0.2048   0.0379   0.1670   -1.9884   0.0000   0.3879   
 4.600   1.4116   0.01185   0.00495   -0.2049   0.0377   0.1933   -2.0246   0.0000   0.3867   
 4.700   1.4220   0.01191   0.00502   -0.2048   0.0375   0.1967   -2.0599   0.0000   0.3854   
 4.800   1.4327   0.01197   0.00510   -0.2048   0.0373   0.2127   -2.0960   0.0000   0.3841   
 4.900   1.4442   0.01200   0.00518   -0.2049   0.0370   0.2476   -2.1334   0.0000   0.3830   
 5.000   1.4545   0.01207   0.00525   -0.2048   0.0366   0.2518   -2.1692   0.0000   0.3817   
 5.100   1.4654   0.01212   0.00533   -0.2048   0.0361   0.2740   -2.2064   0.0000   0.3805   
 5.200   1.4766   0.01217   0.00542   -0.2049   0.0355   0.3062   -2.2443   0.0000   0.3794   
 5.300   1.4844   0.01243   0.00563   -0.2044   0.0257   0.3189   -2.2802   0.0000   0.3781   
 5.400   1.4951   0.01254   0.00581   -0.2045   0.0222   0.3692   -2.3081   0.0000   0.3770   
 5.500   1.5066   0.01261   0.00596   -0.2047   0.0187   0.4306   -2.3398   0.0000   0.3760   
 5.600   1.5173   0.01268   0.00607   -0.2047   0.0169   0.4557   -2.3754   0.0000   0.3749   
 5.700   1.5273   0.01277   0.00616   -0.2045   0.0165   0.4618   -2.4114   0.0000   0.3737   
 5.900   1.5426   0.01330   0.00669   -0.2033   0.0038   0.4821   -2.4866   0.0000   0.3713   
 6.000   1.5522   0.01342   0.00682   -0.2030   0.0034   0.4895   -2.5231   0.0000   0.3701   
 6.100   1.5617   0.01352   0.00692   -0.2028   0.0032   0.4942   -2.5597   0.0000   0.3690   
 6.200   1.5713   0.01362   0.00703   -0.2025   0.0030   0.4966   -2.5959   0.0000   0.3679   
 6.300   1.5807   0.01373   0.00713   -0.2022   0.0028   0.4983   -2.6321   0.0000   0.3668   
 6.400   1.5901   0.01383   0.00723   -0.2019   0.0027   0.4995   -2.6682   0.0000   0.3657   
 6.500   1.5994   0.01394   0.00734   -0.2016   0.0025   0.5015   -2.7043   0.0000   0.3646   
 6.600   1.6088   0.01405   0.00745   -0.2013   0.0023   0.5068   -2.7406   0.0000   0.3635   
 6.700   1.6183   0.01415   0.00756   -0.2011   0.0022   0.5148   -2.7773   0.0000   0.3624   
 6.800   1.6278   0.01425   0.00768   -0.2008   0.0020   0.5249   -2.8143   0.0000   0.3614   
 6.900   1.6370   0.01436   0.00779   -0.2005   0.0019   0.5310   -2.8510   0.0000   0.3603   
 7.000   1.6461   0.01447   0.00791   -0.2002   0.0018   0.5370   -2.8877   0.0000   0.3593   
 7.100   1.6553   0.01458   0.00803   -0.1999   0.0017   0.5449   -2.9246   0.0000   0.3582   
 7.200   1.6642   0.01470   0.00815   -0.1995   0.0016   0.5482   -2.9613   0.0000   0.3572   
 7.300   1.6730   0.01482   0.00827   -0.1991   0.0015   0.5513   -2.9980   0.0000   0.3562   
 7.400   1.6818   0.01493   0.00839   -0.1987   0.0014   0.5541   -3.0347   0.0000   0.3551   
 7.500   1.6904   0.01506   0.00851   -0.1983   0.0014   0.5571   -3.0713   0.0000   0.3541   
 7.600   1.6987   0.01518   0.00864   -0.1978   0.0013   0.5597   -3.1074   0.0000   0.3531   
 7.700   1.7061   0.01531   0.00877   -0.1971   0.0013   0.5618   -3.1420   0.0000   0.3520   
 7.800   1.7127   0.01544   0.00890   -0.1963   0.0013   0.5634   -3.1753   0.0000   0.3509   
 7.900   1.7195   0.01557   0.00904   -0.1955   0.0013   0.5646   -3.2090   0.0000   0.3498   
 8.000   1.7264   0.01571   0.00918   -0.1947   0.0013   0.5669   -3.2431   0.0000   0.3488   
 8.100   1.7334   0.01585   0.00932   -0.1940   0.0013   0.5724   -3.2773   0.0000   0.3477   
 8.200   1.7405   0.01599   0.00949   -0.1933   0.0013   0.5776   -3.3120   0.0000   0.3467   
 8.300   1.7477   0.01613   0.00965   -0.1926   0.0013   0.5850   -3.3471   0.0000   0.3457   
 8.400   1.7549   0.01628   0.00981   -0.1920   0.0013   0.5922   -3.3821   0.0000   0.3446   
 8.500   1.7619   0.01644   0.00998   -0.1913   0.0013   0.5976   -3.4168   0.0000   0.3436   
 8.600   1.7690   0.01659   0.01016   -0.1906   0.0013   0.6133   -3.4520   0.0000   0.3426   
 8.700   1.7760   0.01675   0.01034   -0.1899   0.0013   0.6238   -3.4869   0.0000   0.3417   
 8.800   1.7827   0.01692   0.01052   -0.1892   0.0013   0.6286   -3.5215   0.0000   0.3407   
 8.900   1.7894   0.01710   0.01071   -0.1885   0.0013   0.6377   -3.5562   0.0000   0.3397   
 9.000   1.7962   0.01728   0.01091   -0.1878   0.0013   0.6480   -3.5912   0.0000   0.3387   
 9.100   1.8029   0.01746   0.01112   -0.1870   0.0013   0.6553   -3.6259   0.0000   0.3377   
 9.200   1.8094   0.01766   0.01132   -0.1863   0.0013   0.6602   -3.6684   0.0000   0.3368   
 9.300   1.8162   0.01785   0.01153   -0.1856   0.0012   0.6702   -3.7153   0.0000   0.3358   
 9.400   1.8228   0.01805   0.01175   -0.1849   0.0012   0.6789   -3.7618   0.0000   0.3349   
 9.500   1.8290   0.01826   0.01198   -0.1842   0.0012   0.6848   -3.8075   0.0000   0.3339   
 9.600   1.8350   0.01848   0.01221   -0.1834   0.0012   0.6884   -3.8529   0.0000   0.3330   
 9.700   1.8410   0.01871   0.01244   -0.1826   0.0012   0.6907   -3.8982   0.0000   0.3320   
 9.800   1.8468   0.01894   0.01269   -0.1817   0.0012   0.6948   -3.9435   0.0000   0.3311   
 9.900   1.8525   0.01919   0.01295   -0.1809   0.0012   0.7013   -3.9884   0.0000   0.3302   
 10.000   1.8583   0.01944   0.01321   -0.1801   0.0012   0.7069   -4.0337   0.0000   0.3292   
 10.100   1.8642   0.01969   0.01348   -0.1794   0.0012   0.7118   -4.0794   0.0000   0.3283   
 10.200   1.8700   0.01995   0.01375   -0.1786   0.0012   0.7164   -4.1251   0.0000   0.3274   
 10.300   1.8754   0.02023   0.01405   -0.1778   0.0012   0.7205   -4.1909   0.0000   0.3265   
 10.400   1.8808   0.02052   0.01437   -0.1770   0.0012   0.7295   -4.2725   0.0000   0.3256   
 10.500   1.8865   0.02081   0.01469   -0.1763   0.0012   0.7389   -4.3575   0.0000   0.3248   
 10.600   1.8921   0.02111   0.01500   -0.1755   0.0012   0.7462   -4.4414   0.0000   0.3239   
 10.700   1.8971   0.02143   0.01535   -0.1747   0.0012   0.7520   -4.5215   0.0000   0.3230   
 10.800   1.9023   0.02177   0.01572   -0.1739   0.0012   0.7630   -4.6015   0.0000   0.3222   
 10.900   1.9075   0.02210   0.01608   -0.1732   0.0012   0.7722   -4.6802   0.0000   0.3213   
 11.000   1.9127   0.02245   0.01646   -0.1724   0.0012   0.7815   -4.7562   0.0000   0.3205   
 11.100   1.9175   0.02283   0.01688   -0.1716   0.0012   0.7952   -4.8276   0.0000   0.3196   
 14.600   2.0219   0.04448   0.03945   -0.1471   0.0010   1.0000   -7.8467   0.0000   0.2951   
 14.700   2.0270   0.04499   0.03993   -0.1469   0.0010   1.0000   -8.0290   0.0000   0.2945   
 14.800   2.0284   0.04592   0.04087   -0.1465   0.0010   1.0000   -8.1350   0.0000   0.2940   
 14.900   2.0296   0.04687   0.04184   -0.1460   0.0010   1.0000   -8.2198   0.0000   0.2935   
 15.000   2.0311   0.04779   0.04278   -0.1455   0.0010   1.0000   -8.3049   0.0000   0.2929   
 15.100   2.0328   0.04870   0.04372   -0.1450   0.0010   1.0000   -8.3915   0.0000   0.2924   
 15.200   2.0344   0.04963   0.04467   -0.1445   0.0010   1.0000   -8.4775   0.0000   0.2919   
 15.300   2.0335   0.05087   0.04594   -0.1441   0.0010   1.0000   -8.5456   0.0000   0.2914   
 15.400   2.0325   0.05216   0.04726   -0.1436   0.0010   1.0000   -8.6121   0.0000   0.2910   
 15.500   2.0330   0.05325   0.04838   -0.1432   0.0010   1.0000   -8.6906   0.0000   0.2905   
 15.600   2.0339   0.05430   0.04945   -0.1428   0.0010   1.0000   -8.7727   0.0000   0.2900   
 15.700   2.0349   0.05535   0.05053   -0.1424   0.0010   1.0000   -8.8555   0.0000   0.2895   
 15.800   2.0345   0.05659   0.05180   -0.1420   0.0010   1.0000   -8.9270   0.0000   0.2891   
 15.900   2.0315   0.05820   0.05344   -0.1417   0.0010   1.0000   -8.9788   0.0000   0.2888   
 16.000   2.0313   0.05942   0.05470   -0.1413   0.0010   1.0000   -9.0530   0.0000   0.2883   
 16.100   2.0318   0.06057   0.05588   -0.1410   0.0010   1.0000   -9.1320   0.0000   0.2879   
 16.400   2.0086   0.06732   0.06288   -0.1397   0.0010   1.0000   -9.0011   0.0000   0.2872   
 16.500   2.0017   0.06949   0.06512   -0.1394   0.0010   1.0000   -8.9697   0.0000   0.2870   
 16.600   1.9952   0.07162   0.06731   -0.1391   0.0010   1.0000   -8.9522   0.0000   0.2868   
 16.700   1.9853   0.07435   0.07011   -0.1391   0.0010   1.0000   -8.9250   0.0000   0.2869   
 16.800   1.9781   0.07662   0.07245   -0.1389   0.0011   1.0000   -8.9036   0.0000   0.2868   
 16.900   1.9700   0.07899   0.07488   -0.1388   0.0011   1.0000   -8.8685   0.0000   0.2867   
 17.000   1.9559   0.08225   0.07823   -0.1389   0.0011   1.0000   -8.7872   0.0000   0.2870   
 17.100   1.9343   0.08664   0.08274   -0.1390   0.0011   1.0000   -8.5953   0.0000   0.2876   
 17.200   1.9009   0.09312   0.08937   -0.1399   0.0011   1.0000   -8.2835   0.0000   0.2890   
 17.300   1.8989   0.09481   0.09110   -0.1400   0.0011   1.0000   -8.3381   0.0000   0.2889   
 17.400   1.8970   0.09648   0.09280   -0.1402   0.0011   1.0000   -8.3940   0.0000   0.2888   
