XFLR5 v6.02 Beta

 Calculated polar for: WORTMANN FX 63-137

 1 1 Reynolds number fixed          Mach number fixed         

 xtrf =   1.000 (top)        1.000 (bottom)
 Mach =   0.000     Re =    15.750 e 6     Ncrit =   9.000

  alpha     CL        CD       CDp       CM    Top Xtr Bot Xtr   Cpmin    Chinge    XCp    
 ------- -------- --------- --------- -------- ------- ------- -------- --------- ---------
 -20.000  -1.0921   0.04749   0.04461  -0.1516  0.7459  0.0032  -23.4617   0.0000   0.0786
 -19.500  -1.1115   0.03844   0.03538  -0.1597  0.7294  0.0032  -23.5050   0.0000   0.0755
 -19.000  -1.1171   0.03179   0.02860  -0.1655  0.7189  0.0033  -23.2649   0.0000   0.0726
 -18.500  -1.1096   0.02706   0.02366  -0.1695  0.6749  0.0033  -22.7847   0.0000   0.0695
 -18.000  -1.0944   0.02320   0.01971  -0.1724  0.6603  0.0033  -22.1748   0.0000   0.0659
 -17.500  -1.0744   0.01999   0.01644  -0.1748  0.6589  0.0034  -21.4900   0.0000   0.0620
 -17.000  -1.0321   0.01739   0.01377  -0.1796  0.6561  0.0034  -20.5436   0.0000   0.0514
 -16.500  -0.9830   0.01546   0.01156  -0.1848  0.5711  0.0035  -19.5282   0.0000   0.0380
 -16.000  -0.9316   0.01443   0.01038  -0.1867  0.5311  0.0035  -18.4694   0.0000   0.0261
 -15.500  -0.8768   0.01352   0.00942  -0.1884  0.5299  0.0036  -17.3927   0.0000   0.0119
 -15.000  -0.8229   0.01284   0.00861  -0.1896  0.4957  0.0036  -16.3488   0.0000  -0.0033
 -14.500  -0.7673   0.01220   0.00789  -0.1907  0.4790  0.0037  -15.3128   0.0000  -0.0213
 -14.000  -0.7103   0.01160   0.00723  -0.1919  0.4653  0.0038  -14.2919   0.0000  -0.0430
 -13.500  -0.6577   0.01132   0.00664  -0.1921  0.3548  0.0038  -13.3489   0.0000  -0.0650
 -13.000  -0.5997   0.01084   0.00610  -0.1932  0.3393  0.0038  -12.3755   0.0000  -0.0955
 -12.500  -0.5410   0.01038   0.00560  -0.1943  0.3372  0.0039  -11.4294   0.0000  -0.1331
 -12.000  -0.4829   0.01002   0.00516  -0.1952  0.3174  0.0040  -10.5653   0.0000  -0.1791
 -11.500  -0.4242   0.00969   0.00475  -0.1962  0.3027  0.0040  -9.6857   0.0000  -0.2387
 -11.000  -0.3652   0.00935   0.00435  -0.1971  0.2892  0.0041  -8.8742   0.0000  -0.3180
 -10.500  -0.3074   0.00914   0.00399  -0.1978  0.2355  0.0042  -8.1056   0.0000  -0.4248
 -10.000  -0.2476   0.00884   0.00364  -0.1989  0.2220  0.0042  -7.3591   0.0000  -0.5891
  -9.500  -0.1875   0.00855   0.00331  -0.1999  0.2204  0.0043  -6.6559   0.0000  -0.8601
  -9.000  -0.1284   0.00838   0.00303  -0.2006  0.1896  0.0043  -6.0285   0.0000  -1.3723
  -8.500  -0.0685   0.00817   0.00277  -0.2015  0.1806  0.0043  -5.3804   0.0000  -2.7953
  -4.500   0.4094   0.00741   0.00179  -0.2075  0.1279  0.0045  -2.2513   0.0000   0.7653
  -3.500   0.5277   0.00740   0.00175  -0.2086  0.1235  0.0046  -1.6545   0.0000   0.6503
  -3.000   0.5853   0.00752   0.00180  -0.2089  0.1020  0.0080  -1.3773   0.0000   0.6105
  -2.500   0.6438   0.00757   0.00183  -0.2094  0.0983  0.0091  -1.1144   0.0000   0.5777
  -2.000   0.7019   0.00764   0.00186  -0.2098  0.0926  0.0092  -0.9494   0.0000   0.5503
  -1.500   0.7604   0.00769   0.00190  -0.2103  0.0893  0.0148  -0.9990   0.0000   0.5271
  -1.000   0.8183   0.00777   0.00197  -0.2107  0.0844  0.0153  -1.0510   0.0000   0.5071
  -0.500   0.8760   0.00786   0.00206  -0.2110  0.0838  0.0157  -1.1033   0.0000   0.4898
   0.000   0.9335   0.00796   0.00215  -0.2113  0.0830  0.0159  -1.1558   0.0000   0.4745
   0.500   0.9908   0.00807   0.00226  -0.2116  0.0822  0.0162  -1.2092   0.0000   0.4610
   1.000   1.0481   0.00817   0.00235  -0.2119  0.0832  0.0172  -1.2720   0.0000   0.4489
   1.500   1.1048   0.00830   0.00248  -0.2121  0.0825  0.0186  -1.3471   0.0000   0.4380
   2.000   1.1592   0.00862   0.00273  -0.2118  0.0646  0.0245  -1.4211   0.0000   0.4280
   2.500   1.2127   0.00901   0.00304  -0.2114  0.0374  0.0380  -1.5075   0.0000   0.4189
   3.000   1.2636   0.00959   0.00349  -0.2105  0.0042  0.0426  -1.6117   0.0000   0.4104
   4.000   1.3722   0.01011   0.00401  -0.2101  0.0041  0.0662  -1.8601   0.0000   0.3955
   4.500   1.4252   0.01043   0.00431  -0.2096  0.0033  0.0724  -2.0344   0.0000   0.3887
   5.000   1.4782   0.01074   0.00464  -0.2092  0.0025  0.1015  -2.2139   0.0000   0.3824
   5.500   1.5304   0.01108   0.00498  -0.2087  0.0018  0.1203  -2.3963   0.0000   0.3765
   6.000   1.5836   0.01139   0.00538  -0.2085  0.0013  0.2153  -2.5850   0.0000   0.3709
   6.500   1.6349   0.01176   0.00579  -0.2079  0.0013  0.2561  -2.7754   0.0000   0.3656
   7.000   1.6857   0.01215   0.00622  -0.2072  0.0012  0.3073  -2.9694   0.0000   0.3605
   7.500   1.7366   0.01253   0.00672  -0.2067  0.0012  0.3989  -3.1680   0.0000   0.3557
   8.000   1.7813   0.01309   0.00718  -0.2047  0.0012  0.3360  -3.3596   0.0000   0.3508
   8.500   1.8299   0.01354   0.00776  -0.2038  0.0012  0.4430  -3.5621   0.0000   0.3463
   9.000   1.8739   0.01411   0.00835  -0.2019  0.0012  0.4669  -3.7938   0.0000   0.3418
   9.500   1.9095   0.01472   0.00901  -0.1983  0.0012  0.4967  -4.0408   0.0000   0.3370
  10.000   1.9426   0.01543   0.00977  -0.1944  0.0011  0.5319  -4.4532   0.0000   0.3322
  10.500   1.9737   0.01627   0.01064  -0.1902  0.0011  0.5506  -4.9523   0.0000   0.3276
  11.000   2.0048   0.01722   0.01164  -0.1863  0.0011  0.5779  -5.4724   0.0000   0.3231
  11.500   2.0340   0.01833   0.01283  -0.1823  0.0011  0.6239  -6.0020   0.0000   0.3188
  12.000   2.0615   0.01963   0.01418  -0.1783  0.0011  0.6529  -6.5419   0.0000   0.3147
  12.500   2.0882   0.02111   0.01573  -0.1745  0.0010  0.6898  -7.1129   0.0000   0.3107
  13.000   2.1118   0.02282   0.01751  -0.1706  0.0010  0.7153  -7.6705   0.0000   0.3068
  13.500   2.1329   0.02487   0.01964  -0.1667  0.0009  0.7594  -8.2281   0.0000   0.3031
  14.500   2.1766   0.02980   0.02494  -0.1609  0.0009  1.0000  -9.4050   0.0000   0.2965
  15.000   2.1920   0.03280   0.02799  -0.1575  0.0009  1.0000  -9.9672   0.0000   0.2932
  15.500   2.2045   0.03623   0.03148  -0.1543  0.0008  1.0000  -10.5218   0.0000   0.2901
  16.000   2.2176   0.03969   0.03499  -0.1514  0.0008  1.0000  -11.0961   0.0000   0.2871
  16.500   2.2253   0.04384   0.03921  -0.1486  0.0008  1.0000  -11.6370   0.0000   0.2844
  17.000   2.2306   0.04858   0.04403  -0.1462  0.0008  1.0000  -12.1677   0.0000   0.2818
  17.500   2.2332   0.05388   0.04941  -0.1441  0.0008  1.0000  -12.6846   0.0000   0.2794
  18.000   2.2331   0.05975   0.05536  -0.1425  0.0007  1.0000  -13.1852   0.0000   0.2772
  18.500   2.2331   0.06571   0.06140  -0.1412  0.0007  1.0000  -13.6944   0.0000   0.2752
  19.000   2.2352   0.07142   0.06719  -0.1402  0.0007  1.0000  -14.2313   0.0000   0.2733
  19.500   2.2271   0.07864   0.07450  -0.1397  0.0007  1.0000  -14.6726   0.0000   0.2718
  20.000   2.2136   0.08646   0.08244  -0.1395  0.0006  1.0000  -15.0627   0.0000   0.2706


