XFLR5 v6.02 Beta

 Calculated polar for: WORTMANN FX 63-137

 1 1 Reynolds number fixed          Mach number fixed         

 xtrf =   1.000 (top)        1.000 (bottom)
 Mach =   0.000     Re =    55.000 e 6     Ncrit =   9.000

  alpha     CL        CD       CDp       CM    Top Xtr Bot Xtr   Cpmin    Chinge    XCp    
 ------- -------- --------- --------- -------- ------- ------- -------- --------- ---------
 -22.000  -0.3948   0.20410   0.20160  -0.0609  0.2243  0.0014  -6.5863   0.0000   0.0451
 -21.500  -0.3776   0.19889   0.19637  -0.0645  0.2219  0.0014  -6.3736   0.0000   0.0282
 -21.000  -0.3604   0.19363   0.19110  -0.0681  0.2215  0.0014  -6.1657   0.0000   0.0098
 -20.500  -0.3432   0.18830   0.18575  -0.0715  0.2212  0.0014  -5.9649   0.0000  -0.0104
 -20.000  -0.3264   0.18298   0.18037  -0.0748  0.1907  0.0016  -5.7709   0.0000  -0.0320
 -19.500  -0.3095   0.17759   0.17495  -0.0781  0.1700  0.0017  -5.5799   0.0000  -0.0561
 -19.000  -0.2926   0.17212   0.16947  -0.0814  0.1697  0.0019  -5.3938   0.0000  -0.0830
 -18.500  -0.2759   0.16661   0.16394  -0.0846  0.1700  0.0020  -5.2147   0.0000  -0.1128
 -18.000  -0.2594   0.16107   0.15839  -0.0877  0.1698  0.0022  -5.0423   0.0000  -0.1460
 -17.500  -0.2432   0.15552   0.15283  -0.0907  0.1696  0.0024  -4.8783   0.0000  -0.1828
 -17.000  -0.2279   0.15008   0.14738  -0.0937  0.1693  0.0026  -4.7245   0.0000  -0.2228
 -16.500  -0.2128   0.14467   0.14196  -0.0965  0.1690  0.0027  -4.5789   0.0000  -0.2675
 -16.000  -0.1972   0.13892   0.13621  -0.0995  0.1690  0.0029  -4.4379   0.0000  -0.3213
 -15.500  -0.1822   0.13315   0.13041  -0.1023  0.1495  0.0031  -4.3069   0.0000  -0.3815
 -15.000  -0.1674   0.12727   0.12450  -0.1052  0.1443  0.0033  -4.1848   0.0000  -0.4520
 -14.500  -0.1532   0.12134   0.11856  -0.1080  0.1416  0.0035  -4.1112   0.0000  -0.5334
 -14.000  -0.1397   0.11545   0.11266  -0.1108  0.1353  0.0035  -4.0482   0.0000  -0.6261
 -13.500  -0.1276   0.10959   0.10679  -0.1135  0.1323  0.0036  -4.0027   0.0000  -0.7269
 -13.000  -0.1155   0.10330   0.10049  -0.1165  0.1300  0.0037  -3.9724   0.0000  -0.8523
 -12.500  -0.1050   0.09673   0.09392  -0.1197  0.1280  0.0038  -3.9708   0.0000  -0.9886
 -12.000  -0.0979   0.08982   0.08702  -0.1229  0.1262  0.0038  -4.0170   0.0000  -1.1087
 -11.500  -0.0958   0.08178   0.07899  -0.1270  0.1251  0.0039  -4.1575   0.0000  -1.1758
 -10.500  -0.2879   0.00727   0.00275  -0.2033  0.1459  0.0040  -8.5159   0.0000  -0.4895
 -10.000  -0.2283   0.00710   0.00254  -0.2041  0.1404  0.0040  -7.7764   0.0000  -0.6831
  -9.500  -0.1685   0.00695   0.00237  -0.2049  0.1350  0.0041  -7.0659   0.0000  -1.0146
  -9.000  -0.1087   0.00681   0.00220  -0.2056  0.1251  0.0041  -6.3848   0.0000  -1.7119
  -8.500  -0.0489   0.00669   0.00206  -0.2064  0.1239  0.0041  -5.7310   0.0000  -4.1192
  -8.000   0.0110   0.00658   0.00193  -0.2071  0.1236  0.0042  -5.1067   0.0000  19.7259
  -7.500   0.0708   0.00648   0.00182  -0.2078  0.1233  0.0042  -4.5121   0.0000   3.2729
  -6.500   0.1903   0.00634   0.00165  -0.2092  0.1227  0.0043  -3.6538   0.0000   1.3772
  -6.000   0.2494   0.00633   0.00159  -0.2098  0.1029  0.0043  -3.2795   0.0000   1.1107
  -5.500   0.3087   0.00631   0.00154  -0.2104  0.0999  0.0044  -2.9190   0.0000   0.9457
  -5.000   0.3680   0.00629   0.00151  -0.2110  0.0971  0.0044  -2.5736   0.0000   0.8341
  -4.500   0.4272   0.00629   0.00148  -0.2116  0.0937  0.0045  -2.2435   0.0000   0.7534
  -4.000   0.4864   0.00629   0.00147  -0.2121  0.0849  0.0045  -1.9294   0.0000   0.6924
  -3.500   0.5454   0.00630   0.00147  -0.2127  0.0843  0.0046  -1.6308   0.0000   0.6446
  -3.000   0.6043   0.00632   0.00148  -0.2132  0.0842  0.0046  -1.3479   0.0000   0.6062
  -2.500   0.6631   0.00635   0.00150  -0.2137  0.0839  0.0046  -1.0803   0.0000   0.5746
  -2.000   0.7216   0.00640   0.00154  -0.2141  0.0827  0.0052  -0.9618   0.0000   0.5481
  -1.500   0.7784   0.00659   0.00164  -0.2142  0.0492  0.0061  -1.0111   0.0000   0.5257
  -1.000   0.8364   0.00668   0.00171  -0.2146  0.0464  0.0072  -1.0633   0.0000   0.5062
  -0.500   0.8942   0.00677   0.00178  -0.2149  0.0439  0.0079  -1.1158   0.0000   0.4892
   0.000   0.9518   0.00687   0.00187  -0.2152  0.0416  0.0085  -1.1686   0.0000   0.4743
   0.500   1.0094   0.00697   0.00196  -0.2156  0.0393  0.0154  -1.2235   0.0000   0.4610
   1.000   1.0668   0.00708   0.00206  -0.2159  0.0422  0.0170  -1.2883   0.0000   0.4490
   1.500   1.1237   0.00721   0.00218  -0.2161  0.0412  0.0171  -1.3639   0.0000   0.4383
   2.000   1.1803   0.00735   0.00231  -0.2162  0.0379  0.0216  -1.4402   0.0000   0.4285
   2.500   1.2332   0.00781   0.00267  -0.2156  0.0018  0.0372  -1.5283   0.0000   0.4194
   3.500   1.3440   0.00823   0.00305  -0.2156  0.0013  0.0401  -1.7611   0.0000   0.4035
   4.000   1.3988   0.00846   0.00327  -0.2154  0.0014  0.0433  -1.9060   0.0000   0.3964
   4.500   1.4533   0.00871   0.00350  -0.2153  0.0013  0.0493  -2.0845   0.0000   0.3897
   5.000   1.5075   0.00896   0.00375  -0.2151  0.0013  0.0667  -2.2674   0.0000   0.3835
   5.500   1.5609   0.00924   0.00402  -0.2148  0.0013  0.0761  -2.4541   0.0000   0.3776
   6.000   1.6142   0.00953   0.00431  -0.2144  0.0012  0.1127  -2.6452   0.0000   0.3721
   6.500   1.6668   0.00984   0.00463  -0.2140  0.0012  0.1283  -2.8398   0.0000   0.3668
   7.000   1.7187   0.01016   0.00495  -0.2134  0.0012  0.1464  -3.0380   0.0000   0.3617
   7.500   1.7696   0.01052   0.00529  -0.2127  0.0012  0.1557  -3.2390   0.0000   0.3569
   8.000   1.8197   0.01090   0.00566  -0.2119  0.0012  0.1524  -3.4427   0.0000   0.3522
   8.500   1.8696   0.01129   0.00607  -0.2110  0.0012  0.1947  -3.6501   0.0000   0.3477
   9.000   1.9186   0.01170   0.00651  -0.2101  0.0012  0.2490  -3.9235   0.0000   0.3434
   9.500   1.9654   0.01216   0.00697  -0.2087  0.0012  0.2577  -4.2845   0.0000   0.3391
  10.000   2.0135   0.01260   0.00751  -0.2077  0.0011  0.3688  -4.8712   0.0000   0.3351
  10.500   2.0568   0.01314   0.00804  -0.2057  0.0011  0.3704  -5.4632   0.0000   0.3310
  11.000   2.0923   0.01374   0.00865  -0.2021  0.0011  0.3776  -6.0386   0.0000   0.3266
  11.500   2.1207   0.01441   0.00933  -0.1971  0.0011  0.3874  -6.5912   0.0000   0.3220
  12.000   2.1501   0.01521   0.01013  -0.1926  0.0010  0.3893  -7.1719   0.0000   0.3176
  12.500   2.1799   0.01612   0.01107  -0.1885  0.0010  0.4070  -7.7770   0.0000   0.3134
  13.000   2.2077   0.01718   0.01221  -0.1843  0.0010  0.4682  -8.3888   0.0000   0.3094
  13.500   2.2339   0.01843   0.01350  -0.1800  0.0009  0.4976  -9.0098   0.0000   0.3054
  14.000   2.2575   0.01990   0.01499  -0.1757  0.0008  0.4994  -9.6310   0.0000   0.3015
  14.500   2.2798   0.02156   0.01671  -0.1715  0.0008  0.5407  -10.2594   0.0000   0.2978
  16.500   2.2936   0.03625   0.03185  -0.1516  0.0025  0.6538  -12.2567   0.0000   0.2838
  17.000   2.3000   0.04030   0.03599  -0.1485  0.0028  0.6876  -12.8103   0.0000   0.2809
  17.500   2.3010   0.04520   0.04096  -0.1455  0.0033  0.7050  -13.3235   0.0000   0.2782
  18.000   2.3100   0.04969   0.04555  -0.1435  0.0038  0.7469  -13.9185   0.0000   0.2757
  18.500   2.3089   0.05559   0.05157  -0.1417  0.0040  0.7893  -14.4299   0.0000   0.2735
  19.000   2.3058   0.06210   0.05820  -0.1405  0.0042  0.8349  -14.9282   0.0000   0.2716
  19.500   2.3072   0.06950   0.06585  -0.1414  0.0044  1.0000  -15.4790   0.0000   0.2704


