XFLR5 v6.02 Beta

 Calculated polar for: WORTMANN FX 63-137

 1 1 Reynolds number fixed          Mach number fixed         

 xtrf =   1.000 (top)        1.000 (bottom)
 Mach =   0.000     Re =    61.500 e 6     Ncrit =   9.000

  alpha     CL        CD       CDp       CM    Top Xtr Bot Xtr   Cpmin    Chinge    XCp    
 ------- -------- --------- --------- -------- ------- ------- -------- --------- ---------
 -22.500  -1.2215   0.05985   0.05671  -0.1477  0.4285  0.0014  -27.7550   0.0000   0.0910
 -22.000  -1.2552   0.04952   0.04627  -0.1558  0.4252  0.0014  -28.0613   0.0000   0.0898
 -21.500  -1.2828   0.04036   0.03700  -0.1630  0.4206  0.0014  -28.2016   0.0000   0.0888
 -21.000  -1.2978   0.03319   0.02974  -0.1687  0.4164  0.0014  -28.0726   0.0000   0.0877
 -20.500  -1.2940   0.02849   0.02498  -0.1720  0.4128  0.0014  -27.5905   0.0000   0.0862
 -20.000  -1.2873   0.02404   0.02047  -0.1752  0.4087  0.0014  -27.0548   0.0000   0.0845
 -19.500  -1.2693   0.02092   0.01730  -0.1768  0.4037  0.0015  -26.3247   0.0000   0.0825
 -19.000  -1.2478   0.01809   0.01443  -0.1788  0.4020  0.0015  -25.5511   0.0000   0.0796
 -18.500  -1.2019   0.01569   0.01198  -0.1841  0.4013  0.0016  -24.4784   0.0000   0.0706
 -18.000  -1.1490   0.01414   0.01030  -0.1884  0.3387  0.0017  -23.3183   0.0000   0.0605
 -17.000  -1.0427   0.01248   0.00852  -0.1912  0.3045  0.0018  -21.0028   0.0000   0.0423
 -16.500  -0.9875   0.01180   0.00779  -0.1923  0.2973  0.0019  -19.8575   0.0000   0.0313
 -16.000  -0.9314   0.01118   0.00714  -0.1935  0.2904  0.0020  -18.7277   0.0000   0.0187
 -15.500  -0.8744   0.01061   0.00654  -0.1945  0.2860  0.0021  -17.6175   0.0000   0.0042
 -14.500  -0.7600   0.00968   0.00549  -0.1964  0.2269  0.0024  -15.4812   0.0000  -0.0315
 -14.000  -0.7015   0.00924   0.00502  -0.1974  0.2218  0.0025  -14.4453   0.0000  -0.0545
 -13.000  -0.5841   0.00851   0.00421  -0.1992  0.1942  0.0028  -12.6270   0.0000  -0.1150
 -11.000  -0.3462   0.00735   0.00291  -0.2029  0.1484  0.0039  -9.2832   0.0000  -0.3658
 -10.500  -0.2866   0.00716   0.00268  -0.2037  0.1419  0.0040  -8.5137   0.0000  -0.4942
 -10.000  -0.2269   0.00699   0.00249  -0.2045  0.1366  0.0040  -7.7733   0.0000  -0.6906
  -9.500  -0.1671   0.00684   0.00231  -0.2052  0.1314  0.0041  -7.0621   0.0000  -1.0281
  -9.000  -0.1072   0.00670   0.00215  -0.2060  0.1240  0.0041  -6.3806   0.0000  -1.7429
  -8.500  -0.0474   0.00658   0.00202  -0.2067  0.1237  0.0041  -5.7266   0.0000  -4.2657
  -8.000   0.0125   0.00647   0.00189  -0.2075  0.1234  0.0042  -5.1023   0.0000  17.4160
  -7.500   0.0723   0.00638   0.00179  -0.2082  0.1231  0.0042  -4.5076   0.0000   3.2155
  -7.000   0.1321   0.00630   0.00169  -0.2089  0.1228  0.0043  -4.0436   0.0000   1.8751
  -6.000   0.2507   0.00624   0.00156  -0.2101  0.1008  0.0043  -3.2775   0.0000   1.1072
  -5.500   0.3101   0.00622   0.00151  -0.2107  0.0980  0.0044  -2.9168   0.0000   0.9437
  -5.000   0.3695   0.00620   0.00148  -0.2113  0.0954  0.0044  -2.5713   0.0000   0.8327
  -4.500   0.4287   0.00619   0.00145  -0.2119  0.0906  0.0045  -2.2410   0.0000   0.7525
  -4.000   0.4879   0.00619   0.00144  -0.2125  0.0843  0.0045  -1.9266   0.0000   0.6917
  -3.500   0.5469   0.00620   0.00144  -0.2130  0.0842  0.0045  -1.6280   0.0000   0.6442
  -3.000   0.6059   0.00622   0.00145  -0.2135  0.0841  0.0046  -1.3451   0.0000   0.6059
  -2.500   0.6647   0.00625   0.00147  -0.2140  0.0839  0.0046  -1.0776   0.0000   0.5743
  -2.000   0.7218   0.00642   0.00156  -0.2142  0.0514  0.0050  -0.9617   0.0000   0.5481
  -1.500   0.7799   0.00650   0.00161  -0.2145  0.0471  0.0058  -1.0121   0.0000   0.5256
  -1.000   0.8379   0.00659   0.00168  -0.2149  0.0444  0.0068  -1.0643   0.0000   0.5062
  -0.500   0.8957   0.00668   0.00176  -0.2153  0.0421  0.0075  -1.1169   0.0000   0.4892
   0.000   0.9535   0.00677   0.00184  -0.2156  0.0398  0.0081  -1.1698   0.0000   0.4743
   1.000   1.0685   0.00697   0.00203  -0.2162  0.0408  0.0170  -1.2898   0.0000   0.4491
   1.500   1.1255   0.00710   0.00214  -0.2164  0.0399  0.0171  -1.3655   0.0000   0.4383
   2.500   1.2351   0.00769   0.00263  -0.2160  0.0016  0.0372  -1.5302   0.0000   0.4195
   3.500   1.3460   0.00811   0.00300  -0.2160  0.0013  0.0394  -1.7637   0.0000   0.4036
   4.000   1.4009   0.00833   0.00321  -0.2159  0.0013  0.0424  -1.9096   0.0000   0.3965
   4.500   1.4555   0.00857   0.00344  -0.2157  0.0013  0.0482  -2.0883   0.0000   0.3898
   5.000   1.5097   0.00882   0.00369  -0.2155  0.0013  0.0666  -2.2715   0.0000   0.3836
   5.500   1.5633   0.00910   0.00394  -0.2152  0.0013  0.0743  -2.4586   0.0000   0.3777
   6.000   1.6167   0.00938   0.00424  -0.2149  0.0012  0.1090  -2.6500   0.0000   0.3722
   6.500   1.6693   0.00968   0.00454  -0.2145  0.0012  0.1210  -2.8449   0.0000   0.3669
   7.000   1.7215   0.01000   0.00486  -0.2140  0.0012  0.1459  -3.0436   0.0000   0.3619
   7.500   1.7725   0.01035   0.00520  -0.2133  0.0012  0.1483  -3.2450   0.0000   0.3570
   8.000   1.8228   0.01073   0.00556  -0.2125  0.0012  0.1466  -3.4494   0.0000   0.3523
   8.500   1.8724   0.01112   0.00595  -0.2116  0.0012  0.1670  -3.6566   0.0000   0.3478
   9.000   1.9217   0.01152   0.00638  -0.2107  0.0012  0.2223  -3.9326   0.0000   0.3435
   9.500   1.9694   0.01196   0.00683  -0.2094  0.0012  0.2496  -4.3069   0.0000   0.3393
  10.000   2.0164   0.01242   0.00734  -0.2082  0.0011  0.3179  -4.8901   0.0000   0.3352
  11.000   2.1029   0.01350   0.00845  -0.2042  0.0011  0.3694  -6.1053   0.0000   0.3271
  11.500   2.1283   0.01414   0.00910  -0.1986  0.0011  0.3705  -6.6416   0.0000   0.3223
  12.000   2.1573   0.01491   0.00988  -0.1939  0.0010  0.3707  -7.2223   0.0000   0.3179
  12.500   2.1870   0.01578   0.01077  -0.1897  0.0010  0.3792  -7.8280   0.0000   0.3137
  13.000   2.2159   0.01678   0.01183  -0.1856  0.0010  0.4420  -8.4495   0.0000   0.3096
  13.500   2.2426   0.01798   0.01308  -0.1814  0.0009  0.4763  -9.0769   0.0000   0.3057
  15.000   2.2655   0.02589   0.02129  -0.1631  0.0017  0.5322  -10.5461   0.0000   0.2934
  15.500   2.2829   0.02843   0.02389  -0.1594  0.0021  0.5646  -11.1952   0.0000   0.2900
  16.000   2.2968   0.03144   0.02697  -0.1559  0.0026  0.5949  -11.7950   0.0000   0.2868
  16.500   2.3074   0.03494   0.03054  -0.1525  0.0029  0.6285  -12.3764   0.0000   0.2838
  17.500   2.3162   0.04349   0.03926  -0.1461  0.0038  0.6792  -13.4600   0.0000   0.2781
  18.000   2.3176   0.04863   0.04448  -0.1436  0.0041  0.7005  -13.9881   0.0000   0.2756
  18.500   2.3176   0.05435   0.05031  -0.1417  0.0043  0.7408  -14.5111   0.0000   0.2733
  19.000   2.3142   0.06071   0.05678  -0.1403  0.0045  0.7762  -15.0093   0.0000   0.2713
  19.500   2.3094   0.06754   0.06374  -0.1395  0.0046  0.8222  -15.4991   0.0000   0.2696
  20.000   2.3234   0.07375   0.07017  -0.1411  0.0046  0.9766  -16.1917   0.0000   0.2683


