XFLR5 v6.02 Beta

 Calculated polar for: WORTMANN FX 63-137

 1 1 Reynolds number fixed          Mach number fixed         

 xtrf =   1.000 (top)        1.000 (bottom)
 Mach =   0.000     Re =    49.500 e 6     Ncrit =   9.000

  alpha     CL        CD       CDp       CM    Top Xtr Bot Xtr   Cpmin    Chinge    XCp    
 ------- -------- --------- --------- -------- ------- ------- -------- --------- ---------
 -22.000  -0.3957   0.20427   0.20174  -0.0605  0.2331  0.0014  -6.5785   0.0000   0.0467
 -21.500  -0.3785   0.19907   0.19652  -0.0641  0.2276  0.0014  -6.3668   0.0000   0.0299
 -21.000  -0.3613   0.19381   0.19124  -0.0676  0.2225  0.0014  -6.1597   0.0000   0.0116
 -20.500  -0.3442   0.18846   0.18587  -0.0711  0.2218  0.0015  -5.9630   0.0000  -0.0084
 -20.000  -0.3272   0.18308   0.18048  -0.0745  0.2209  0.0017  -5.7679   0.0000  -0.0304
 -19.500  -0.3106   0.17774   0.17507  -0.0777  0.1760  0.0018  -5.5784   0.0000  -0.0536
 -19.000  -0.2937   0.17227   0.16958  -0.0809  0.1701  0.0020  -5.3931   0.0000  -0.0803
 -18.500  -0.2770   0.16675   0.16405  -0.0842  0.1761  0.0022  -5.2153   0.0000  -0.1098
 -18.000  -0.2605   0.16120   0.15848  -0.0873  0.1702  0.0023  -5.0442   0.0000  -0.1426
 -17.500  -0.2445   0.15563   0.15291  -0.0903  0.1700  0.0025  -4.8814   0.0000  -0.1789
 -17.000  -0.2291   0.15017   0.14744  -0.0933  0.1697  0.0027  -4.7287   0.0000  -0.2184
 -16.500  -0.2142   0.14475   0.14201  -0.0961  0.1694  0.0029  -4.5843   0.0000  -0.2624
 -16.000  -0.1986   0.13900   0.13625  -0.0991  0.1691  0.0031  -4.4440   0.0000  -0.3153
 -15.000  -0.8188   0.01038   0.00621  -0.1948  0.2985  0.0026  -16.5370   0.0000  -0.0110
 -14.500  -0.7621   0.00994   0.00567  -0.1956  0.2428  0.0027  -15.4905   0.0000  -0.0297
 -14.000  -0.7039   0.00948   0.00517  -0.1966  0.2334  0.0029  -14.4575   0.0000  -0.0525
 -13.500  -0.6451   0.00908   0.00473  -0.1976  0.2216  0.0030  -13.5331   0.0000  -0.0797
 -13.000  -0.5860   0.00868   0.00431  -0.1986  0.2209  0.0032  -12.6335   0.0000  -0.1128
 -12.500  -0.5276   0.00839   0.00394  -0.1994  0.1785  0.0034  -11.7655   0.0000  -0.1526
 -12.000  -0.4681   0.00808   0.00359  -0.2004  0.1696  0.0037  -10.9126   0.0000  -0.2038
 -11.500  -0.4084   0.00780   0.00329  -0.2013  0.1696  0.0039  -10.0823   0.0000  -0.2703
 -11.000  -0.3487   0.00757   0.00303  -0.2022  0.1692  0.0039  -9.2843   0.0000  -0.3595
 -10.000  -0.2296   0.00721   0.00260  -0.2037  0.1442  0.0040  -7.7784   0.0000  -0.6762
  -9.500  -0.1699   0.00706   0.00242  -0.2045  0.1386  0.0041  -7.0688   0.0000  -1.0021
  -9.000  -0.1102   0.00692   0.00225  -0.2052  0.1286  0.0041  -6.3884   0.0000  -1.6828
  -8.500  -0.0503   0.00680   0.00210  -0.2060  0.1241  0.0041  -5.7348   0.0000  -3.9863
  -8.000   0.0095   0.00668   0.00197  -0.2068  0.1238  0.0042  -5.1106   0.0000  22.6428
  -7.500   0.0694   0.00658   0.00186  -0.2075  0.1235  0.0042  -4.5160   0.0000   3.3306
  -7.000   0.1291   0.00650   0.00176  -0.2082  0.1233  0.0043  -4.0475   0.0000   1.9064
  -6.500   0.1889   0.00643   0.00168  -0.2089  0.1230  0.0043  -3.6558   0.0000   1.3839
  -6.000   0.2485   0.00638   0.00161  -0.2096  0.1225  0.0043  -3.2794   0.0000   1.1127
  -5.500   0.3074   0.00639   0.00157  -0.2101  0.1018  0.0044  -2.9209   0.0000   0.9477
  -5.000   0.3666   0.00638   0.00153  -0.2107  0.0989  0.0044  -2.5756   0.0000   0.8354
  -4.500   0.4258   0.00637   0.00150  -0.2112  0.0961  0.0045  -2.2458   0.0000   0.7543
  -4.000   0.4849   0.00638   0.00150  -0.2118  0.0865  0.0045  -1.9320   0.0000   0.6931
  -3.500   0.5439   0.00639   0.00150  -0.2123  0.0844  0.0046  -1.6334   0.0000   0.6451
  -3.000   0.6029   0.00641   0.00151  -0.2129  0.0842  0.0048  -1.3507   0.0000   0.6065
  -2.500   0.6616   0.00644   0.00152  -0.2133  0.0840  0.0046  -1.0829   0.0000   0.5748
  -2.000   0.7202   0.00649   0.00156  -0.2138  0.0834  0.0054  -0.9609   0.0000   0.5483
  -1.000   0.8349   0.00677   0.00173  -0.2143  0.0484  0.0075  -1.0624   0.0000   0.5063
  -0.500   0.8927   0.00687   0.00181  -0.2146  0.0457  0.0083  -1.1148   0.0000   0.4893
   0.000   0.9502   0.00698   0.00190  -0.2149  0.0432  0.0090  -1.1675   0.0000   0.4743
   0.500   1.0078   0.00707   0.00200  -0.2152  0.0409  0.0156  -1.2223   0.0000   0.4610
   1.000   1.0651   0.00718   0.00210  -0.2155  0.0436  0.0170  -1.2869   0.0000   0.4490
   1.500   1.1220   0.00731   0.00221  -0.2157  0.0425  0.0172  -1.3625   0.0000   0.4383
   2.000   1.1787   0.00745   0.00234  -0.2159  0.0408  0.0192  -1.4387   0.0000   0.4285
   2.500   1.2314   0.00793   0.00272  -0.2152  0.0020  0.0373  -1.5263   0.0000   0.4194
   3.500   1.3421   0.00836   0.00311  -0.2152  0.0013  0.0408  -1.7586   0.0000   0.4034
   4.000   1.3968   0.00859   0.00333  -0.2150  0.0014  0.0441  -1.9026   0.0000   0.3963
   4.500   1.4512   0.00884   0.00356  -0.2149  0.0013  0.0505  -2.0808   0.0000   0.3897
   5.000   1.5053   0.00910   0.00382  -0.2146  0.0013  0.0668  -2.2634   0.0000   0.3834
   5.500   1.5587   0.00938   0.00409  -0.2143  0.0013  0.0779  -2.4498   0.0000   0.3775
   6.000   1.6119   0.00967   0.00439  -0.2140  0.0012  0.1164  -2.6406   0.0000   0.3720
   7.500   1.7669   0.01068   0.00539  -0.2122  0.0012  0.1628  -3.2332   0.0000   0.3568
   8.000   1.8167   0.01107   0.00577  -0.2113  0.0012  0.1593  -3.4363   0.0000   0.3521
   8.500   1.8663   0.01147   0.00619  -0.2104  0.0012  0.1969  -3.6430   0.0000   0.3476
   9.000   1.9151   0.01189   0.00664  -0.2094  0.0012  0.2501  -3.9134   0.0000   0.3433
   9.500   1.9618   0.01235   0.00711  -0.2080  0.0012  0.2715  -4.2638   0.0000   0.3390
  10.000   2.0092   0.01281   0.00766  -0.2069  0.0011  0.3706  -4.8460   0.0000   0.3350
  10.500   2.0521   0.01336   0.00821  -0.2048  0.0011  0.3851  -5.4339   0.0000   0.3308
  11.000   2.0838   0.01397   0.00884  -0.2004  0.0011  0.3963  -5.9845   0.0000   0.3262
  11.500   2.1138   0.01467   0.00956  -0.1959  0.0011  0.4128  -6.5449   0.0000   0.3217
  12.500   2.1719   0.01646   0.01139  -0.1871  0.0010  0.4354  -7.7196   0.0000   0.3131
  13.000   2.2005   0.01756   0.01256  -0.1831  0.0010  0.4981  -8.3347   0.0000   0.3091
  13.500   2.2261   0.01885   0.01387  -0.1788  0.0009  0.5000  -8.9491   0.0000   0.3052
  14.000   2.2505   0.02033   0.01539  -0.1747  0.0009  0.5233  -9.5742   0.0000   0.3013
  14.500   2.2726   0.02204   0.01717  -0.1706  0.0009  0.5651  -10.1995   0.0000   0.2976
  15.000   2.2902   0.02421   0.01941  -0.1663  0.0008  0.5999  -10.8072   0.0000   0.2940
  16.500   2.2839   0.03727   0.03285  -0.1510  0.0021  0.6876  -12.1669   0.0000   0.2838
  17.000   2.2898   0.04134   0.03701  -0.1479  0.0024  0.7082  -12.7198   0.0000   0.2809
  17.500   2.2928   0.04629   0.04207  -0.1454  0.0028  0.7466  -13.2500   0.0000   0.2784
  18.000   2.2956   0.05158   0.04746  -0.1433  0.0033  0.7914  -13.7865   0.0000   0.2760
  18.500   2.3027   0.05675   0.05276  -0.1420  0.0036  0.8510  -14.3721   0.0000   0.2738
  19.000   2.3052   0.06359   0.05983  -0.1421  0.0039  1.0000  -14.9251   0.0000   0.2723
  19.500   2.2960   0.07082   0.06715  -0.1411  0.0041  1.0000  -15.3686   0.0000   0.2705


