XFLR5 v6.02 Beta

 Calculated polar for: WORTMANN FX 63-137

 1 1 Reynolds number fixed          Mach number fixed         

 xtrf =   1.000 (top)        1.000 (bottom)
 Mach =   0.000     Re =    56.750 e 6     Ncrit =   9.000

  alpha     CL        CD       CDp       CM    Top Xtr Bot Xtr   Cpmin    Chinge    XCp    
 ------- -------- --------- --------- -------- ------- ------- -------- --------- ---------
 -21.500  -1.2715   0.04170   0.03837  -0.1618  0.4365  0.0014  -27.9869   0.0000   0.0885
 -21.000  -1.2787   0.03538   0.03195  -0.1666  0.4272  0.0015  -27.7273   0.0000   0.0871
 -20.500  -1.2855   0.02939   0.02588  -0.1711  0.4242  0.0015  -27.4376   0.0000   0.0859
 -20.000  -1.2756   0.02533   0.02176  -0.1739  0.4200  0.0015  -26.8520   0.0000   0.0840
 -19.500  -1.2625   0.02159   0.01796  -0.1764  0.4155  0.0016  -26.2105   0.0000   0.0820
 -19.000  -1.2449   0.01866   0.01498  -0.1779  0.4103  0.0016  -25.4886   0.0000   0.0800
 -18.500  -1.2018   0.01625   0.01253  -0.1825  0.4036  0.0017  -24.4522   0.0000   0.0719
 -18.000  -1.1487   0.01443   0.01057  -0.1878  0.3520  0.0017  -23.3018   0.0000   0.0610
 -16.500  -0.9878   0.01196   0.00794  -0.1920  0.3047  0.0020  -19.8525   0.0000   0.0317
 -16.000  -0.9319   0.01133   0.00726  -0.1931  0.2977  0.0021  -18.7267   0.0000   0.0192
 -15.500  -0.8751   0.01074   0.00664  -0.1942  0.2932  0.0022  -17.6189   0.0000   0.0048
 -15.000  -0.8176   0.01021   0.00608  -0.1953  0.2788  0.0024  -16.5338   0.0000  -0.0119
 -14.500  -0.7608   0.00978   0.00556  -0.1961  0.2326  0.0025  -15.4851   0.0000  -0.0308
 -14.000  -0.7024   0.00933   0.00508  -0.1971  0.2231  0.0027  -14.4500   0.0000  -0.0538
 -13.500  -0.6436   0.00894   0.00465  -0.1981  0.2209  0.0028  -13.5255   0.0000  -0.0812
 -13.000  -0.5844   0.00855   0.00425  -0.1991  0.2208  0.0030  -12.6267   0.0000  -0.1145
 -12.500  -0.5260   0.00826   0.00388  -0.1999  0.1698  0.0032  -11.7608   0.0000  -0.1546
 -11.500  -0.4066   0.00764   0.00321  -0.2018  0.1691  0.0038  -10.0809   0.0000  -0.2737
 -11.000  -0.3468   0.00741   0.00295  -0.2027  0.1690  0.0039  -9.2814   0.0000  -0.3642
 -10.500  -0.2875   0.00724   0.00273  -0.2034  0.1447  0.0040  -8.5153   0.0000  -0.4908
 -10.000  -0.2279   0.00707   0.00253  -0.2042  0.1393  0.0040  -7.7756   0.0000  -0.6851
  -9.500  -0.1681   0.00692   0.00235  -0.2050  0.1340  0.0041  -7.0649   0.0000  -1.0184
  -9.000  -0.1083   0.00678   0.00219  -0.2057  0.1243  0.0041  -6.3837   0.0000  -1.7206
  -8.500  -0.0484   0.00666   0.00205  -0.2065  0.1238  0.0041  -5.7298   0.0000  -4.1597
  -8.000   0.0114   0.00655   0.00192  -0.2072  0.1236  0.0042  -5.1055   0.0000  19.0111
  -7.500   0.0712   0.00645   0.00181  -0.2079  0.1233  0.0042  -4.5108   0.0000   3.2564
  -6.500   0.1907   0.00631   0.00164  -0.2093  0.1227  0.0043  -3.6532   0.0000   1.3752
  -6.000   0.2497   0.00630   0.00158  -0.2099  0.1023  0.0043  -3.2789   0.0000   1.1097
  -5.500   0.3091   0.00628   0.00153  -0.2105  0.0993  0.0044  -2.9184   0.0000   0.9452
  -5.000   0.3684   0.00627   0.00150  -0.2111  0.0966  0.0044  -2.5730   0.0000   0.8337
  -4.500   0.4276   0.00626   0.00147  -0.2116  0.0928  0.0045  -2.2428   0.0000   0.7531
  -4.000   0.4868   0.00626   0.00146  -0.2122  0.0846  0.0045  -1.9286   0.0000   0.6922
  -3.500   0.5458   0.00627   0.00146  -0.2128  0.0843  0.0046  -1.6300   0.0000   0.6445
  -3.000   0.6048   0.00629   0.00147  -0.2133  0.0842  0.0046  -1.3472   0.0000   0.6061
  -2.500   0.6635   0.00632   0.00149  -0.2138  0.0839  0.0046  -1.0796   0.0000   0.5745
  -2.000   0.7213   0.00644   0.00156  -0.2141  0.0668  0.0051  -0.9615   0.0000   0.5481
  -1.500   0.7788   0.00657   0.00163  -0.2143  0.0486  0.0061  -1.0114   0.0000   0.5257
  -1.000   0.8368   0.00666   0.00170  -0.2147  0.0459  0.0071  -1.0636   0.0000   0.5062
  -0.500   0.8946   0.00675   0.00178  -0.2150  0.0434  0.0078  -1.1161   0.0000   0.4892
   0.000   0.9523   0.00684   0.00186  -0.2153  0.0411  0.0084  -1.1690   0.0000   0.4743
   0.500   1.0099   0.00694   0.00195  -0.2157  0.0389  0.0154  -1.2239   0.0000   0.4610
   1.000   1.0672   0.00705   0.00205  -0.2160  0.0418  0.0170  -1.2887   0.0000   0.4491
   1.500   1.1242   0.00718   0.00217  -0.2162  0.0408  0.0171  -1.3644   0.0000   0.4383
   2.500   1.2337   0.00778   0.00266  -0.2157  0.0017  0.0372  -1.5288   0.0000   0.4194
   3.500   1.3446   0.00820   0.00304  -0.2157  0.0013  0.0399  -1.7619   0.0000   0.4035
   4.000   1.3994   0.00843   0.00325  -0.2156  0.0013  0.0430  -1.9070   0.0000   0.3964
   4.500   1.4539   0.00867   0.00348  -0.2154  0.0013  0.0490  -2.0855   0.0000   0.3898
   6.500   1.6675   0.00979   0.00460  -0.2141  0.0012  0.1239  -2.8413   0.0000   0.3668
   7.000   1.7195   0.01012   0.00492  -0.2136  0.0012  0.1462  -3.0396   0.0000   0.3618
   7.500   1.7705   0.01048   0.00527  -0.2129  0.0012  0.1537  -3.2407   0.0000   0.3569
   8.000   1.8206   0.01085   0.00563  -0.2120  0.0012  0.1503  -3.4446   0.0000   0.3522
   8.500   1.8705   0.01124   0.00604  -0.2112  0.0012  0.1946  -3.6522   0.0000   0.3478
   9.500   1.9665   0.01211   0.00693  -0.2089  0.0012  0.2536  -4.2908   0.0000   0.3392
  10.000   2.0139   0.01256   0.00745  -0.2077  0.0011  0.3379  -4.8744   0.0000   0.3351
  10.500   2.0582   0.01308   0.00800  -0.2059  0.0011  0.3698  -5.4719   0.0000   0.3310
  11.000   2.0958   0.01367   0.00859  -0.2028  0.0011  0.3723  -6.0606   0.0000   0.3268
  11.500   2.1227   0.01434   0.00926  -0.1975  0.0011  0.3817  -6.6047   0.0000   0.3221
  12.000   2.1521   0.01512   0.01006  -0.1930  0.0010  0.3835  -7.1862   0.0000   0.3177
  12.500   2.1821   0.01602   0.01097  -0.1889  0.0010  0.3973  -7.7925   0.0000   0.3135
  13.500   2.2365   0.01830   0.01338  -0.1804  0.0009  0.4969  -9.0292   0.0000   0.3055
  14.000   2.2597   0.01977   0.01487  -0.1760  0.0008  0.4984  -9.6490   0.0000   0.3016
  14.500   2.2822   0.02141   0.01657  -0.1718  0.0008  0.5323  -10.2795   0.0000   0.2978
  15.000   2.2579   0.02649   0.02185  -0.1623  0.0013  0.5587  -10.4945   0.0000   0.2933
  15.500   2.2724   0.02927   0.02473  -0.1584  0.0018  0.5831  -11.0758   0.0000   0.2899
  16.000   2.2895   0.03214   0.02766  -0.1554  0.0022  0.6260  -11.7314   0.0000   0.2868
  16.500   2.2967   0.03593   0.03153  -0.1518  0.0026  0.6452  -12.2836   0.0000   0.2837
  17.000   2.3063   0.03961   0.03528  -0.1487  0.0029  0.6737  -12.8664   0.0000   0.2808
  17.500   2.3099   0.04420   0.03996  -0.1458  0.0035  0.6946  -13.4036   0.0000   0.2781
  18.000   2.3118   0.04939   0.04525  -0.1435  0.0039  0.7303  -13.9350   0.0000   0.2757


