XFLR5 v6.02 Beta

 Calculated polar for: WORTMANN FX 63-137

 1 1 Reynolds number fixed          Mach number fixed         

 xtrf =   1.000 (top)        1.000 (bottom)
 Mach =   0.000     Re =    31.000 e 6     Ncrit =   9.000

  alpha     CL        CD       CDp       CM    Top Xtr Bot Xtr   Cpmin    Chinge    XCp    
 ------- -------- --------- --------- -------- ------- ------- -------- --------- ---------
 -24.500  -0.4852   0.22726   0.22491  -0.0401  0.4014  0.0014  -7.6072   0.0000   0.1173
 -24.000  -0.4679   0.22277   0.22041  -0.0441  0.4010  0.0014  -7.3859   0.0000   0.1059
 -23.500  -0.4503   0.21862   0.21624  -0.0480  0.4008  0.0014  -7.1632   0.0000   0.0937
 -23.000  -0.4329   0.21490   0.21243  -0.0516  0.3603  0.0014  -6.9419   0.0000   0.0812
 -22.500  -0.4163   0.21030   0.20770  -0.0551  0.2931  0.0014  -6.7304   0.0000   0.0681
 -22.000  -0.3992   0.20512   0.20250  -0.0587  0.2817  0.0014  -6.5222   0.0000   0.0531
 -21.500  -0.3824   0.19977   0.19712  -0.0624  0.2783  0.0015  -6.3362   0.0000   0.0368
 -21.000  -0.3654   0.19444   0.19177  -0.0659  0.2776  0.0018  -6.1413   0.0000   0.0190
 -20.500  -0.3483   0.18909   0.18642  -0.0694  0.2773  0.0020  -5.9431   0.0000  -0.0004
 -20.000  -0.3312   0.18370   0.18102  -0.0728  0.2772  0.0022  -5.7486   0.0000  -0.0218
 -19.500  -0.3146   0.17833   0.17559  -0.0760  0.2469  0.0024  -5.5607   0.0000  -0.0443
 -19.000  -0.2981   0.17289   0.17011  -0.0792  0.2212  0.0025  -5.3778   0.0000  -0.0694
 -18.500  -0.2813   0.16733   0.16455  -0.0825  0.2416  0.0027  -5.1987   0.0000  -0.0983
 -18.000  -0.2650   0.16178   0.15899  -0.0856  0.2290  0.0029  -5.0276   0.0000  -0.1295
 -17.500  -0.2489   0.15622   0.15341  -0.0887  0.2206  0.0030  -4.8623   0.0000  -0.1643
 -17.000  -0.2338   0.15082   0.14794  -0.0914  0.1901  0.0031  -4.7070   0.0000  -0.2009
 -16.500  -0.2191   0.14546   0.14257  -0.0942  0.1861  0.0032  -4.5600   0.0000  -0.2421
 -16.000  -0.2035   0.13975   0.13684  -0.0972  0.1819  0.0033  -4.4159   0.0000  -0.2920
 -15.500  -0.1882   0.13397   0.13105  -0.1001  0.1778  0.0034  -4.2804   0.0000  -0.3492
 -15.000  -0.1734   0.12811   0.12518  -0.1030  0.1735  0.0035  -4.1545   0.0000  -0.4150
 -14.500  -0.1590   0.12218   0.11923  -0.1059  0.1703  0.0036  -4.0402   0.0000  -0.4906
 -14.000  -0.1455   0.11621   0.11326  -0.1087  0.1695  0.0036  -3.9780   0.0000  -0.5762
 -13.500  -0.1334   0.11035   0.10739  -0.1114  0.1691  0.0037  -3.9298   0.0000  -0.6683
 -13.000  -0.1213   0.10406   0.10110  -0.1145  0.1687  0.0038  -3.8979   0.0000  -0.7820
 -12.500  -0.1107   0.09751   0.09454  -0.1176  0.1686  0.0038  -3.8952   0.0000  -0.9059
 -11.500  -0.4146   0.00841   0.00369  -0.1995  0.2016  0.0039  -10.0721   0.0000  -0.2580
 -11.000  -0.3555   0.00819   0.00340  -0.2003  0.1819  0.0039  -9.2798   0.0000  -0.3425
 -10.500  -0.2957   0.00796   0.00314  -0.2011  0.1747  0.0040  -8.5121   0.0000  -0.4626
 -10.000  -0.2359   0.00774   0.00290  -0.2020  0.1700  0.0040  -7.7730   0.0000  -0.6440
  -9.500  -0.1760   0.00755   0.00268  -0.2029  0.1694  0.0041  -7.0643   0.0000  -0.9495
  -9.000  -0.1167   0.00742   0.00249  -0.2036  0.1461  0.0041  -6.3915   0.0000  -1.5604
  -8.500  -0.0570   0.00729   0.00232  -0.2043  0.1403  0.0041  -5.7410   0.0000  -3.4589
  -8.000   0.0027   0.00717   0.00217  -0.2051  0.1351  0.0042  -5.1194   0.0000  77.4809
  -7.500   0.0626   0.00706   0.00204  -0.2058  0.1301  0.0042  -4.5269   0.0000   3.6386
  -7.000   0.1224   0.00697   0.00192  -0.2066  0.1265  0.0043  -4.0509   0.0000   1.9849
  -6.500   0.1821   0.00689   0.00183  -0.2073  0.1240  0.0043  -3.6611   0.0000   1.4171
  -6.000   0.2418   0.00682   0.00175  -0.2080  0.1237  0.0043  -3.2864   0.0000   1.1301
  -5.500   0.3014   0.00677   0.00169  -0.2087  0.1233  0.0044  -2.9266   0.0000   0.9569
  -5.000   0.3609   0.00674   0.00164  -0.2093  0.1228  0.0044  -2.5802   0.0000   0.8410
  -4.500   0.4202   0.00671   0.00160  -0.2099  0.1222  0.0045  -2.2523   0.0000   0.7579
  -4.000   0.4785   0.00679   0.00161  -0.2103  0.1012  0.0045  -1.9419   0.0000   0.6959
  -3.500   0.5371   0.00683   0.00161  -0.2108  0.0913  0.0046  -1.6451   0.0000   0.6473
  -3.000   0.5959   0.00685   0.00162  -0.2113  0.0881  0.0056  -1.3629   0.0000   0.6081
  -2.500   0.6546   0.00689   0.00164  -0.2118  0.0853  0.0057  -1.0952   0.0000   0.5759
  -2.000   0.7132   0.00693   0.00167  -0.2123  0.0842  0.0066  -0.9565   0.0000   0.5490
  -1.500   0.7715   0.00699   0.00172  -0.2127  0.0834  0.0081  -1.0067   0.0000   0.5262
  -1.000   0.8296   0.00706   0.00179  -0.2131  0.0823  0.0093  -1.0589   0.0000   0.5065
  -0.500   0.8861   0.00727   0.00192  -0.2132  0.0586  0.0148  -1.1102   0.0000   0.4895
   0.000   0.9435   0.00738   0.00201  -0.2135  0.0512  0.0153  -1.1628   0.0000   0.4744
   0.500   1.0006   0.00751   0.00212  -0.2137  0.0488  0.0159  -1.2167   0.0000   0.4610
   1.000   1.0580   0.00761   0.00222  -0.2140  0.0507  0.0171  -1.2808   0.0000   0.4490
   1.500   1.1148   0.00775   0.00235  -0.2142  0.0503  0.0173  -1.3561   0.0000   0.4381
   2.000   1.1709   0.00793   0.00251  -0.2143  0.0470  0.0208  -1.4317   0.0000   0.4283
   2.500   1.2228   0.00847   0.00293  -0.2135  0.0031  0.0375  -1.5174   0.0000   0.4192
   3.000   1.2780   0.00869   0.00313  -0.2134  0.0023  0.0382  -1.6297   0.0000   0.4108
   3.500   1.3329   0.00893   0.00335  -0.2133  0.0018  0.0449  -1.7468   0.0000   0.4031
   4.000   1.3873   0.00918   0.00359  -0.2131  0.0023  0.0485  -1.8863   0.0000   0.3960
   5.500   1.5482   0.01002   0.00443  -0.2122  0.0013  0.1020  -2.4299   0.0000   0.3771
   6.000   1.6011   0.01033   0.00476  -0.2118  0.0012  0.1463  -2.6194   0.0000   0.3716
   6.500   1.6527   0.01067   0.00510  -0.2112  0.0012  0.1633  -2.8117   0.0000   0.3662
   7.000   1.7041   0.01103   0.00547  -0.2106  0.0012  0.1949  -3.0080   0.0000   0.3612
   7.500   1.7541   0.01143   0.00586  -0.2097  0.0012  0.2082  -3.2061   0.0000   0.3563
   8.000   1.8028   0.01186   0.00628  -0.2086  0.0012  0.2033  -3.4064   0.0000   0.3515
   8.500   1.8530   0.01225   0.00677  -0.2080  0.0012  0.3074  -3.6133   0.0000   0.3471
   9.000   1.8995   0.01273   0.00726  -0.2065  0.0012  0.3263  -3.8683   0.0000   0.3427
  10.000   1.9904   0.01376   0.00842  -0.2034  0.0011  0.4575  -4.7323   0.0000   0.3343
  10.500   2.0216   0.01439   0.00907  -0.1990  0.0011  0.4668  -5.2467   0.0000   0.3295
  11.000   2.0520   0.01512   0.00982  -0.1945  0.0011  0.4832  -5.7778   0.0000   0.3249
  11.500   2.0826   0.01598   0.01071  -0.1903  0.0011  0.4996  -6.3354   0.0000   0.3205
  12.000   2.1118   0.01696   0.01173  -0.1862  0.0010  0.5267  -6.9048   0.0000   0.3162
  12.500   2.1390   0.01811   0.01291  -0.1818  0.0010  0.5335  -7.4826   0.0000   0.3121
  13.000   2.1660   0.01942   0.01427  -0.1779  0.0010  0.5640  -8.0778   0.0000   0.3081
  13.500   2.1912   0.02094   0.01585  -0.1739  0.0009  0.6016  -8.6799   0.0000   0.3042
  14.000   2.2118   0.02278   0.01776  -0.1697  0.0009  0.6454  -9.2670   0.0000   0.3005
  14.500   2.2322   0.02490   0.01997  -0.1659  0.0009  0.6881  -9.8678   0.0000   0.2969
  15.000   2.2508   0.02730   0.02243  -0.1622  0.0009  0.7146  -10.4724   0.0000   0.2935
  15.500   2.2678   0.03005   0.02526  -0.1588  0.0008  0.7522  -11.0796   0.0000   0.2902
  16.000   2.2840   0.03314   0.02844  -0.1559  0.0008  0.8109  -11.6962   0.0000   0.2872
  16.500   2.3034   0.03665   0.03221  -0.1543  0.0008  1.0000  -12.3554   0.0000   0.2846
  17.000   2.3114   0.04054   0.03615  -0.1512  0.0007  1.0000  -12.9305   0.0000   0.2817
  18.000   2.2566   0.05740   0.05337  -0.1434  0.0014  1.0000  -13.3719   0.0000   0.2770
  18.500   2.2491   0.06427   0.06034  -0.1418  0.0017  1.0000  -13.8279   0.0000   0.2751
  19.000   2.2497   0.07033   0.06647  -0.1410  0.0020  1.0000  -14.3822   0.0000   0.2732
  19.500   2.2392   0.07793   0.07418  -0.1404  0.0022  1.0000  -14.8042   0.0000   0.2718


