XFLR5 v6.02 Beta

 Calculated polar for: WORTMANN FX 63-137

 1 1 Reynolds number fixed          Mach number fixed         

 xtrf =   1.000 (top)        1.000 (bottom)
 Mach =   0.000     Re =    60.000 e 6     Ncrit =   9.000

  alpha     CL        CD       CDp       CM    Top Xtr Bot Xtr   Cpmin    Chinge    XCp    
 ------- -------- --------- --------- -------- ------- ------- -------- --------- ---------
 -22.000  -1.2617   0.04863   0.04538  -0.1565  0.4321  0.0014  -28.1821   0.0000   0.0900
 -21.500  -1.2793   0.04077   0.03742  -0.1626  0.4251  0.0014  -28.1358   0.0000   0.0887
 -21.000  -1.2948   0.03351   0.03006  -0.1684  0.4198  0.0014  -28.0174   0.0000   0.0876
 -20.500  -1.2914   0.02877   0.02525  -0.1717  0.4163  0.0014  -27.5439   0.0000   0.0861
 -20.000  -1.2844   0.02435   0.02078  -0.1749  0.4123  0.0015  -27.0048   0.0000   0.0843
 -19.500  -1.2671   0.02113   0.01751  -0.1767  0.4073  0.0015  -26.2880   0.0000   0.0823
 -19.000  -1.2470   0.01827   0.01461  -0.1785  0.4027  0.0015  -25.5320   0.0000   0.0798
 -18.500  -1.2019   0.01584   0.01213  -0.1837  0.4017  0.0016  -24.4712   0.0000   0.0710
 -18.000  -1.1489   0.01423   0.01038  -0.1882  0.3393  0.0017  -23.3136   0.0000   0.0607
 -17.000  -1.0427   0.01253   0.00857  -0.1911  0.3068  0.0018  -21.0001   0.0000   0.0424
 -16.500  -0.9876   0.01185   0.00784  -0.1922  0.2996  0.0019  -19.8562   0.0000   0.0314
 -16.000  -0.9315   0.01122   0.00718  -0.1934  0.2926  0.0020  -18.7275   0.0000   0.0189
 -15.500  -0.8746   0.01065   0.00657  -0.1944  0.2882  0.0022  -17.6180   0.0000   0.0044
 -15.000  -0.8171   0.01013   0.00602  -0.1955  0.2779  0.0023  -16.5317   0.0000  -0.0124
 -14.500  -0.7602   0.00971   0.00551  -0.1963  0.2286  0.0024  -15.4824   0.0000  -0.0312
 -14.000  -0.7018   0.00927   0.00504  -0.1973  0.2220  0.0026  -14.4467   0.0000  -0.0543
 -13.500  -0.6430   0.00888   0.00462  -0.1983  0.2209  0.0027  -13.5219   0.0000  -0.0818
 -13.000  -0.5844   0.00853   0.00422  -0.1992  0.1954  0.0029  -12.6282   0.0000  -0.1147
 -12.500  -0.5254   0.00821   0.00385  -0.2000  0.1695  0.0031  -11.7578   0.0000  -0.1554
 -10.500  -0.2869   0.00718   0.00270  -0.2036  0.1427  0.0040  -8.5142   0.0000  -0.4932
 -10.000  -0.2272   0.00702   0.00250  -0.2044  0.1374  0.0040  -7.7740   0.0000  -0.6889
  -9.500  -0.1674   0.00686   0.00232  -0.2051  0.1322  0.0041  -7.0630   0.0000  -1.0252
  -9.000  -0.1076   0.00673   0.00216  -0.2059  0.1240  0.0041  -6.3815   0.0000  -1.7361
  -8.500  -0.0477   0.00660   0.00202  -0.2067  0.1237  0.0041  -5.7276   0.0000  -4.2328
  -8.000   0.0121   0.00650   0.00190  -0.2074  0.1235  0.0042  -5.1033   0.0000  17.8732
  -7.500   0.0720   0.00640   0.00179  -0.2081  0.1232  0.0042  -4.5086   0.0000   3.2278
  -7.000   0.1317   0.00632   0.00170  -0.2088  0.1228  0.0043  -4.0441   0.0000   1.8785
  -6.500   0.1915   0.00626   0.00162  -0.2095  0.1226  0.0043  -3.6521   0.0000   1.3718
  -6.000   0.2504   0.00626   0.00157  -0.2100  0.1013  0.0043  -3.2780   0.0000   1.1080
  -5.500   0.3098   0.00624   0.00152  -0.2106  0.0984  0.0044  -2.9173   0.0000   0.9441
  -5.000   0.3691   0.00622   0.00148  -0.2112  0.0958  0.0044  -2.5718   0.0000   0.8330
  -4.500   0.4284   0.00621   0.00146  -0.2118  0.0913  0.0045  -2.2416   0.0000   0.7527
  -4.000   0.4875   0.00621   0.00145  -0.2124  0.0844  0.0045  -1.9272   0.0000   0.6919
  -3.500   0.5466   0.00622   0.00145  -0.2129  0.0842  0.0045  -1.6286   0.0000   0.6443
  -3.000   0.6055   0.00624   0.00146  -0.2134  0.0841  0.0046  -1.3457   0.0000   0.6059
  -2.500   0.6643   0.00627   0.00148  -0.2139  0.0839  0.0046  -1.0782   0.0000   0.5744
  -2.000   0.7215   0.00644   0.00156  -0.2141  0.0527  0.0050  -0.9615   0.0000   0.5481
  -1.500   0.7795   0.00652   0.00162  -0.2145  0.0475  0.0059  -1.0119   0.0000   0.5256
  -1.000   0.8375   0.00661   0.00169  -0.2148  0.0449  0.0069  -1.0641   0.0000   0.5062
  -0.500   0.8954   0.00670   0.00176  -0.2152  0.0425  0.0076  -1.1167   0.0000   0.4892
   0.000   0.9531   0.00679   0.00185  -0.2155  0.0402  0.0082  -1.1695   0.0000   0.4743
   0.500   1.0107   0.00689   0.00194  -0.2159  0.0382  0.0154  -1.2245   0.0000   0.4610
   1.000   1.0681   0.00700   0.00204  -0.2161  0.0412  0.0170  -1.2895   0.0000   0.4491
   1.500   1.1251   0.00712   0.00215  -0.2164  0.0402  0.0171  -1.3651   0.0000   0.4383
   2.000   1.1817   0.00727   0.00228  -0.2165  0.0376  0.0212  -1.4414   0.0000   0.4285
   2.500   1.2347   0.00772   0.00264  -0.2159  0.0016  0.0372  -1.5298   0.0000   0.4195
   3.500   1.3456   0.00813   0.00301  -0.2159  0.0013  0.0395  -1.7632   0.0000   0.4036
   4.000   1.4005   0.00836   0.00323  -0.2158  0.0013  0.0426  -1.9088   0.0000   0.3965
   4.500   1.4550   0.00860   0.00345  -0.2156  0.0013  0.0485  -2.0875   0.0000   0.3898
   6.000   1.6162   0.00941   0.00425  -0.2148  0.0012  0.1098  -2.6490   0.0000   0.3722
   6.500   1.6687   0.00972   0.00455  -0.2144  0.0012  0.1219  -2.8438   0.0000   0.3669
   7.000   1.7209   0.01004   0.00488  -0.2139  0.0012  0.1460  -3.0424   0.0000   0.3618
   7.500   1.7719   0.01039   0.00522  -0.2132  0.0012  0.1502  -3.2437   0.0000   0.3570
   8.000   1.8221   0.01077   0.00558  -0.2123  0.0012  0.1469  -3.4479   0.0000   0.3523
   8.500   1.8718   0.01116   0.00597  -0.2114  0.0012  0.1694  -3.6551   0.0000   0.3478
   9.500   1.9685   0.01201   0.00686  -0.2093  0.0012  0.2499  -4.3020   0.0000   0.3393
  10.000   2.0155   0.01246   0.00737  -0.2080  0.0011  0.3243  -4.8849   0.0000   0.3352
  10.500   2.0606   0.01297   0.00791  -0.2064  0.0011  0.3691  -5.4872   0.0000   0.3311
  11.000   2.1016   0.01355   0.00849  -0.2040  0.0011  0.3700  -6.0967   0.0000   0.3270
  11.500   2.1265   0.01420   0.00916  -0.1982  0.0011  0.3719  -6.6298   0.0000   0.3222
  12.000   2.1557   0.01497   0.00993  -0.1936  0.0010  0.3734  -7.2110   0.0000   0.3178
  12.500   2.1854   0.01585   0.01083  -0.1894  0.0010  0.3845  -7.8170   0.0000   0.3136
  13.000   2.2142   0.01686   0.01191  -0.1853  0.0010  0.4507  -8.4374   0.0000   0.3096
  13.500   2.2406   0.01808   0.01317  -0.1811  0.0009  0.4828  -9.0614   0.0000   0.3056
  14.000   2.2641   0.01953   0.01464  -0.1766  0.0008  0.4938  -9.6834   0.0000   0.3017
  15.000   2.2642   0.02599   0.02138  -0.1629  0.0016  0.5380  -10.5340   0.0000   0.2934
  15.500   2.2800   0.02866   0.02411  -0.1591  0.0020  0.5660  -11.1683   0.0000   0.2900
  16.000   2.2950   0.03160   0.02712  -0.1557  0.0025  0.5984  -11.7800   0.0000   0.2868
  16.500   2.3055   0.03511   0.03071  -0.1524  0.0028  0.6295  -12.3600   0.0000   0.2838
  17.000   2.3118   0.03906   0.03474  -0.1491  0.0031  0.6573  -12.9149   0.0000   0.2808
  18.000   2.3158   0.04887   0.04472  -0.1436  0.0041  0.7110  -13.9720   0.0000   0.2756
  18.500   2.3155   0.05463   0.05060  -0.1417  0.0043  0.7484  -14.4920   0.0000   0.2734
  19.000   2.3122   0.06102   0.05710  -0.1403  0.0044  0.7912  -14.9901   0.0000   0.2714
  19.500   2.3070   0.06792   0.06412  -0.1395  0.0046  0.8306  -15.4753   0.0000   0.2697


