XFLR5 v6.02 Beta

 Calculated polar for: WORTMANN FX 63-137

 1 1 Reynolds number fixed          Mach number fixed         

 xtrf =   1.000 (top)        1.000 (bottom)
 Mach =   0.000     Re =    43.500 e 6     Ncrit =   9.000

  alpha     CL        CD       CDp       CM    Top Xtr Bot Xtr   Cpmin    Chinge    XCp    
 ------- -------- --------- --------- -------- ------- ------- -------- --------- ---------
 -21.500  -1.2040   0.05019   0.04695  -0.1541  0.4889  0.0017  -26.7083   0.0000   0.0867
 -21.000  -1.2335   0.04063   0.03727  -0.1617  0.4792  0.0017  -26.8955   0.0000   0.0856
 -20.500  -1.2481   0.03340   0.02994  -0.1674  0.4677  0.0018  -26.7733   0.0000   0.0843
 -20.000  -1.2445   0.02860   0.02507  -0.1709  0.4664  0.0018  -26.3088   0.0000   0.0826
 -19.500  -1.2372   0.02412   0.02052  -0.1742  0.4659  0.0018  -25.7812   0.0000   0.0805
 -19.000  -1.2205   0.02089   0.01726  -0.1758  0.4657  0.0019  -25.0862   0.0000   0.0785
 -18.500  -1.1950   0.01802   0.01433  -0.1786  0.4656  0.0020  -24.2856   0.0000   0.0742
 -18.000  -1.1486   0.01564   0.01182  -0.1842  0.4243  0.0020  -23.2374   0.0000   0.0641
 -17.500  -1.0966   0.01425   0.01027  -0.1877  0.3531  0.0021  -22.1105   0.0000   0.0539
 -17.000  -1.0434   0.01330   0.00928  -0.1894  0.3431  0.0022  -20.9703   0.0000   0.0441
 -16.500  -0.9887   0.01247   0.00841  -0.1908  0.3387  0.0024  -19.8359   0.0000   0.0331
 -16.000  -0.9329   0.01174   0.00764  -0.1921  0.3378  0.0025  -18.7148   0.0000   0.0205
 -14.000  -0.7051   0.00961   0.00525  -0.1962  0.2434  0.0031  -14.4620   0.0000  -0.0514
 -13.500  -0.6466   0.00921   0.00481  -0.1972  0.2255  0.0033  -13.5375   0.0000  -0.0783
 -13.000  -0.5875   0.00882   0.00439  -0.1982  0.2217  0.0035  -12.6358   0.0000  -0.1112
 -12.500  -0.5288   0.00851   0.00401  -0.1991  0.1944  0.0036  -11.7622   0.0000  -0.1509
 -12.000  -0.4697   0.00823   0.00368  -0.1999  0.1701  0.0038  -10.9121   0.0000  -0.2012
 -11.500  -0.4101   0.00796   0.00338  -0.2008  0.1701  0.0039  -10.0835   0.0000  -0.2668
 -11.000  -0.3505   0.00773   0.00312  -0.2017  0.1697  0.0039  -9.2862   0.0000  -0.3550
 -10.500  -0.2907   0.00751   0.00289  -0.2025  0.1692  0.0040  -8.5172   0.0000  -0.4797
  -9.500  -0.1716   0.00719   0.00249  -0.2040  0.1432  0.0041  -7.0708   0.0000  -0.9873
  -9.000  -0.1120   0.00706   0.00231  -0.2048  0.1330  0.0041  -6.3920   0.0000  -1.6475
  -8.500  -0.0521   0.00693   0.00216  -0.2056  0.1278  0.0041  -5.7387   0.0000  -3.8298
  -8.000   0.0077   0.00681   0.00203  -0.2063  0.1241  0.0042  -5.1148   0.0000  27.8576
  -7.500   0.0675   0.00671   0.00191  -0.2071  0.1237  0.0042  -4.5205   0.0000   3.4067
  -7.000   0.1273   0.00662   0.00180  -0.2078  0.1236  0.0043  -4.0493   0.0000   1.9264
  -6.500   0.1871   0.00655   0.00172  -0.2085  0.1233  0.0043  -3.6579   0.0000   1.3925
  -6.000   0.2467   0.00649   0.00165  -0.2091  0.1228  0.0043  -3.2818   0.0000   1.1172
  -5.500   0.3063   0.00645   0.00159  -0.2098  0.1224  0.0044  -2.9210   0.0000   0.9493
  -5.000   0.3650   0.00648   0.00156  -0.2103  0.1012  0.0044  -2.5776   0.0000   0.8370
  -4.500   0.4241   0.00648   0.00154  -0.2108  0.0983  0.0045  -2.2485   0.0000   0.7554
  -4.000   0.4831   0.00650   0.00153  -0.2114  0.0901  0.0045  -1.9351   0.0000   0.6939
  -3.500   0.5421   0.00651   0.00153  -0.2119  0.0856  0.0046  -1.6367   0.0000   0.6457
  -3.000   0.6010   0.00653   0.00154  -0.2124  0.0843  0.0050  -1.3540   0.0000   0.6069
  -2.500   0.6597   0.00656   0.00156  -0.2129  0.0841  0.0047  -1.0862   0.0000   0.5751
  -2.000   0.7183   0.00660   0.00159  -0.2134  0.0838  0.0056  -0.9598   0.0000   0.5485
  -1.500   0.7752   0.00679   0.00169  -0.2135  0.0578  0.0069  -1.0090   0.0000   0.5259
  -1.000   0.8332   0.00687   0.00175  -0.2139  0.0510  0.0080  -1.0612   0.0000   0.5064
  -0.500   0.8908   0.00698   0.00184  -0.2142  0.0481  0.0088  -1.1135   0.0000   0.4893
   0.000   0.9483   0.00709   0.00193  -0.2145  0.0454  0.0095  -1.1662   0.0000   0.4743
   0.500   1.0058   0.00720   0.00203  -0.2148  0.0429  0.0157  -1.2207   0.0000   0.4610
   1.000   1.0631   0.00730   0.00213  -0.2151  0.0455  0.0170  -1.2852   0.0000   0.4490
   1.500   1.1200   0.00744   0.00226  -0.2153  0.0442  0.0172  -1.3606   0.0000   0.4382
   2.000   1.1766   0.00758   0.00239  -0.2154  0.0424  0.0194  -1.4368   0.0000   0.4284
   2.500   1.2291   0.00807   0.00278  -0.2148  0.0023  0.0373  -1.5239   0.0000   0.4193
   3.500   1.3396   0.00851   0.00317  -0.2147  0.0014  0.0419  -1.7555   0.0000   0.4034
   4.000   1.3943   0.00875   0.00340  -0.2145  0.0016  0.0452  -1.8982   0.0000   0.3962
   4.500   1.4486   0.00900   0.00364  -0.2143  0.0013  0.0519  -2.0761   0.0000   0.3896
   5.000   1.5025   0.00927   0.00390  -0.2141  0.0013  0.0670  -2.2583   0.0000   0.3833
   5.500   1.5558   0.00955   0.00418  -0.2137  0.0013  0.0803  -2.4444   0.0000   0.3774
   6.000   1.6090   0.00984   0.00449  -0.2134  0.0012  0.1213  -2.6349   0.0000   0.3719
   6.500   1.6614   0.01016   0.00481  -0.2129  0.0012  0.1460  -2.8290   0.0000   0.3666
   7.000   1.7127   0.01051   0.00515  -0.2123  0.0012  0.1578  -3.0258   0.0000   0.3615
   7.500   1.7635   0.01088   0.00552  -0.2115  0.0012  0.1765  -3.2261   0.0000   0.3566
   8.000   1.8130   0.01128   0.00590  -0.2106  0.0012  0.1684  -3.4284   0.0000   0.3519
   8.500   1.8625   0.01168   0.00634  -0.2097  0.0012  0.2192  -3.6347   0.0000   0.3475
   9.000   1.9108   0.01212   0.00680  -0.2086  0.0012  0.2671  -3.9010   0.0000   0.3431
   9.500   1.9578   0.01258   0.00730  -0.2073  0.0012  0.3074  -4.2403   0.0000   0.3389
  10.000   2.0043   0.01306   0.00786  -0.2060  0.0011  0.3953  -4.8162   0.0000   0.3348
  10.500   2.0466   0.01363   0.00843  -0.2038  0.0011  0.4093  -5.3990   0.0000   0.3306
  11.500   2.1049   0.01502   0.00986  -0.1942  0.0011  0.4344  -6.4852   0.0000   0.3214
  12.000   2.1346   0.01588   0.01074  -0.1899  0.0010  0.4350  -7.0644   0.0000   0.3170
  12.500   2.1633   0.01688   0.01178  -0.1857  0.0010  0.4700  -7.6577   0.0000   0.3129
  13.000   2.1914   0.01803   0.01298  -0.1817  0.0010  0.5098  -8.2668   0.0000   0.3088
  13.500   2.2170   0.01937   0.01435  -0.1775  0.0009  0.5238  -8.8790   0.0000   0.3049
  14.000   2.2401   0.02097   0.01601  -0.1733  0.0009  0.5563  -9.4915   0.0000   0.3011
  14.500   2.2604   0.02283   0.01795  -0.1691  0.0009  0.6000  -10.0999   0.0000   0.2974
  15.000   2.2799   0.02499   0.02016  -0.1652  0.0008  0.6317  -10.7193   0.0000   0.2938
  15.500   2.2975   0.02747   0.02271  -0.1615  0.0008  0.6639  -11.3404   0.0000   0.2905
  16.500   2.2722   0.03839   0.03397  -0.1502  0.0016  0.7150  -12.0230   0.0000   0.2838
  17.000   2.2736   0.04311   0.03879  -0.1471  0.0019  0.7490  -12.5548   0.0000   0.2810
  17.500   2.2838   0.04752   0.04331  -0.1452  0.0022  0.8026  -13.1674   0.0000   0.2785


