XFLR5 v6.02 Beta

 Calculated polar for: WORTMANN FX 63-137

 1 1 Reynolds number fixed          Mach number fixed         

 xtrf =   1.000 (top)        1.000 (bottom)
 Mach =   0.000     Re =    59.250 e 6     Ncrit =   9.000

  alpha     CL        CD       CDp       CM    Top Xtr Bot Xtr   Cpmin    Chinge    XCp    
 ------- -------- --------- --------- -------- ------- ------- -------- --------- ---------
 -23.000  -0.3990   0.22431   0.22189  -0.0518  0.2221  0.0013  -4.8968   0.0000   0.0714
 -22.500  -0.3809   0.22027   0.21783  -0.0555  0.2216  0.0013  -4.7028   0.0000   0.0552
 -22.000  -0.3626   0.21646   0.21401  -0.0591  0.2213  0.0013  -4.5127   0.0000   0.0373
 -20.000  -1.2806   0.02480   0.02123  -0.1744  0.4139  0.0015  -26.9376   0.0000   0.0842
 -19.500  -1.2661   0.02124   0.01762  -0.1766  0.4091  0.0015  -26.2700   0.0000   0.0822
 -19.000  -1.2465   0.01836   0.01470  -0.1783  0.4039  0.0016  -25.5224   0.0000   0.0799
 -18.500  -1.2019   0.01593   0.01221  -0.1834  0.4019  0.0016  -24.4673   0.0000   0.0712
 -18.000  -1.1489   0.01428   0.01042  -0.1881  0.3414  0.0017  -23.3112   0.0000   0.0608
 -17.000  -1.0427   0.01256   0.00860  -0.1910  0.3080  0.0019  -20.9988   0.0000   0.0425
 -16.500  -0.9877   0.01187   0.00786  -0.1922  0.3007  0.0020  -19.8554   0.0000   0.0315
 -16.000  -0.9316   0.01125   0.00720  -0.1933  0.2937  0.0021  -18.7274   0.0000   0.0190
 -15.500  -0.8747   0.01067   0.00659  -0.1944  0.2893  0.0022  -17.6182   0.0000   0.0045
 -15.000  -0.8172   0.01014   0.00603  -0.1954  0.2781  0.0023  -16.5321   0.0000  -0.0123
 -14.500  -0.7604   0.00973   0.00552  -0.1962  0.2295  0.0025  -15.4830   0.0000  -0.0311
 -14.000  -0.7019   0.00928   0.00505  -0.1973  0.2220  0.0026  -14.4475   0.0000  -0.0542
 -13.500  -0.6431   0.00889   0.00463  -0.1982  0.2209  0.0027  -13.5227   0.0000  -0.0816
 -13.000  -0.5845   0.00854   0.00424  -0.1991  0.1970  0.0029  -12.6289   0.0000  -0.1146
 -12.500  -0.5255   0.00823   0.00386  -0.2000  0.1696  0.0031  -11.7585   0.0000  -0.1552
 -10.500  -0.2870   0.00720   0.00270  -0.2036  0.1432  0.0040  -8.5144   0.0000  -0.4927
 -10.000  -0.2273   0.00703   0.00250  -0.2043  0.1379  0.0040  -7.7744   0.0000  -0.6880
  -9.500  -0.1676   0.00688   0.00233  -0.2051  0.1326  0.0041  -7.0634   0.0000  -1.0236
  -9.000  -0.1077   0.00674   0.00217  -0.2059  0.1241  0.0041  -6.3820   0.0000  -1.7326
  -8.500  -0.0479   0.00662   0.00203  -0.2066  0.1237  0.0041  -5.7281   0.0000  -4.2162
  -8.000   0.0120   0.00651   0.00191  -0.2074  0.1235  0.0042  -5.1038   0.0000  18.1167
  -7.500   0.0718   0.00641   0.00180  -0.2081  0.1232  0.0042  -4.5091   0.0000   3.2342
  -6.500   0.1913   0.00627   0.00162  -0.2095  0.1226  0.0043  -3.6523   0.0000   1.3725
  -6.000   0.2503   0.00627   0.00157  -0.2100  0.1015  0.0043  -3.2782   0.0000   1.1084
  -5.500   0.3096   0.00625   0.00152  -0.2106  0.0986  0.0044  -2.9176   0.0000   0.9444
  -5.000   0.3690   0.00623   0.00149  -0.2112  0.0960  0.0044  -2.5721   0.0000   0.8331
  -4.500   0.4282   0.00622   0.00146  -0.2118  0.0917  0.0045  -2.2418   0.0000   0.7528
  -4.000   0.4874   0.00622   0.00145  -0.2123  0.0844  0.0045  -1.9275   0.0000   0.6920
  -3.500   0.5464   0.00623   0.00145  -0.2129  0.0842  0.0045  -1.6289   0.0000   0.6443
  -3.000   0.6054   0.00625   0.00146  -0.2134  0.0841  0.0046  -1.3461   0.0000   0.6060
  -2.500   0.6641   0.00628   0.00148  -0.2139  0.0839  0.0046  -1.0785   0.0000   0.5744
  -2.000   0.7213   0.00645   0.00157  -0.2141  0.0553  0.0050  -0.9614   0.0000   0.5481
  -1.500   0.7794   0.00653   0.00162  -0.2144  0.0478  0.0059  -1.0117   0.0000   0.5256
  -1.000   0.8374   0.00662   0.00169  -0.2148  0.0451  0.0069  -1.0640   0.0000   0.5062
  -0.500   0.8952   0.00671   0.00176  -0.2152  0.0427  0.0077  -1.1166   0.0000   0.4892
   0.000   0.9529   0.00680   0.00185  -0.2155  0.0404  0.0082  -1.1694   0.0000   0.4743
   0.500   1.0106   0.00690   0.00194  -0.2158  0.0384  0.0154  -1.2244   0.0000   0.4610
   1.000   1.0679   0.00701   0.00204  -0.2161  0.0413  0.0170  -1.2893   0.0000   0.4491
   1.500   1.1249   0.00713   0.00215  -0.2163  0.0403  0.0171  -1.3650   0.0000   0.4383
   2.500   1.2345   0.00773   0.00264  -0.2159  0.0016  0.0372  -1.5296   0.0000   0.4195
   4.000   1.4002   0.00838   0.00323  -0.2157  0.0013  0.0427  -1.9084   0.0000   0.3964
   4.500   1.4547   0.00862   0.00346  -0.2156  0.0013  0.0486  -2.0870   0.0000   0.3898
   6.000   1.6159   0.00943   0.00426  -0.2148  0.0012  0.1102  -2.6484   0.0000   0.3721
   6.500   1.6684   0.00973   0.00456  -0.2143  0.0012  0.1223  -2.8432   0.0000   0.3669
   7.000   1.7205   0.01006   0.00489  -0.2138  0.0012  0.1460  -3.0418   0.0000   0.3618
   7.500   1.7716   0.01041   0.00523  -0.2131  0.0012  0.1510  -3.2430   0.0000   0.3570
   8.000   1.8218   0.01079   0.00559  -0.2123  0.0012  0.1475  -3.4472   0.0000   0.3523
   8.500   1.8714   0.01118   0.00599  -0.2114  0.0012  0.1707  -3.6543   0.0000   0.3478
   9.500   1.9681   0.01203   0.00688  -0.2092  0.0012  0.2501  -4.2995   0.0000   0.3393
  10.000   2.0151   0.01249   0.00739  -0.2079  0.0011  0.3274  -4.8824   0.0000   0.3352
  10.500   2.0600   0.01299   0.00793  -0.2063  0.0011  0.3692  -5.4838   0.0000   0.3311
  11.000   2.1008   0.01358   0.00851  -0.2038  0.0011  0.3702  -6.0916   0.0000   0.3270
  11.500   2.1257   0.01423   0.00918  -0.1981  0.0011  0.3740  -6.6240   0.0000   0.3222
  12.000   2.1549   0.01501   0.00996  -0.1935  0.0010  0.3755  -7.2053   0.0000   0.3178
  12.500   2.1847   0.01589   0.01086  -0.1893  0.0010  0.3873  -7.8116   0.0000   0.3136
  13.000   2.2134   0.01691   0.01195  -0.1852  0.0010  0.4550  -8.4312   0.0000   0.3095
  13.500   2.2396   0.01813   0.01322  -0.1809  0.0009  0.4861  -9.0537   0.0000   0.3056
  14.000   2.2632   0.01958   0.01470  -0.1765  0.0008  0.4973  -9.6765   0.0000   0.3017
  15.000   2.2634   0.02605   0.02143  -0.1628  0.0015  0.5432  -10.5281   0.0000   0.2933
  15.500   2.2774   0.02886   0.02431  -0.1589  0.0020  0.5690  -11.1437   0.0000   0.2900
  16.000   2.2941   0.03168   0.02720  -0.1557  0.0024  0.6054  -11.7724   0.0000   0.2868
  16.500   2.3043   0.03522   0.03081  -0.1523  0.0028  0.6325  -12.3495   0.0000   0.2837
  17.000   2.3108   0.03915   0.03483  -0.1490  0.0031  0.6583  -12.9062   0.0000   0.2808
  17.500   2.3137   0.04380   0.03957  -0.1461  0.0037  0.6895  -13.4374   0.0000   0.2781
  18.000   2.3150   0.04899   0.04485  -0.1436  0.0040  0.7158  -13.9645   0.0000   0.2756
  18.500   2.3144   0.05477   0.05074  -0.1417  0.0042  0.7508  -14.4813   0.0000   0.2734
  19.000   2.3116   0.06119   0.05727  -0.1404  0.0044  0.8012  -14.9838   0.0000   0.2714
  19.500   2.3059   0.06810   0.06431  -0.1395  0.0045  0.8384  -15.4639   0.0000   0.2697


