XFLR5 v6.02 Beta

 Calculated polar for: WORTMANN FX 63-137

 1 1 Reynolds number fixed          Mach number fixed         

 xtrf =   1.000 (top)        1.000 (bottom)
 Mach =   0.000     Re =    51.000 e 6     Ncrit =   9.000

  alpha     CL        CD       CDp       CM    Top Xtr Bot Xtr   Cpmin    Chinge    XCp    
 ------- -------- --------- --------- -------- ------- ------- -------- --------- ---------
 -22.500  -0.4126   0.20937   0.20687  -0.0570  0.2393  0.0014  -6.7973   0.0000   0.0617
 -22.000  -0.3955   0.20422   0.20170  -0.0606  0.2307  0.0014  -6.5809   0.0000   0.0463
 -21.500  -0.3783   0.19902   0.19648  -0.0642  0.2251  0.0014  -6.3688   0.0000   0.0294
 -21.000  -0.3611   0.19376   0.19120  -0.0677  0.2220  0.0014  -6.1615   0.0000   0.0111
 -20.500  -0.3440   0.18841   0.18584  -0.0712  0.2216  0.0015  -5.9636   0.0000  -0.0090
 -20.000  -0.3269   0.18303   0.18044  -0.0746  0.2208  0.0016  -5.7685   0.0000  -0.0310
 -19.500  -0.3103   0.17770   0.17503  -0.0778  0.1727  0.0018  -5.5788   0.0000  -0.0543
 -19.000  -0.2934   0.17223   0.16955  -0.0811  0.1700  0.0020  -5.3933   0.0000  -0.0810
 -18.500  -0.2767   0.16671   0.16402  -0.0843  0.1728  0.0021  -5.2151   0.0000  -0.1107
 -18.000  -0.2602   0.16116   0.15846  -0.0874  0.1701  0.0023  -5.0437   0.0000  -0.1436
 -17.500  -0.2441   0.15560   0.15289  -0.0905  0.1698  0.0025  -4.8805   0.0000  -0.1800
 -17.000  -0.2288   0.15015   0.14742  -0.0934  0.1696  0.0027  -4.7275   0.0000  -0.2197
 -16.500  -0.2138   0.14473   0.14200  -0.0962  0.1693  0.0029  -4.5828   0.0000  -0.2639
 -16.000  -0.1982   0.13898   0.13624  -0.0992  0.1690  0.0031  -4.4425   0.0000  -0.3169
 -15.500  -0.1830   0.13315   0.13041  -0.1021  0.1689  0.0032  -4.3106   0.0000  -0.3779
 -15.000  -0.1684   0.12732   0.12455  -0.1049  0.1506  0.0034  -4.1880   0.0000  -0.4465
 -14.500  -0.1541   0.12140   0.11861  -0.1078  0.1444  0.0035  -4.1103   0.0000  -0.5271
 -14.000  -0.1406   0.11552   0.11270  -0.1105  0.1380  0.0036  -4.0478   0.0000  -0.6182
 -13.500  -0.1285   0.10968   0.10685  -0.1132  0.1349  0.0037  -4.0010   0.0000  -0.7178
 -13.000  -0.1163   0.10340   0.10057  -0.1162  0.1326  0.0037  -3.9691   0.0000  -0.8417
 -12.500  -0.1058   0.09685   0.09401  -0.1194  0.1305  0.0038  -3.9663   0.0000  -0.9765
 -12.000  -0.0985   0.08994   0.08711  -0.1226  0.1289  0.0038  -4.0113   0.0000  -1.0961
 -11.500  -0.0964   0.08194   0.07912  -0.1266  0.1276  0.0039  -4.1488   0.0000  -1.1644
 -10.000  -0.2292   0.00718   0.00259  -0.2038  0.1431  0.0040  -7.7779   0.0000  -0.6781
  -9.500  -0.1696   0.00703   0.00240  -0.2046  0.1375  0.0041  -7.0680   0.0000  -1.0056
  -9.000  -0.1098   0.00689   0.00224  -0.2054  0.1275  0.0041  -6.3874   0.0000  -1.6910
  -8.500  -0.0499   0.00676   0.00209  -0.2061  0.1240  0.0041  -5.7337   0.0000  -4.0235
  -8.000   0.0099   0.00665   0.00196  -0.2069  0.1237  0.0042  -5.1095   0.0000  21.7233
  -7.500   0.0698   0.00656   0.00185  -0.2076  0.1235  0.0042  -4.5149   0.0000   3.3139
  -7.000   0.1296   0.00647   0.00175  -0.2083  0.1233  0.0043  -4.0470   0.0000   1.9019
  -6.500   0.1893   0.00640   0.00167  -0.2090  0.1229  0.0043  -3.6552   0.0000   1.3820
  -6.000   0.2489   0.00635   0.00160  -0.2097  0.1225  0.0043  -3.2788   0.0000   1.1116
  -5.500   0.3078   0.00637   0.00156  -0.2102  0.1013  0.0044  -2.9204   0.0000   0.9472
  -5.000   0.3670   0.00635   0.00152  -0.2107  0.0984  0.0044  -2.5750   0.0000   0.8350
  -4.500   0.4262   0.00635   0.00150  -0.2113  0.0955  0.0045  -2.2451   0.0000   0.7540
  -4.000   0.4853   0.00636   0.00149  -0.2119  0.0859  0.0045  -1.9312   0.0000   0.6929
  -3.500   0.5444   0.00637   0.00149  -0.2124  0.0843  0.0046  -1.6327   0.0000   0.6450
  -3.000   0.6033   0.00639   0.00150  -0.2129  0.0842  0.0048  -1.3499   0.0000   0.6064
  -2.500   0.6620   0.00642   0.00152  -0.2134  0.0840  0.0046  -1.0822   0.0000   0.5747
  -2.000   0.7206   0.00646   0.00155  -0.2139  0.0833  0.0053  -0.9612   0.0000   0.5482
  -1.500   0.7774   0.00665   0.00165  -0.2140  0.0508  0.0064  -1.0105   0.0000   0.5258
  -1.000   0.8353   0.00674   0.00172  -0.2144  0.0479  0.0074  -1.0626   0.0000   0.5063
  -0.500   0.8931   0.00684   0.00180  -0.2147  0.0452  0.0082  -1.1151   0.0000   0.4893
   0.000   0.9506   0.00695   0.00189  -0.2150  0.0427  0.0088  -1.1678   0.0000   0.4743
   0.500   1.0083   0.00704   0.00199  -0.2153  0.0404  0.0155  -1.2226   0.0000   0.4610
   1.000   1.0656   0.00715   0.00209  -0.2156  0.0433  0.0170  -1.2873   0.0000   0.4490
   1.500   1.1225   0.00728   0.00220  -0.2158  0.0421  0.0171  -1.3629   0.0000   0.4383
   2.000   1.1792   0.00742   0.00233  -0.2160  0.0404  0.0192  -1.4392   0.0000   0.4285
   2.500   1.2319   0.00790   0.00271  -0.2154  0.0019  0.0373  -1.5269   0.0000   0.4194
   3.500   1.3426   0.00832   0.00309  -0.2153  0.0013  0.0406  -1.7594   0.0000   0.4035
   4.000   1.3974   0.00855   0.00331  -0.2151  0.0014  0.0439  -1.9036   0.0000   0.3963
   4.500   1.4518   0.00880   0.00355  -0.2150  0.0013  0.0501  -2.0818   0.0000   0.3897
   5.000   1.5059   0.00906   0.00380  -0.2148  0.0013  0.0668  -2.2645   0.0000   0.3835
   5.500   1.5593   0.00934   0.00407  -0.2144  0.0013  0.0774  -2.4510   0.0000   0.3776
   6.000   1.6126   0.00963   0.00437  -0.2141  0.0012  0.1153  -2.6419   0.0000   0.3720
   7.000   1.7168   0.01027   0.00501  -0.2131  0.0012  0.1472  -3.0341   0.0000   0.3617
   7.500   1.7677   0.01064   0.00536  -0.2123  0.0012  0.1608  -3.2348   0.0000   0.3568
   8.000   1.8176   0.01102   0.00574  -0.2115  0.0012  0.1573  -3.4381   0.0000   0.3521
   8.500   1.8672   0.01142   0.00615  -0.2106  0.0012  0.1956  -3.6451   0.0000   0.3476
   9.000   1.9161   0.01183   0.00660  -0.2096  0.0012  0.2497  -3.9163   0.0000   0.3433
   9.500   1.9628   0.01230   0.00707  -0.2082  0.0012  0.2675  -4.2695   0.0000   0.3390
  10.000   2.0104   0.01275   0.00762  -0.2071  0.0011  0.3698  -4.8532   0.0000   0.3350
  10.500   2.0534   0.01330   0.00816  -0.2050  0.0011  0.3797  -5.4421   0.0000   0.3309
  11.000   2.0859   0.01391   0.00878  -0.2008  0.0011  0.3911  -5.9979   0.0000   0.3263
  11.500   2.1159   0.01460   0.00949  -0.1963  0.0011  0.4008  -6.5590   0.0000   0.3218
  12.000   2.1450   0.01542   0.01033  -0.1917  0.0010  0.4028  -7.1366   0.0000   0.3174
  12.500   2.1743   0.01636   0.01130  -0.1876  0.0010  0.4336  -7.7369   0.0000   0.3132
  13.000   2.2027   0.01745   0.01247  -0.1835  0.0010  0.4971  -8.3511   0.0000   0.3092
  13.500   2.2282   0.01873   0.01377  -0.1792  0.0009  0.4995  -8.9660   0.0000   0.3052
  14.000   2.2523   0.02021   0.01527  -0.1749  0.0009  0.5139  -9.5888   0.0000   0.3014
  14.500   2.2751   0.02189   0.01703  -0.1709  0.0009  0.5637  -10.2195   0.0000   0.2977
  15.000   2.2937   0.02397   0.01917  -0.1667  0.0008  0.5948  -10.8364   0.0000   0.2941
  15.500   2.2643   0.03003   0.02546  -0.1578  0.0014  0.6225  -11.0020   0.0000   0.2899
  16.000   2.2753   0.03339   0.02891  -0.1542  0.0018  0.6433  -11.5751   0.0000   0.2867
  16.500   2.2869   0.03694   0.03252  -0.1512  0.0022  0.6760  -12.1957   0.0000   0.2838
  17.000   2.2923   0.04107   0.03674  -0.1480  0.0025  0.6976  -12.7420   0.0000   0.2809
  17.500   2.2946   0.04600   0.04177  -0.1453  0.0029  0.7303  -13.2664   0.0000   0.2783
  18.000   2.3048   0.05041   0.04628  -0.1435  0.0035  0.7768  -13.8715   0.0000   0.2758
  19.000   2.3080   0.06327   0.05952  -0.1422  0.0040  1.0000  -14.9518   0.0000   0.2722
  19.500   2.2991   0.07046   0.06680  -0.1412  0.0042  1.0000  -15.3987   0.0000   0.2705


