XFLR5 v6.02 Beta

 Calculated polar for: WORTMANN FX 63-137

 1 1 Reynolds number fixed          Mach number fixed         

 xtrf =   1.000 (top)        1.000 (bottom)
 Mach =   0.000     Re =    46.500 e 6     Ncrit =   9.000

  alpha     CL        CD       CDp       CM    Top Xtr Bot Xtr   Cpmin    Chinge    XCp    
 ------- -------- --------- --------- -------- ------- ------- -------- --------- ---------
 -22.000  -1.1796   0.05944   0.05631  -0.1470  0.4777  0.0016  -26.5792   0.0000   0.0882
 -21.500  -1.2290   0.04700   0.04373  -0.1569  0.4786  0.0016  -27.1823   0.0000   0.0874
 -21.000  -1.2427   0.03951   0.03614  -0.1628  0.4666  0.0016  -27.0685   0.0000   0.0858
 -20.500  -1.2554   0.03258   0.02912  -0.1682  0.4659  0.0017  -26.9058   0.0000   0.0846
 -20.000  -1.2512   0.02783   0.02431  -0.1716  0.4658  0.0017  -26.4292   0.0000   0.0828
 -19.500  -1.2421   0.02356   0.01998  -0.1747  0.4657  0.0018  -25.8680   0.0000   0.0807
 -18.500  -1.1980   0.01755   0.01383  -0.1795  0.4337  0.0019  -24.3455   0.0000   0.0739
 -18.000  -1.1480   0.01525   0.01143  -0.1855  0.4043  0.0020  -23.2501   0.0000   0.0629
 -17.500  -1.0966   0.01406   0.01009  -0.1882  0.3440  0.0020  -22.1197   0.0000   0.0535
 -17.000  -1.0431   0.01313   0.00913  -0.1898  0.3388  0.0021  -20.9744   0.0000   0.0437
 -16.500  -0.9882   0.01234   0.00830  -0.1912  0.3379  0.0023  -19.8371   0.0000   0.0327
 -15.500  -0.8755   0.01097   0.00687  -0.1937  0.3375  0.0025  -17.6089   0.0000   0.0055
 -15.000  -0.8191   0.01045   0.00627  -0.1946  0.3051  0.0027  -16.5365   0.0000  -0.0107
 -14.500  -0.7625   0.01000   0.00571  -0.1955  0.2491  0.0028  -15.4911   0.0000  -0.0293
 -14.000  -0.7045   0.00955   0.00521  -0.1964  0.2382  0.0030  -14.4603   0.0000  -0.0519
 -13.500  -0.6458   0.00914   0.00477  -0.1974  0.2220  0.0031  -13.5357   0.0000  -0.0790
 -13.000  -0.5867   0.00875   0.00435  -0.1984  0.2213  0.0033  -12.6353   0.0000  -0.1120
 -12.500  -0.5282   0.00845   0.00397  -0.1993  0.1861  0.0035  -11.7653   0.0000  -0.1517
 -12.000  -0.4689   0.00815   0.00363  -0.2002  0.1698  0.0037  -10.9124   0.0000  -0.2026
 -11.500  -0.4092   0.00788   0.00333  -0.2011  0.1699  0.0039  -10.0829   0.0000  -0.2686
 -11.000  -0.3495   0.00764   0.00308  -0.2019  0.1695  0.0039  -9.2854   0.0000  -0.3574
 -10.500  -0.2898   0.00743   0.00285  -0.2028  0.1689  0.0040  -8.5162   0.0000  -0.4830
 -10.000  -0.2304   0.00728   0.00265  -0.2035  0.1467  0.0040  -7.7793   0.0000  -0.6720
  -9.500  -0.1708   0.00713   0.00245  -0.2043  0.1408  0.0041  -7.0700   0.0000  -0.9948
  -9.000  -0.1111   0.00699   0.00228  -0.2050  0.1307  0.0041  -6.3903   0.0000  -1.6657
  -8.500  -0.0512   0.00686   0.00213  -0.2058  0.1255  0.0041  -5.7368   0.0000  -3.9096
  -8.000   0.0087   0.00674   0.00200  -0.2065  0.1239  0.0042  -5.1127   0.0000  24.8756
  -7.500   0.0685   0.00665   0.00188  -0.2073  0.1236  0.0042  -4.5183   0.0000   3.3666
  -7.000   0.1283   0.00656   0.00178  -0.2080  0.1234  0.0043  -4.0484   0.0000   1.9159
  -6.500   0.1880   0.00649   0.00170  -0.2087  0.1231  0.0043  -3.6568   0.0000   1.3880
  -6.000   0.2477   0.00643   0.00163  -0.2094  0.1226  0.0043  -3.2806   0.0000   1.1149
  -5.500   0.3066   0.00644   0.00159  -0.2099  0.1030  0.0044  -2.9220   0.0000   0.9489
  -5.000   0.3658   0.00643   0.00155  -0.2105  0.1000  0.0044  -2.5766   0.0000   0.8361
  -4.500   0.4250   0.00643   0.00152  -0.2110  0.0972  0.0045  -2.2471   0.0000   0.7548
  -4.000   0.4840   0.00644   0.00151  -0.2116  0.0881  0.0045  -1.9335   0.0000   0.6935
  -3.500   0.5431   0.00645   0.00151  -0.2121  0.0848  0.0046  -1.6350   0.0000   0.6454
  -3.000   0.6020   0.00647   0.00152  -0.2127  0.0843  0.0049  -1.3523   0.0000   0.6067
  -2.500   0.6607   0.00650   0.00154  -0.2131  0.0840  0.0046  -1.0845   0.0000   0.5750
  -2.000   0.7193   0.00654   0.00157  -0.2136  0.0836  0.0055  -0.9604   0.0000   0.5484
  -1.500   0.7761   0.00673   0.00168  -0.2137  0.0527  0.0067  -1.0096   0.0000   0.5259
  -1.000   0.8341   0.00682   0.00174  -0.2141  0.0497  0.0077  -1.0618   0.0000   0.5063
  -0.500   0.8918   0.00692   0.00182  -0.2144  0.0469  0.0085  -1.1142   0.0000   0.4893
   0.000   0.9492   0.00703   0.00192  -0.2147  0.0442  0.0092  -1.1668   0.0000   0.4743
   0.500   1.0068   0.00713   0.00201  -0.2150  0.0418  0.0156  -1.2215   0.0000   0.4610
   1.000   1.0642   0.00724   0.00211  -0.2153  0.0445  0.0170  -1.2861   0.0000   0.4490
   1.500   1.1210   0.00737   0.00224  -0.2155  0.0433  0.0172  -1.3616   0.0000   0.4382
   2.000   1.1777   0.00752   0.00237  -0.2157  0.0415  0.0193  -1.4378   0.0000   0.4284
   2.500   1.2303   0.00800   0.00275  -0.2150  0.0022  0.0373  -1.5252   0.0000   0.4193
   3.500   1.3409   0.00843   0.00314  -0.2149  0.0013  0.0413  -1.7571   0.0000   0.4034
   4.000   1.3956   0.00867   0.00336  -0.2148  0.0015  0.0447  -1.9005   0.0000   0.3963
   4.500   1.4500   0.00892   0.00360  -0.2146  0.0013  0.0511  -2.0785   0.0000   0.3896
   5.000   1.5040   0.00918   0.00386  -0.2144  0.0013  0.0669  -2.2609   0.0000   0.3834
   5.500   1.5573   0.00946   0.00413  -0.2140  0.0013  0.0791  -2.4472   0.0000   0.3775
   6.000   1.6105   0.00975   0.00444  -0.2137  0.0012  0.1187  -2.6379   0.0000   0.3719
   6.500   1.6630   0.01006   0.00476  -0.2133  0.0012  0.1456  -2.8323   0.0000   0.3666
   7.000   1.7144   0.01041   0.00509  -0.2126  0.0012  0.1533  -3.0293   0.0000   0.3616
   7.500   1.7653   0.01078   0.00545  -0.2119  0.0012  0.1671  -3.2298   0.0000   0.3567
   8.000   1.8149   0.01117   0.00583  -0.2109  0.0012  0.1636  -3.4325   0.0000   0.3520
   8.500   1.8644   0.01157   0.00626  -0.2100  0.0012  0.2077  -3.6388   0.0000   0.3475
   9.000   1.9130   0.01200   0.00672  -0.2090  0.0012  0.2574  -3.9073   0.0000   0.3432
   9.500   1.9597   0.01247   0.00720  -0.2076  0.0012  0.2803  -4.2517   0.0000   0.3389
  10.000   2.0067   0.01293   0.00775  -0.2064  0.0011  0.3821  -4.8310   0.0000   0.3349
  10.500   2.0495   0.01349   0.00832  -0.2043  0.0011  0.3963  -5.4175   0.0000   0.3307
  11.000   2.0797   0.01411   0.00896  -0.1996  0.0011  0.4140  -5.9575   0.0000   0.3260
  12.000   2.1392   0.01569   0.01057  -0.1908  0.0010  0.4330  -7.0962   0.0000   0.3172
  12.500   2.1676   0.01666   0.01158  -0.1864  0.0010  0.4565  -7.6886   0.0000   0.3130
  13.000   2.1960   0.01778   0.01276  -0.1824  0.0010  0.4999  -8.3012   0.0000   0.3090
  13.500   2.2216   0.01910   0.01410  -0.1782  0.0009  0.5089  -8.9148   0.0000   0.3050
  14.000   2.2461   0.02061   0.01565  -0.1741  0.0009  0.5325  -9.5393   0.0000   0.3012
  15.000   2.2854   0.02460   0.01979  -0.1658  0.0008  0.6268  -10.7659   0.0000   0.2939
  16.000   2.2679   0.03410   0.02959  -0.1537  0.0014  0.6661  -11.5056   0.0000   0.2867
  16.500   2.2772   0.03790   0.03349  -0.1505  0.0018  0.6933  -12.0786   0.0000   0.2837
  17.000   2.2843   0.04195   0.03761  -0.1476  0.0021  0.7237  -12.6683   0.0000   0.2810
  17.500   2.2886   0.04685   0.04262  -0.1453  0.0024  0.7720  -13.2130   0.0000   0.2784
  18.000   2.2906   0.05240   0.04830  -0.1434  0.0030  0.8267  -13.7409   0.0000   0.2762
  18.500   2.2962   0.05883   0.05499  -0.1434  0.0034  1.0000  -14.3117   0.0000   0.2745
  19.000   2.2995   0.06424   0.06046  -0.1420  0.0037  1.0000  -14.8705   0.0000   0.2723
  19.500   2.2899   0.07154   0.06786  -0.1410  0.0039  1.0000  -15.3080   0.0000   0.2706


