xflr5 v6.59

 Calculated polar for: WORTMANN FX 63-137 AIRFOIL

 1 1 Reynolds number fixed          Mach number fixed         

 xtrf =   1.000 (top)        1.000 (bottom)
 Mach =   0.000     Re =     1.100 e 6     Ncrit =   9.000

  alpha     CL        CD       CDp       Cm    Top Xtr Bot Xtr   Cpmin    Chinge    XCp    
 ------- -------- --------- --------- -------- ------- ------- -------- --------- ---------
 -18.400   -0.3770   0.21149   0.20964   -0.0243   1.0000   0.0046   -1.5667   0.0000   0.1548   
 -18.300   -0.3744   0.21026   0.20841   -0.0247   1.0000   0.0046   -1.5697   0.0000   0.1531   
 -18.200   -0.3717   0.20903   0.20718   -0.0252   1.0000   0.0046   -1.5728   0.0000   0.1515   
 -18.100   -0.3691   0.20780   0.20595   -0.0256   1.0000   0.0046   -1.5759   0.0000   0.1498   
 -18.000   -0.3665   0.20657   0.20472   -0.0260   1.0000   0.0046   -1.5792   0.0000   0.1481   
 -17.900   -0.3639   0.20533   0.20349   -0.0265   1.0000   0.0046   -1.5825   0.0000   0.1464   
 -17.800   -0.3690   0.20099   0.19916   -0.0271   1.0000   0.0051   -1.8655   0.0000   0.1458   
 -17.700   -0.3664   0.19984   0.19801   -0.0275   1.0000   0.0052   -1.8570   0.0000   0.1442   
 -17.600   -0.3638   0.19870   0.19688   -0.0279   1.0000   0.0052   -1.8475   0.0000   0.1426   
 -17.500   -0.3612   0.19756   0.19575   -0.0283   1.0000   0.0053   -1.8373   0.0000   0.1409   
 -17.400   -0.3586   0.19645   0.19464   -0.0287   1.0000   0.0053   -1.8256   0.0000   0.1393   
 -17.300   -0.3559   0.19536   0.19355   -0.0290   1.0000   0.0053   -1.8113   0.0000   0.1376   
 -17.200   -0.3532   0.19427   0.19247   -0.0294   1.0000   0.0054   -1.7971   0.0000   0.1360   
 -17.100   -0.3506   0.19318   0.19138   -0.0298   1.0000   0.0054   -1.7833   0.0000   0.1343   
 -17.000   -0.3479   0.19209   0.19029   -0.0301   1.0000   0.0055   -1.7698   0.0000   0.1326   
 -16.900   -0.3453   0.19100   0.18920   -0.0305   1.0000   0.0055   -1.7567   0.0000   0.1310   
 -16.800   -0.3427   0.18990   0.18811   -0.0308   1.0000   0.0056   -1.7440   0.0000   0.1293   
 -16.700   -0.3402   0.18880   0.18701   -0.0312   1.0000   0.0056   -1.7318   0.0000   0.1276   
 -16.600   -0.3376   0.18770   0.18592   -0.0315   1.0000   0.0057   -1.7201   0.0000   0.1259   
 -16.500   -0.3351   0.18659   0.18481   -0.0319   1.0000   0.0057   -1.7088   0.0000   0.1242   
 -16.400   -0.3326   0.18548   0.18371   -0.0322   1.0000   0.0058   -1.6981   0.0000   0.1225   
 -16.300   -0.3301   0.18437   0.18260   -0.0325   1.0000   0.0058   -1.6879   0.0000   0.1208   
 -16.200   -0.3277   0.18326   0.18149   -0.0329   1.0000   0.0059   -1.6782   0.0000   0.1191   
 -16.100   -0.3253   0.18214   0.18037   -0.0332   1.0000   0.0059   -1.6691   0.0000   0.1174   
 -16.000   -0.3229   0.18101   0.17925   -0.0335   1.0000   0.0060   -1.6605   0.0000   0.1157   
 -15.900   -0.3206   0.17988   0.17813   -0.0338   1.0000   0.0060   -1.6525   0.0000   0.1140   
 -15.800   -0.3183   0.17875   0.17700   -0.0341   1.0000   0.0061   -1.6451   0.0000   0.1124   
 -15.700   -0.3160   0.17761   0.17586   -0.0344   1.0000   0.0062   -1.6383   0.0000   0.1107   
 -15.600   -0.3138   0.17647   0.17472   -0.0346   1.0000   0.0062   -1.6325   0.0000   0.1090   
 -15.500   -0.3116   0.17529   0.17354   -0.0349   1.0000   0.0063   -1.6305   0.0000   0.1074   
 -15.400   -0.3094   0.17415   0.17240   -0.0352   1.0000   0.0064   -1.6251   0.0000   0.1057   
 -15.300   -0.3073   0.17300   0.17125   -0.0355   1.0000   0.0065   -1.6204   0.0000   0.1041   
 -15.200   -0.3052   0.17185   0.17011   -0.0357   1.0000   0.0066   -1.6162   0.0000   0.1024   
 -15.100   -0.3031   0.17069   0.16896   -0.0360   1.0000   0.0066   -1.6126   0.0000   0.1008   
 -15.000   -0.3011   0.16954   0.16780   -0.0362   1.0000   0.0067   -1.6097   0.0000   0.0993   
 -14.900   -0.2991   0.16838   0.16665   -0.0364   1.0000   0.0068   -1.6076   0.0000   0.0978   
 -14.800   -0.2973   0.16721   0.16549   -0.0367   1.0000   0.0069   -1.6062   0.0000   0.0963   
 -14.700   -0.2954   0.16605   0.16433   -0.0369   1.0000   0.0071   -1.6057   0.0000   0.0948   
 -14.600   -0.2937   0.16488   0.16317   -0.0371   1.0000   0.0072   -1.6060   0.0000   0.0935   
 -14.500   -0.2920   0.16370   0.16200   -0.0373   1.0000   0.0073   -1.6074   0.0000   0.0922   
 -14.400   -0.2904   0.16252   0.16082   -0.0374   1.0000   0.0075   -1.6100   0.0000   0.0909   
 -13.800   -0.2569   0.15170   0.14999   -0.0472   0.9985   0.0098   -1.7505   0.0000   0.0323   
 -13.700   -0.2510   0.14996   0.14825   -0.0489   0.9981   0.0098   -1.7587   0.0000   0.0209   
 -13.600   -0.2453   0.14816   0.14645   -0.0505   0.9977   0.0099   -1.7703   0.0000   0.0092   
 -13.500   -0.2397   0.14633   0.14461   -0.0521   0.9973   0.0099   -1.7842   0.0000   -0.0031   
 -13.400   -0.2341   0.14446   0.14274   -0.0537   0.9969   0.0099   -1.8000   0.0000   -0.0160   
 -13.300   -0.2285   0.14256   0.14084   -0.0554   0.9966   0.0099   -1.8176   0.0000   -0.0297   
 -13.200   -0.2229   0.14062   0.13890   -0.0570   0.9962   0.0099   -1.8372   0.0000   -0.0441   
 -13.100   -0.2173   0.13866   0.13694   -0.0587   0.9958   0.0099   -1.8590   0.0000   -0.0594   
 -13.000   -0.2123   0.13671   0.13498   -0.0602   0.9952   0.0100   -1.8828   0.0000   -0.0737   
 -12.900   -0.2170   0.13330   0.13159   -0.0609   0.9948   0.0109   -1.9664   0.0000   -0.0698   
 -12.800   -0.2101   0.13191   0.13020   -0.0623   0.9940   0.0110   -1.9326   0.0000   -0.0867   
 -12.700   -0.2032   0.13046   0.12875   -0.0638   0.9931   0.0112   -1.9051   0.0000   -0.1051   
 -12.600   -0.1967   0.12891   0.12719   -0.0653   0.9923   0.0113   -1.8892   0.0000   -0.1245   
 -12.500   -0.2159   0.12089   0.11917   -0.0666   0.9925   0.0091   -2.7291   0.0000   -0.0987   
 -12.400   -0.2137   0.11836   0.11664   -0.0683   0.9918   0.0092   -2.8128   0.0000   -0.1103   
 -12.300   -0.2114   0.11591   0.11418   -0.0700   0.9912   0.0093   -2.8869   0.0000   -0.1221   
 -12.200   -0.2098   0.11338   0.11165   -0.0717   0.9906   0.0093   -2.9696   0.0000   -0.1331   
 -12.100   -0.2106   0.11087   0.10915   -0.0729   0.9892   0.0093   -3.0664   0.0000   -0.1374   
 -12.000   -0.2131   0.10792   0.10620   -0.0743   0.9876   0.0092   -3.2028   0.0000   -0.1395   
 -11.900   -0.2255   0.10266   0.10095   -0.0766   0.9867   0.0090   -3.5616   0.0000   -0.1291   
 -11.800   -0.5394   0.02019   0.01668   -0.1615   0.9446   0.0076   -9.8272   0.0000   -0.0710   
 -11.700   -0.5204   0.01922   0.01560   -0.1651   0.9414   0.0076   -9.6469   0.0000   -0.0892   
 -11.600   -0.5004   0.01841   0.01468   -0.1684   0.9387   0.0076   -9.4555   0.0000   -0.1090   
 -11.500   -0.4788   0.01768   0.01383   -0.1718   0.9364   0.0076   -9.2537   0.0000   -0.1319   
 -11.400   -0.4568   0.01700   0.01306   -0.1752   0.9339   0.0076   -9.0462   0.0000   -0.1574   
 -11.300   -0.4373   0.01644   0.01240   -0.1778   0.9296   0.0076   -8.8543   0.0000   -0.1813   
 -11.200   -0.4184   0.01593   0.01180   -0.1802   0.9243   0.0076   -8.6664   0.0000   -0.2060   
 -11.100   -0.3994   0.01547   0.01124   -0.1826   0.9189   0.0076   -8.4770   0.0000   -0.2333   
 -11.000   -0.3824   0.01508   0.01076   -0.1844   0.9127   0.0076   -8.3016   0.0000   -0.2590   
 -10.900   -0.3678   0.01474   0.01034   -0.1856   0.9050   0.0076   -8.1411   0.0000   -0.2823   
 -10.800   -0.3530   0.01444   0.00995   -0.1869   0.8978   0.0076   -7.9797   0.0000   -0.3077   
 -10.700   -0.3403   0.01417   0.00961   -0.1876   0.8912   0.0076   -7.8321   0.0000   -0.3303   
 -10.600   -0.3279   0.01393   0.00928   -0.1882   0.8846   0.0075   -7.6870   0.0000   -0.3537   
 -10.500   -0.3156   0.01370   0.00898   -0.1888   0.8784   0.0075   -7.5427   0.0000   -0.3787   
 -10.400   -0.3038   0.01349   0.00870   -0.1893   0.8731   0.0075   -7.4029   0.0000   -0.4039   
 -10.300   -0.2924   0.01328   0.00844   -0.1896   0.8674   0.0075   -7.2653   0.0000   -0.4302   
 -10.200   -0.2809   0.01309   0.00819   -0.1899   0.8609   0.0075   -7.1281   0.0000   -0.4587   
 -10.100   -0.2695   0.01292   0.00794   -0.1902   0.8544   0.0075   -6.9922   0.0000   -0.4892   
 -10.000   -0.2581   0.01274   0.00771   -0.1905   0.8494   0.0075   -6.8653   0.0000   -0.5226   
 -9.900   -0.2467   0.01256   0.00749   -0.1908   0.8440   0.0075   -6.7495   0.0000   -0.5589   
 -9.800   -0.2354   0.01240   0.00728   -0.1911   0.8383   0.0075   -6.6344   0.0000   -0.5982   
 -9.700   -0.2243   0.01225   0.00708   -0.1912   0.8324   0.0075   -6.5204   0.0000   -0.6403   
 -9.600   -0.2130   0.01209   0.00689   -0.1915   0.8276   0.0075   -6.4050   0.0000   -0.6884   
 -9.500   -0.2014   0.01193   0.00671   -0.1918   0.8230   0.0075   -6.2888   0.0000   -0.7429   
 -9.400   -0.1900   0.01179   0.00654   -0.1920   0.8177   0.0075   -6.1745   0.0000   -0.8030   
 -9.300   -0.1789   0.01168   0.00635   -0.1921   0.8112   0.0075   -6.0641   0.0000   -0.8683   
 -9.200   -0.1681   0.01157   0.00619   -0.1921   0.8048   0.0075   -5.9544   0.0000   -0.9400   
 -9.100   -0.1565   0.01145   0.00602   -0.1924   0.8005   0.0076   -5.8418   0.0000   -1.0289   
 -9.000   -0.1449   0.01133   0.00587   -0.1926   0.7959   0.0076   -5.7304   0.0000   -1.1313   
 -8.900   -0.1335   0.01122   0.00571   -0.1927   0.7910   0.0076   -5.6205   0.0000   -1.2495   
 -8.800   -0.1223   0.01113   0.00557   -0.1928   0.7859   0.0077   -5.5122   0.0000   -1.3872   
 -8.700   -0.1112   0.01105   0.00543   -0.1929   0.7807   0.0077   -5.4052   0.0000   -1.5504   
 -7.200   0.0582   0.01082   0.00516   -0.1936   0.7285   0.0093   -3.7708   0.0000   3.6720   
 -7.100   0.0692   0.01081   0.00514   -0.1936   0.7238   0.0093   -3.6732   0.0000   3.1277   
 -6.900   0.0944   0.01040   0.00486   -0.1945   0.7192   0.0098   -3.4802   0.0000   2.3684   
 -6.800   0.1066   0.01031   0.00475   -0.1948   0.7168   0.0098   -3.3871   0.0000   2.1283   
 -6.700   0.1187   0.01022   0.00464   -0.1950   0.7137   0.0099   -3.2955   0.0000   1.9380   
 -6.500   0.1396   0.01053   0.00475   -0.1945   0.7055   0.0094   -3.1042   0.0000   1.6796   
 -6.400   0.1549   0.00992   0.00425   -0.1958   0.7008   0.0099   -3.0314   0.0000   1.5470   
 -6.300   0.1669   0.00980   0.00409   -0.1961   0.6964   0.0100   -2.9566   0.0000   1.4542   
 -6.100   0.1879   0.01007   0.00384   -0.1954   0.6897   0.0092   -2.7846   0.0000   1.3155   
 -6.000   0.2003   0.00995   0.00368   -0.1957   0.6873   0.0092   -2.7363   0.0000   1.2506   
 -5.900   0.2128   0.00983   0.00350   -0.1961   0.6848   0.0093   -2.7004   0.0000   1.1928   
 -5.800   0.2255   0.00969   0.00331   -0.1965   0.6821   0.0093   -2.6754   0.0000   1.1410   
 -5.700   0.2383   0.00955   0.00312   -0.1968   0.6793   0.0094   -2.6637   0.0000   1.0946   
 -5.600   0.2509   0.00943   0.00294   -0.1971   0.6764   0.0094   -2.6852   0.0000   1.0530   
 -5.500   0.2569   0.00998   0.00395   -0.1960   0.6735   0.0095   -2.3219   0.0000   1.0293   
 -5.400   0.2693   0.00985   0.00382   -0.1963   0.6704   0.0095   -2.2791   0.0000   0.9946   
 -5.300   0.2818   0.00970   0.00366   -0.1967   0.6671   0.0096   -2.2434   0.0000   0.9624   
 -5.200   0.2949   0.00951   0.00346   -0.1972   0.6636   0.0097   -2.2178   0.0000   0.9324   
 -5.100   0.3087   0.00927   0.00321   -0.1979   0.6605   0.0098   -2.2076   0.0000   0.9039   
 -4.900   0.3401   0.00855   0.00215   -0.2000   0.6575   0.0121   -2.4183   0.0000   0.8491   
 -4.800   0.3522   0.00852   0.00213   -0.2002   0.6554   0.0127   -2.3546   0.0000   0.8289   
 -4.700   0.3640   0.00850   0.00211   -0.2003   0.6527   0.0132   -2.2875   0.0000   0.8102   
 -4.600   0.3757   0.00849   0.00212   -0.2004   0.6493   0.0139   -2.2119   0.0000   0.7928   
 -4.500   0.3869   0.00852   0.00217   -0.2004   0.6452   0.0147   -2.1202   0.0000   0.7769   
 -4.400   0.3970   0.00864   0.00232   -0.2002   0.6400   0.0157   -1.9965   0.0000   0.7626   
 -4.300   0.4070   0.00875   0.00248   -0.1999   0.6345   0.0163   -1.8869   0.0000   0.7492   
 -4.200   0.4167   0.00888   0.00268   -0.1996   0.6292   0.0168   -1.7819   0.0000   0.7366   
 -4.000   0.4376   0.00905   0.00294   -0.1993   0.6225   0.0185   -1.6174   0.0000   0.7121   
 -3.900   0.4503   0.00895   0.00279   -0.1997   0.6188   0.0189   -1.5753   0.0000   0.6998   
 -3.800   0.4627   0.00888   0.00269   -0.2000   0.6149   0.0193   -1.5311   0.0000   0.6882   
 -3.700   0.4747   0.00883   0.00260   -0.2002   0.6109   0.0196   -1.4858   0.0000   0.6773   
 -3.600   0.4867   0.00880   0.00252   -0.2004   0.6066   0.0198   -1.4403   0.0000   0.6670   
 -3.500   0.4985   0.00877   0.00246   -0.2005   0.6021   0.0201   -1.3946   0.0000   0.6573   
 -3.400   0.5104   0.00874   0.00240   -0.2007   0.5978   0.0203   -1.3487   0.0000   0.6479   
 -3.300   0.5227   0.00869   0.00234   -0.2010   0.5960   0.0205   -1.3022   0.0000   0.6389   
 -3.200   0.5350   0.00865   0.00228   -0.2012   0.5939   0.0206   -1.2559   0.0000   0.6302   
 -3.100   0.5472   0.00861   0.00223   -0.2014   0.5912   0.0207   -1.2100   0.0000   0.6219   
 -3.000   0.5592   0.00859   0.00218   -0.2016   0.5875   0.0208   -1.1646   0.0000   0.6141   
 -2.900   0.5710   0.00857   0.00213   -0.2017   0.5816   0.0209   -1.1198   0.0000   0.6066   
 -2.800   0.5824   0.00859   0.00210   -0.2018   0.5735   0.0210   -1.0762   0.0000   0.5996   
 -2.700   0.5936   0.00862   0.00207   -0.2018   0.5651   0.0212   -1.0332   0.0000   0.5928   
 -2.600   0.6053   0.00861   0.00204   -0.2019   0.5604   0.0215   -0.9893   0.0000   0.5862   
 -2.500   0.6170   0.00861   0.00200   -0.2020   0.5558   0.0217   -0.9457   0.0000   0.5799   
 -2.400   0.6286   0.00862   0.00197   -0.2021   0.5511   0.0214   -0.9026   0.0000   0.5737   
 -2.300   0.6401   0.00863   0.00193   -0.2022   0.5466   0.0201   -0.8986   0.0000   0.5678   
 -2.200   0.6515   0.00865   0.00191   -0.2022   0.5415   0.0205   -0.9070   0.0000   0.5622   
 -2.100   0.6630   0.00868   0.00189   -0.2023   0.5361   0.0209   -0.9155   0.0000   0.5567   
 -2.000   0.6747   0.00868   0.00187   -0.2024   0.5322   0.0215   -0.9241   0.0000   0.5514   
 -1.900   0.6866   0.00867   0.00185   -0.2026   0.5301   0.0220   -0.9329   0.0000   0.5462   
 -1.800   0.6984   0.00866   0.00183   -0.2027   0.5273   0.0225   -0.9416   0.0000   0.5412   
 -1.700   0.7101   0.00866   0.00181   -0.2028   0.5231   0.0228   -0.9503   0.0000   0.5364   
 -1.600   0.7215   0.00869   0.00181   -0.2028   0.5157   0.0229   -0.9599   0.0000   0.5318   
 -1.500   0.7322   0.00877   0.00182   -0.2028   0.5051   0.0228   -0.9696   0.0000   0.5274   
 -1.400   0.7432   0.00882   0.00182   -0.2027   0.4973   0.0227   -0.9793   0.0000   0.5231   
 -1.300   0.7546   0.00885   0.00182   -0.2028   0.4921   0.0225   -0.9893   0.0000   0.5189   
 -1.200   0.7659   0.00888   0.00182   -0.2028   0.4870   0.0224   -0.9994   0.0000   0.5148   
 -1.100   0.7772   0.00892   0.00183   -0.2029   0.4818   0.0223   -1.0093   0.0000   0.5108   
 -1.000   0.7882   0.00897   0.00184   -0.2028   0.4757   0.0222   -1.0192   0.0000   0.5070   
 -0.900   0.7992   0.00903   0.00185   -0.2028   0.4681   0.0222   -1.0290   0.0000   0.5032   
 -0.800   0.8108   0.00904   0.00186   -0.2029   0.4646   0.0221   -1.0392   0.0000   0.4996   
 -0.700   0.8222   0.00907   0.00186   -0.2029   0.4593   0.0220   -1.0494   0.0000   0.4960   
 -0.600   0.8325   0.00918   0.00191   -0.2028   0.4438   0.0220   -1.0589   0.0000   0.4926   
 -0.500   0.8423   0.00933   0.00197   -0.2026   0.4289   0.0219   -1.0681   0.0000   0.4893   
 -0.400   0.8529   0.00942   0.00201   -0.2025   0.4199   0.0219   -1.0777   0.0000   0.4861   
 -0.300   0.8633   0.00952   0.00205   -0.2024   0.4104   0.0219   -1.0872   0.0000   0.4829   
 -0.200   0.8741   0.00959   0.00208   -0.2023   0.4020   0.0219   -1.0970   0.0000   0.4798   
 -0.100   0.8855   0.00962   0.00210   -0.2024   0.3989   0.0219   -1.1073   0.0000   0.4768   
 0.000   0.8967   0.00966   0.00212   -0.2024   0.3936   0.0219   -1.1174   0.0000   0.4738   
 0.200   0.9159   0.00999   0.00228   -0.2018   0.3614   0.0221   -1.1358   0.0000   0.4682   
 0.300   0.9259   0.01012   0.00234   -0.2016   0.3516   0.0223   -1.1452   0.0000   0.4654   
 0.500   0.9452   0.01038   0.00240   -0.2010   0.3374   0.0251   -1.1639   0.0000   0.4600   
 0.600   0.9583   0.01032   0.00245   -0.2015   0.3347   0.0257   -1.1752   0.0000   0.4575   
 0.700   0.9703   0.01032   0.00256   -0.2017   0.3304   0.0336   -1.1861   0.0000   0.4549   
 0.800   0.9807   0.01041   0.00264   -0.2016   0.3193   0.0362   -1.1976   0.0000   0.4525   
 0.900   0.9900   0.01060   0.00274   -0.2013   0.3045   0.0382   -1.2084   0.0000   0.4501   
 1.000   1.0007   0.01068   0.00280   -0.2012   0.2994   0.0444   -1.2201   0.0000   0.4477   
 1.100   1.0111   0.01078   0.00287   -0.2011   0.2933   0.0475   -1.2316   0.0000   0.4454   
 1.200   1.0215   0.01088   0.00295   -0.2010   0.2865   0.0499   -1.2432   0.0000   0.4431   
 1.300   1.0323   0.01095   0.00302   -0.2010   0.2798   0.0580   -1.2553   0.0000   0.4409   
 1.400   1.0436   0.01098   0.00305   -0.2010   0.2774   0.0644   -1.2697   0.0000   0.4387   
 1.500   1.0546   0.01102   0.00310   -0.2010   0.2749   0.0668   -1.2841   0.0000   0.4365   
 1.600   1.0655   0.01108   0.00315   -0.2010   0.2704   0.0715   -1.2984   0.0000   0.4344   
 1.700   1.0750   0.01124   0.00326   -0.2007   0.2545   0.0779   -1.3117   0.0000   0.4324   
 1.800   1.0849   0.01139   0.00337   -0.2005   0.2455   0.0839   -1.3252   0.0000   0.4304   
 1.900   1.0955   0.01147   0.00344   -0.2005   0.2401   0.1014   -1.3393   0.0000   0.4284   
 2.000   1.1058   0.01158   0.00352   -0.2004   0.2348   0.1108   -1.3532   0.0000   0.4265   
 2.100   1.1171   0.01163   0.00361   -0.2005   0.2284   0.1467   -1.3679   0.0000   0.4246   
 2.200   1.1327   0.01148   0.00370   -0.2018   0.2221   0.2728   -1.3856   0.0000   0.4232   
 2.300   1.1498   0.01124   0.00385   -0.2035   0.2204   0.4349   -1.4049   0.0000   0.4218   
 2.400   1.1610   0.01128   0.00392   -0.2036   0.2182   0.4470   -1.4198   0.0000   0.4200   
 2.500   1.1718   0.01135   0.00400   -0.2035   0.2140   0.4575   -1.4363   0.0000   0.4183   
 2.600   1.1806   0.01157   0.00416   -0.2031   0.1975   0.4646   -1.4520   0.0000   0.4165   
 2.700   1.1905   0.01171   0.00427   -0.2029   0.1916   0.4722   -1.4687   0.0000   0.4148   
 2.800   1.2007   0.01182   0.00437   -0.2028   0.1873   0.4817   -1.4857   0.0000   0.4131   
 2.900   1.2107   0.01194   0.00447   -0.2026   0.1830   0.4894   -1.5040   0.0000   0.4114   
 3.000   1.2206   0.01206   0.00457   -0.2024   0.1782   0.4949   -1.5247   0.0000   0.4097   
 3.100   1.2307   0.01217   0.00466   -0.2022   0.1733   0.4988   -1.5457   0.0000   0.4081   
 3.200   1.2412   0.01224   0.00474   -0.2021   0.1701   0.5035   -1.5672   0.0000   0.4064   
 3.300   1.2519   0.01230   0.00481   -0.2021   0.1690   0.5099   -1.5891   0.0000   0.4049   
 3.400   1.2625   0.01236   0.00489   -0.2020   0.1676   0.5156   -1.6109   0.0000   0.4033   
 3.500   1.2730   0.01243   0.00496   -0.2019   0.1654   0.5208   -1.6326   0.0000   0.4018   
 3.600   1.2832   0.01252   0.00505   -0.2018   0.1619   0.5251   -1.6541   0.0000   0.4002   
 3.700   1.2910   0.01280   0.00524   -0.2012   0.1458   0.5284   -1.6729   0.0000   0.3987   
 3.800   1.3004   0.01294   0.00536   -0.2009   0.1421   0.5313   -1.6935   0.0000   0.3972   
 3.900   1.3094   0.01312   0.00549   -0.2005   0.1370   0.5354   -1.7231   0.0000   0.3957   
 4.000   1.3197   0.01320   0.00560   -0.2004   0.1361   0.5405   -1.7557   0.0000   0.3943   
 4.100   1.3296   0.01331   0.00572   -0.2002   0.1324   0.5504   -1.7877   0.0000   0.3929   
 4.200   1.3393   0.01343   0.00583   -0.2000   0.1281   0.5593   -1.8198   0.0000   0.3914   
 4.300   1.3490   0.01353   0.00594   -0.1997   0.1240   0.5653   -1.8520   0.0000   0.3900   
 4.400   1.3594   0.01361   0.00605   -0.1996   0.1225   0.5770   -1.8855   0.0000   0.3887   
 4.500   1.3693   0.01371   0.00617   -0.1994   0.1194   0.5865   -1.9183   0.0000   0.3873   
 4.600   1.3760   0.01404   0.00642   -0.1987   0.1027   0.5931   -1.9460   0.0000   0.3859   
 4.800   1.3924   0.01446   0.00676   -0.1977   0.0929   0.6057   -2.0066   0.0000   0.3832   
 4.900   1.4014   0.01462   0.00691   -0.1974   0.0870   0.6121   -2.0383   0.0000   0.3819   
 5.000   1.4109   0.01473   0.00703   -0.1971   0.0841   0.6179   -2.0712   0.0000   0.3806   
 5.100   1.4204   0.01483   0.00715   -0.1968   0.0830   0.6230   -2.1046   0.0000   0.3793   
 5.200   1.4296   0.01495   0.00726   -0.1965   0.0814   0.6269   -2.1376   0.0000   0.3781   
 5.300   1.4387   0.01507   0.00739   -0.1961   0.0791   0.6303   -2.1703   0.0000   0.3768   
 5.400   1.4473   0.01524   0.00757   -0.1957   0.0725   0.6372   -2.2024   0.0000   0.3755   
 5.500   1.4546   0.01549   0.00779   -0.1951   0.0660   0.6429   -2.2324   0.0000   0.3743   
 5.600   1.4630   0.01565   0.00793   -0.1946   0.0644   0.6481   -2.2645   0.0000   0.3730   
 5.700   1.4713   0.01581   0.00807   -0.1941   0.0628   0.6527   -2.2964   0.0000   0.3718   
 5.800   1.4795   0.01598   0.00822   -0.1936   0.0609   0.6565   -2.3281   0.0000   0.3706   
 5.900   1.4872   0.01615   0.00838   -0.1930   0.0585   0.6595   -2.3591   0.0000   0.3693   
 6.100   1.5025   0.01644   0.00869   -0.1918   0.0543   0.6679   -2.4206   0.0000   0.3669   
 6.200   1.5099   0.01659   0.00888   -0.1912   0.0516   0.6722   -2.4521   0.0000   0.3656   
 6.300   1.5179   0.01672   0.00903   -0.1906   0.0512   0.6765   -2.4868   0.0000   0.3645   
 6.400   1.5257   0.01686   0.00919   -0.1900   0.0507   0.6809   -2.5205   0.0000   0.3633   
 6.500   1.5333   0.01700   0.00935   -0.1894   0.0500   0.6850   -2.5539   0.0000   0.3621   
 6.600   1.5407   0.01716   0.00951   -0.1888   0.0492   0.6887   -2.5870   0.0000   0.3609   
 6.800   1.5555   0.01748   0.00985   -0.1875   0.0473   0.6976   -2.6531   0.0000   0.3586   
 6.900   1.5627   0.01766   0.01005   -0.1869   0.0462   0.7028   -2.6860   0.0000   0.3575   
 7.000   1.5696   0.01785   0.01025   -0.1862   0.0451   0.7078   -2.7185   0.0000   0.3564   
 7.100   1.5762   0.01806   0.01047   -0.1854   0.0438   0.7128   -2.7506   0.0000   0.3552   
 7.200   1.5825   0.01828   0.01069   -0.1846   0.0425   0.7175   -2.7824   0.0000   0.3541   
 7.400   1.5955   0.01871   0.01114   -0.1832   0.0396   0.7293   -2.8462   0.0000   0.3519   
 7.500   1.6025   0.01891   0.01135   -0.1825   0.0384   0.7363   -2.8787   0.0000   0.3508   
 7.600   1.6097   0.01909   0.01155   -0.1819   0.0380   0.7433   -2.9130   0.0000   0.3497   
 7.700   1.6167   0.01927   0.01174   -0.1813   0.0376   0.7495   -2.9474   0.0000   0.3487   
 7.800   1.6239   0.01946   0.01196   -0.1807   0.0372   0.7575   -2.9822   0.0000   0.3476   
 7.900   1.6308   0.01966   0.01218   -0.1800   0.0366   0.7659   -3.0169   0.0000   0.3466   
 8.000   1.6376   0.01987   0.01240   -0.1794   0.0357   0.7740   -3.0518   0.0000   0.3456   
 8.100   1.6441   0.02010   0.01265   -0.1787   0.0344   0.7825   -3.0871   0.0000   0.3446   
 8.200   1.6485   0.02045   0.01299   -0.1777   0.0306   0.7923   -3.1227   0.0000   0.3435   
 8.300   1.6489   0.02104   0.01353   -0.1761   0.0245   0.8015   -3.1523   0.0000   0.3423   
 8.400   1.6521   0.02148   0.01395   -0.1750   0.0209   0.8114   -3.1661   0.0000   0.3413   
 8.500   1.6565   0.02184   0.01432   -0.1740   0.0172   0.8229   -3.1810   0.0000   0.3402   
 8.600   1.6623   0.02213   0.01463   -0.1733   0.0160   0.8355   -3.2108   0.0000   0.3392   
 8.900   1.6742   0.02266   0.01543   -0.1699   0.0164   1.0000   -3.2947   0.0000   0.3359   
 9.000   1.6784   0.02309   0.01585   -0.1690   0.0140   1.0000   -3.3232   0.0000   0.3350   
 9.100   1.6731   0.02417   0.01692   -0.1669   0.0045   1.0000   -3.3405   0.0000   0.3338   
 9.200   1.6775   0.02460   0.01736   -0.1660   0.0042   1.0000   -3.3709   0.0000   0.3329   
 9.300   1.6817   0.02505   0.01781   -0.1652   0.0039   1.0000   -3.4017   0.0000   0.3320   
 9.400   1.6867   0.02545   0.01821   -0.1645   0.0034   1.0000   -3.4306   0.0000   0.3311   
 9.500   1.6921   0.02581   0.01858   -0.1638   0.0027   1.0000   -3.4569   0.0000   0.3302   
 9.600   1.6971   0.02620   0.01899   -0.1632   0.0023   1.0000   -3.4857   0.0000   0.3293   
 9.700   1.7018   0.02662   0.01943   -0.1624   0.0021   1.0000   -3.5149   0.0000   0.3284   
 9.800   1.7062   0.02707   0.01989   -0.1617   0.0020   1.0000   -3.5439   0.0000   0.3275   
 9.900   1.7106   0.02752   0.02036   -0.1610   0.0019   1.0000   -3.5728   0.0000   0.3267   
 10.000   1.7152   0.02797   0.02083   -0.1603   0.0019   1.0000   -3.6031   0.0000   0.3258   
 10.100   1.7200   0.02842   0.02129   -0.1596   0.0018   1.0000   -3.6403   0.0000   0.3250   
 10.200   1.7245   0.02888   0.02178   -0.1590   0.0018   1.0000   -3.6774   0.0000   0.3242   
 10.300   1.7288   0.02937   0.02230   -0.1583   0.0018   1.0000   -3.7141   0.0000   0.3233   
 10.400   1.7332   0.02987   0.02282   -0.1576   0.0018   1.0000   -3.7511   0.0000   0.3225   
 10.500   1.7376   0.03036   0.02333   -0.1570   0.0018   1.0000   -3.7885   0.0000   0.3217   
 10.600   1.7421   0.03087   0.02386   -0.1564   0.0018   1.0000   -3.8260   0.0000   0.3210   
 10.700   1.7461   0.03141   0.02443   -0.1558   0.0018   1.0000   -3.8623   0.0000   0.3202   
 10.800   1.7500   0.03197   0.02502   -0.1551   0.0018   1.0000   -3.8986   0.0000   0.3194   
 10.900   1.7540   0.03253   0.02559   -0.1545   0.0018   1.0000   -3.9352   0.0000   0.3187   
 11.000   1.7581   0.03308   0.02617   -0.1539   0.0018   1.0000   -3.9721   0.0000   0.3179   
 11.100   1.7620   0.03365   0.02677   -0.1533   0.0018   1.0000   -4.0086   0.0000   0.3172   
 11.200   1.7654   0.03428   0.02743   -0.1527   0.0018   1.0000   -4.0437   0.0000   0.3164   
 11.300   1.7688   0.03492   0.02810   -0.1521   0.0018   1.0000   -4.0787   0.0000   0.3157   
 11.400   1.7722   0.03555   0.02878   -0.1515   0.0018   1.0000   -4.1133   0.0000   0.3150   
 11.500   1.7757   0.03619   0.02944   -0.1509   0.0018   1.0000   -4.1487   0.0000   0.3143   
 11.600   1.7787   0.03687   0.03015   -0.1503   0.0018   1.0000   -4.1830   0.0000   0.3136   
 11.700   1.7813   0.03760   0.03092   -0.1497   0.0018   1.0000   -4.2160   0.0000   0.3129   
 11.800   1.7840   0.03833   0.03167   -0.1491   0.0019   1.0000   -4.2495   0.0000   0.3122   
 11.900   1.7868   0.03904   0.03242   -0.1485   0.0019   1.0000   -4.2834   0.0000   0.3116   
 12.000   1.7897   0.03976   0.03317   -0.1479   0.0019   1.0000   -4.3214   0.0000   0.3109   
 12.100   1.7922   0.04052   0.03396   -0.1474   0.0019   1.0000   -4.3841   0.0000   0.3102   
 12.200   1.7939   0.04137   0.03484   -0.1468   0.0019   1.0000   -4.4430   0.0000   0.3096   
 12.300   1.7956   0.04222   0.03572   -0.1462   0.0019   1.0000   -4.5019   0.0000   0.3090   
 12.400   1.7974   0.04305   0.03658   -0.1456   0.0020   1.0000   -4.5620   0.0000   0.3084   
 12.500   1.7993   0.04387   0.03744   -0.1450   0.0020   1.0000   -4.6227   0.0000   0.3077   
 12.600   1.8009   0.04474   0.03835   -0.1445   0.0020   1.0000   -4.6822   0.0000   0.3071   
 12.700   1.8016   0.04573   0.03937   -0.1439   0.0020   1.0000   -4.7375   0.0000   0.3066   
 12.800   1.8028   0.04669   0.04037   -0.1434   0.0021   1.0000   -4.7949   0.0000   0.3060   
 12.900   1.8042   0.04762   0.04133   -0.1429   0.0021   1.0000   -4.8543   0.0000   0.3054   
 13.000   1.8059   0.04855   0.04228   -0.1424   0.0021   1.0000   -4.9148   0.0000   0.3049   
 13.100   1.8075   0.04948   0.04325   -0.1419   0.0021   1.0000   -4.9752   0.0000   0.3043   
 13.200   1.8084   0.05053   0.04433   -0.1415   0.0022   1.0000   -5.0319   0.0000   0.3038   
 13.300   1.8085   0.05167   0.04551   -0.1410   0.0022   1.0000   -5.0848   0.0000   0.3033   
 13.400   1.8091   0.05277   0.04665   -0.1406   0.0022   1.0000   -5.1399   0.0000   0.3028   
 13.500   1.8099   0.05385   0.04776   -0.1402   0.0023   1.0000   -5.1963   0.0000   0.3023   
 13.600   1.8107   0.05493   0.04888   -0.1398   0.0023   1.0000   -5.2528   0.0000   0.3018   
 13.700   1.8110   0.05609   0.05008   -0.1394   0.0024   1.0000   -5.3063   0.0000   0.3013   
 13.800   1.8102   0.05742   0.05145   -0.1390   0.0024   1.0000   -5.3534   0.0000   0.3009   
 13.900   1.8100   0.05866   0.05273   -0.1387   0.0024   1.0000   -5.4037   0.0000   0.3005   
 14.000   1.8103   0.05985   0.05396   -0.1384   0.0025   1.0000   -5.4561   0.0000   0.3001   
 14.100   1.8106   0.06103   0.05517   -0.1380   0.0025   1.0000   -5.5083   0.0000   0.2996   
 14.200   1.8111   0.06221   0.05639   -0.1377   0.0026   1.0000   -5.5598   0.0000   0.2992   
 14.300   1.8108   0.06351   0.05773   -0.1374   0.0027   1.0000   -5.6062   0.0000   0.2988   
 14.400   1.8096   0.06496   0.05921   -0.1372   0.0027   1.0000   -5.6465   0.0000   0.2985   
 14.500   1.8096   0.06625   0.06054   -0.1370   0.0028   1.0000   -5.6902   0.0000   0.2981   
 14.600   1.8103   0.06745   0.06176   -0.1368   0.0029   1.0000   -5.7348   0.0000   0.2978   
 14.700   1.8115   0.06857   0.06291   -0.1366   0.0030   1.0000   -5.7797   0.0000   0.2973   
 14.800   1.8128   0.06969   0.06407   -0.1364   0.0031   1.0000   -5.8279   0.0000   0.2969   
 14.900   1.8130   0.07100   0.06541   -0.1363   0.0032   1.0000   -5.8679   0.0000   0.2966   
 15.000   1.8129   0.07236   0.06680   -0.1362   0.0033   1.0000   -5.9066   0.0000   0.2963   
 15.100   1.8138   0.07357   0.06804   -0.1360   0.0035   1.0000   -5.9501   0.0000   0.2959   
 15.200   1.8152   0.07471   0.06921   -0.1359   0.0036   1.0000   -5.9962   0.0000   0.2956   
 15.300   1.8177   0.07570   0.07023   -0.1358   0.0037   1.0000   -6.0474   0.0000   0.2951   
 15.400   1.8203   0.07667   0.07124   -0.1357   0.0039   1.0000   -6.0994   0.0000   0.2947   
 15.500   1.8227   0.07768   0.07230   -0.1355   0.0040   1.0000   -6.1496   0.0000   0.2943   
 15.600   1.8238   0.07886   0.07352   -0.1354   0.0042   1.0000   -6.1930   0.0000   0.2939   
 15.700   1.8222   0.08041   0.07514   -0.1354   0.0043   1.0000   -6.2226   0.0000   0.2937   
 15.800   1.8212   0.08191   0.07670   -0.1354   0.0044   1.0000   -6.2500   0.0000   0.2935   
 15.900   1.8188   0.08364   0.07857   -0.1353   0.0047   1.0000   -6.2286   0.0000   0.2933   
 16.000   1.8188   0.08496   0.07992   -0.1353   0.0049   1.0000   -6.2809   0.0000   0.2930   
 16.100   1.8185   0.08635   0.08134   -0.1353   0.0050   1.0000   -6.3310   0.0000   0.2927   
 16.200   1.8157   0.08817   0.08321   -0.1355   0.0051   1.0000   -6.3656   0.0000   0.2927   
 16.300   1.8138   0.08986   0.08494   -0.1356   0.0052   1.0000   -6.4058   0.0000   0.2926   
 16.400   1.8128   0.09140   0.08651   -0.1357   0.0053   1.0000   -6.4508   0.0000   0.2924   
 16.500   1.8118   0.09292   0.08807   -0.1358   0.0055   1.0000   -6.4962   0.0000   0.2922   
 16.600   1.8107   0.09447   0.08967   -0.1359   0.0056   1.0000   -6.5399   0.0000   0.2921   
 16.700   1.8092   0.09609   0.09133   -0.1361   0.0058   1.0000   -6.5814   0.0000   0.2920   
 16.800   1.8050   0.09822   0.09351   -0.1364   0.0059   1.0000   -6.6052   0.0000   0.2921   
 16.900   1.8015   0.10021   0.09556   -0.1368   0.0061   1.0000   -6.6325   0.0000   0.2921   
 17.000   1.7986   0.10208   0.09748   -0.1371   0.0063   1.0000   -6.6633   0.0000   0.2922   
 17.100   1.7958   0.10394   0.09940   -0.1374   0.0065   1.0000   -6.6934   0.0000   0.2922   
 17.200   1.7921   0.10598   0.10150   -0.1378   0.0067   1.0000   -6.7162   0.0000   0.2923   
 17.300   1.7866   0.10838   0.10397   -0.1383   0.0070   1.0000   -6.7254   0.0000   0.2926   
 17.400   1.7962   0.10846   0.10413   -0.1381   0.0086   1.0000   -6.7753   0.0000   0.2917   
 17.500   1.7963   0.10998   0.10571   -0.1383   0.0092   1.0000   -6.7950   0.0000   0.2915   
 17.600   1.7930   0.11197   0.10777   -0.1387   0.0095   1.0000   -6.8033   0.0000   0.2916   
 17.700   1.7880   0.11423   0.11011   -0.1392   0.0096   1.0000   -6.8031   0.0000   0.2918   
 17.800   1.7814   0.11674   0.11269   -0.1398   0.0097   1.0000   -6.7947   0.0000   0.2922   
 17.900   1.7727   0.11967   0.11570   -0.1407   0.0098   1.0000   -6.7768   0.0000   0.2928   
 18.000   1.7647   0.12245   0.11855   -0.1416   0.0098   1.0000   -6.7581   0.0000   0.2934   
