XFLR5 v6.02 Beta

 Calculated polar for: WORTMANN FX 63-137

 1 1 Reynolds number fixed          Mach number fixed         

 xtrf =   1.000 (top)        1.000 (bottom)
 Mach =   0.000     Re =    20.750 e 6     Ncrit =   9.000

  alpha     CL        CD       CDp       CM    Top Xtr Bot Xtr   Cpmin    Chinge    XCp    
 ------- -------- --------- --------- -------- ------- ------- -------- --------- ---------
 -20.500  -1.1490   0.04600   0.04306  -0.1541  0.7172  0.0028  -24.8936   0.0000   0.0827
 -20.000  -1.1609   0.03814   0.03499  -0.1612  0.6781  0.0029  -24.7884   0.0000   0.0797
 -19.500  -1.1677   0.03162   0.02833  -0.1667  0.6597  0.0029  -24.5506   0.0000   0.0774
 -19.000  -1.1647   0.02649   0.02306  -0.1709  0.6287  0.0030  -24.1250   0.0000   0.0750
 -18.500  -1.1502   0.02286   0.01930  -0.1733  0.6052  0.0031  -23.5003   0.0000   0.0723
 -18.000  -1.1324   0.01961   0.01598  -0.1754  0.5972  0.0031  -22.8252   0.0000   0.0692
 -17.500  -1.0903   0.01691   0.01322  -0.1805  0.5955  0.0032  -21.8596   0.0000   0.0594
 -17.000  -1.0389   0.01498   0.01108  -0.1859  0.5312  0.0033  -20.7903   0.0000   0.0467
 -16.500  -0.9890   0.01405   0.00997  -0.1874  0.4671  0.0034  -19.7192   0.0000   0.0367
 -16.000  -0.9343   0.01318   0.00905  -0.1890  0.4653  0.0035  -18.6143   0.0000   0.0243
 -15.000  -0.8237   0.01185   0.00756  -0.1913  0.4275  0.0036  -16.4664   0.0000  -0.0052
 -14.500  -0.7670   0.01129   0.00693  -0.1924  0.4140  0.0036  -15.4199   0.0000  -0.0237
 -14.000  -0.7113   0.01087   0.00637  -0.1931  0.3590  0.0037  -14.4131   0.0000  -0.0444
 -13.500  -0.6546   0.01048   0.00584  -0.1939  0.3070  0.0037  -13.4336   0.0000  -0.0693
 -13.000  -0.5965   0.01007   0.00536  -0.1949  0.2944  0.0038  -12.5377   0.0000  -0.1001
 -12.500  -0.5377   0.00968   0.00493  -0.1959  0.2819  0.0038  -11.6617   0.0000  -0.1384
 -11.500  -0.4192   0.00900   0.00417  -0.1978  0.2769  0.0039  -9.9594   0.0000  -0.2486
 -11.000  -0.3612   0.00882   0.00386  -0.1985  0.2303  0.0040  -9.1664   0.0000  -0.3281
 -10.000  -0.2427   0.00837   0.00329  -0.2001  0.1930  0.0041  -7.6445   0.0000  -0.6113
  -9.500  -0.1831   0.00816   0.00303  -0.2010  0.1842  0.0041  -6.9403   0.0000  -0.8928
  -9.000  -0.1231   0.00794   0.00277  -0.2019  0.1703  0.0041  -6.3006   0.0000  -1.4530
  -8.500  -0.0631   0.00776   0.00257  -0.2028  0.1695  0.0042  -5.6547   0.0000  -3.0786
  -8.000  -0.0030   0.00760   0.00238  -0.2036  0.1685  0.0042  -5.0456   0.0000  -69.3608
  -7.500   0.0563   0.00751   0.00224  -0.2043  0.1472  0.0042  -4.4748   0.0000   3.9855
  -7.000   0.1160   0.00741   0.00210  -0.2050  0.1425  0.0043  -4.0138   0.0000   2.0668
  -6.500   0.1757   0.00732   0.00198  -0.2058  0.1377  0.0043  -3.6430   0.0000   1.4507
  -6.000   0.2354   0.00725   0.00188  -0.2065  0.1326  0.0043  -3.2794   0.0000   1.1475
  -5.500   0.2950   0.00719   0.00181  -0.2072  0.1271  0.0044  -2.9203   0.0000   0.9671
  -5.000   0.3545   0.00715   0.00175  -0.2078  0.1240  0.0044  -2.5798   0.0000   0.8474
  -4.500   0.4139   0.00712   0.00171  -0.2085  0.1236  0.0045  -2.2575   0.0000   0.7621
  -4.000   0.4732   0.00710   0.00169  -0.2091  0.1231  0.0045  -1.9466   0.0000   0.6983
  -3.500   0.5313   0.00719   0.00171  -0.2095  0.1026  0.0046  -1.6528   0.0000   0.6491
  -3.000   0.5896   0.00725   0.00173  -0.2099  0.0958  0.0068  -1.3725   0.0000   0.6095
  -2.500   0.6482   0.00729   0.00175  -0.2104  0.0925  0.0078  -1.1045   0.0000   0.5770
  -2.000   0.7066   0.00735   0.00178  -0.2108  0.0867  0.0081  -0.9524   0.0000   0.5498
  -1.500   0.7650   0.00740   0.00184  -0.2113  0.0843  0.0097  -1.0022   0.0000   0.5267
  -1.000   0.8233   0.00745   0.00189  -0.2117  0.0837  0.0151  -1.0545   0.0000   0.5069
  -0.500   0.8810   0.00754   0.00197  -0.2121  0.0829  0.0155  -1.1069   0.0000   0.4896
   0.000   0.9386   0.00764   0.00206  -0.2124  0.0819  0.0157  -1.1595   0.0000   0.4744
   0.500   0.9939   0.00792   0.00224  -0.2123  0.0601  0.0160  -1.2116   0.0000   0.4610
   1.000   1.0532   0.00785   0.00226  -0.2130  0.0818  0.0172  -1.2767   0.0000   0.4489
   1.500   1.1082   0.00814   0.00247  -0.2128  0.0641  0.0177  -1.3503   0.0000   0.4380
   2.000   1.1640   0.00834   0.00263  -0.2128  0.0548  0.0229  -1.4255   0.0000   0.4281
   2.500   1.2148   0.00897   0.00311  -0.2118  0.0045  0.0378  -1.5091   0.0000   0.4190
   3.000   1.2697   0.00921   0.00334  -0.2117  0.0033  0.0393  -1.6193   0.0000   0.4106
   3.500   1.3242   0.00947   0.00358  -0.2115  0.0027  0.0489  -1.7356   0.0000   0.4029
   4.000   1.3786   0.00972   0.00384  -0.2114  0.0032  0.0651  -1.8709   0.0000   0.3957
   4.500   1.4321   0.01001   0.00412  -0.2110  0.0026  0.0671  -2.0469   0.0000   0.3890
   5.000   1.4851   0.01032   0.00442  -0.2106  0.0019  0.0797  -2.2266   0.0000   0.3827
   5.500   1.5379   0.01064   0.00474  -0.2102  0.0014  0.1056  -2.4105   0.0000   0.3767
   6.000   1.5912   0.01093   0.00512  -0.2100  0.0013  0.1939  -2.6000   0.0000   0.3712
   6.500   1.6422   0.01131   0.00549  -0.2092  0.0012  0.2082  -2.7903   0.0000   0.3658
   7.000   1.6932   0.01168   0.00590  -0.2086  0.0012  0.2490  -2.9852   0.0000   0.3608
   7.500   1.7436   0.01207   0.00634  -0.2078  0.0012  0.3070  -3.1835   0.0000   0.3559
   8.000   1.7900   0.01258   0.00678  -0.2062  0.0012  0.2679  -3.3788   0.0000   0.3511
   8.500   1.8399   0.01299   0.00733  -0.2056  0.0012  0.3888  -3.5842   0.0000   0.3467
   9.000   1.8852   0.01352   0.00788  -0.2039  0.0012  0.4149  -3.8265   0.0000   0.3422
   9.500   1.9284   0.01409   0.00848  -0.2019  0.0011  0.4374  -4.0948   0.0000   0.3378
  10.000   1.9620   0.01470   0.00918  -0.1980  0.0011  0.5038  -4.5666   0.0000   0.3330
  10.500   1.9930   0.01545   0.00994  -0.1936  0.0011  0.5172  -5.0715   0.0000   0.3283
  11.000   2.0241   0.01631   0.01084  -0.1895  0.0011  0.5322  -5.5983   0.0000   0.3238
  11.500   2.0542   0.01730   0.01188  -0.1855  0.0011  0.5641  -6.1405   0.0000   0.3195
  12.000   2.0823   0.01845   0.01308  -0.1814  0.0010  0.5904  -6.6965   0.0000   0.3153
  12.500   2.1100   0.01978   0.01447  -0.1776  0.0010  0.6282  -7.2721   0.0000   0.3112
  13.000   2.1353   0.02132   0.01608  -0.1736  0.0010  0.6624  -7.8476   0.0000   0.3073
  13.500   2.1564   0.02317   0.01800  -0.1695  0.0009  0.6956  -8.4114   0.0000   0.3035
  14.000   2.1770   0.02530   0.02021  -0.1657  0.0009  0.7366  -8.9892   0.0000   0.2999
  14.500   2.1971   0.02771   0.02271  -0.1623  0.0009  0.7845  -9.5794   0.0000   0.2964
  15.000   2.2170   0.03046   0.02560  -0.1594  0.0009  0.8652  -10.1835   0.0000   0.2933
  15.500   2.2359   0.03349   0.02883  -0.1570  0.0008  1.0000  -10.7972   0.0000   0.2903
  16.000   2.2475   0.03703   0.03242  -0.1538  0.0008  1.0000  -11.3661   0.0000   0.2873
  16.500   2.2562   0.04091   0.03636  -0.1508  0.0008  1.0000  -11.9228   0.0000   0.2844
  17.000   2.2622   0.04535   0.04087  -0.1481  0.0008  1.0000  -12.4683   0.0000   0.2817
  17.500   2.2730   0.04950   0.04507  -0.1459  0.0008  1.0000  -13.0671   0.0000   0.2791
  18.000   2.2744   0.05496   0.05061  -0.1439  0.0007  1.0000  -13.5935   0.0000   0.2768
  18.500   2.2729   0.06099   0.05671  -0.1423  0.0007  1.0000  -14.0984   0.0000   0.2746
  19.000   2.2688   0.06749   0.06330  -0.1411  0.0006  1.0000  -14.5848   0.0000   0.2728
  19.500   2.2615   0.07455   0.07045  -0.1403  0.0006  1.0000  -15.0444   0.0000   0.2711
  20.000   2.2616   0.08031   0.07628  -0.1396  0.0005  1.0000  -15.5867   0.0000   0.2693


