XFLR5 v6.02 Beta

 Calculated polar for: WORTMANN FX 63-137

 1 1 Reynolds number fixed          Mach number fixed         

 xtrf =   1.000 (top)        1.000 (bottom)
 Mach =   0.000     Re =    44.750 e 6     Ncrit =   9.000

  alpha     CL        CD       CDp       CM    Top Xtr Bot Xtr   Cpmin    Chinge    XCp    
 ------- -------- --------- --------- -------- ------- ------- -------- --------- ---------
 -22.000  -0.3966   0.20444   0.20188  -0.0601  0.2416  0.0014  -6.5697   0.0000   0.0481
 -21.500  -0.3794   0.19924   0.19666  -0.0637  0.2359  0.0014  -6.3591   0.0000   0.0315
 -21.000  -0.3623   0.19395   0.19135  -0.0672  0.2309  0.0015  -6.1574   0.0000   0.0134
 -20.500  -0.3452   0.18861   0.18599  -0.0707  0.2259  0.0016  -5.9607   0.0000  -0.0065
 -20.000  -0.3281   0.18323   0.18059  -0.0741  0.2219  0.0018  -5.7656   0.0000  -0.0283
 -19.500  -0.3115   0.17788   0.17518  -0.0773  0.1876  0.0019  -5.5766   0.0000  -0.0514
 -19.000  -0.2947   0.17242   0.16970  -0.0805  0.1739  0.0021  -5.3925   0.0000  -0.0777
 -18.500  -0.2780   0.16687   0.16414  -0.0838  0.1875  0.0023  -5.2156   0.0000  -0.1071
 -18.000  -0.2617   0.16132   0.15857  -0.0869  0.1766  0.0025  -5.0459   0.0000  -0.1394
 -17.500  -0.2456   0.15574   0.15299  -0.0899  0.1711  0.0027  -4.8840   0.0000  -0.1752
 -17.000  -0.2303   0.15026   0.14750  -0.0929  0.1701  0.0029  -4.7317   0.0000  -0.2143
 -16.500  -0.2154   0.14485   0.14207  -0.0957  0.1698  0.0030  -4.5876   0.0000  -0.2576
 -16.000  -0.1999   0.13910   0.13632  -0.0987  0.1696  0.0032  -4.4467   0.0000  -0.3097
 -15.500  -0.1846   0.13329   0.13050  -0.1016  0.1692  0.0034  -4.3131   0.0000  -0.3696
 -15.000  -0.1697   0.12743   0.12463  -0.1045  0.1689  0.0035  -4.1875   0.0000  -0.4388
 -14.500  -0.1552   0.12152   0.11871  -0.1074  0.1688  0.0035  -4.1017   0.0000  -0.5189
 -14.000  -0.1420   0.11568   0.11283  -0.1100  0.1429  0.0036  -4.0406   0.0000  -0.6063
 -13.500  -0.1299   0.10986   0.10699  -0.1127  0.1397  0.0037  -3.9921   0.0000  -0.7036
 -13.000  -0.1177   0.10360   0.10073  -0.1157  0.1372  0.0037  -3.9594   0.0000  -0.8246
 -12.500  -0.1071   0.09706   0.09418  -0.1188  0.1350  0.0038  -3.9558   0.0000  -0.9564
 -12.000  -0.0997   0.09017   0.08729  -0.1221  0.1333  0.0038  -3.9992   0.0000  -1.0750
 -11.500  -0.0973   0.08224   0.07937  -0.1261  0.1321  0.0039  -4.1318   0.0000  -1.1453
 -10.500  -0.2903   0.00748   0.00287  -0.2026  0.1690  0.0040  -8.5168   0.0000  -0.4811
  -9.500  -0.1713   0.00717   0.00247  -0.2041  0.1422  0.0041  -7.0705   0.0000  -0.9905
  -9.000  -0.1116   0.00703   0.00230  -0.2049  0.1320  0.0041  -6.3913   0.0000  -1.6552
  -8.500  -0.0517   0.00690   0.00215  -0.2057  0.1268  0.0041  -5.7379   0.0000  -3.8635
  -8.000   0.0081   0.00678   0.00201  -0.2064  0.1240  0.0042  -5.1140   0.0000  26.5011
  -7.500   0.0679   0.00668   0.00190  -0.2071  0.1237  0.0042  -4.5196   0.0000   3.3895
  -7.000   0.1277   0.00660   0.00179  -0.2079  0.1235  0.0043  -4.0490   0.0000   1.9219
  -6.500   0.1875   0.00653   0.00171  -0.2086  0.1232  0.0043  -3.6575   0.0000   1.3906
  -6.000   0.2471   0.00647   0.00164  -0.2092  0.1227  0.0043  -3.2813   0.0000   1.1162
  -5.500   0.3061   0.00647   0.00160  -0.2098  0.1079  0.0044  -2.9225   0.0000   0.9496
  -5.000   0.3653   0.00646   0.00156  -0.2104  0.1007  0.0044  -2.5772   0.0000   0.8366
  -4.500   0.4245   0.00646   0.00153  -0.2109  0.0978  0.0045  -2.2479   0.0000   0.7552
  -4.000   0.4835   0.00647   0.00152  -0.2115  0.0893  0.0045  -1.9344   0.0000   0.6937
  -3.500   0.5425   0.00648   0.00152  -0.2120  0.0853  0.0046  -1.6360   0.0000   0.6455
  -3.000   0.6014   0.00650   0.00153  -0.2125  0.0843  0.0049  -1.3533   0.0000   0.6068
  -2.500   0.6602   0.00654   0.00155  -0.2130  0.0841  0.0047  -1.0855   0.0000   0.5750
  -2.000   0.7187   0.00658   0.00158  -0.2135  0.0837  0.0056  -0.9600   0.0000   0.5484
  -1.500   0.7756   0.00677   0.00169  -0.2136  0.0556  0.0068  -1.0092   0.0000   0.5259
  -1.000   0.8336   0.00685   0.00175  -0.2140  0.0504  0.0079  -1.0615   0.0000   0.5064
  -0.500   0.8913   0.00695   0.00183  -0.2143  0.0476  0.0087  -1.1138   0.0000   0.4893
   0.000   0.9487   0.00707   0.00193  -0.2146  0.0449  0.0094  -1.1664   0.0000   0.4743
   0.500   1.0062   0.00717   0.00203  -0.2149  0.0424  0.0157  -1.2210   0.0000   0.4610
   1.000   1.0636   0.00728   0.00213  -0.2152  0.0451  0.0170  -1.2856   0.0000   0.4490
   1.500   1.1204   0.00741   0.00225  -0.2154  0.0438  0.0172  -1.3610   0.0000   0.4382
   2.000   1.1770   0.00755   0.00238  -0.2155  0.0420  0.0194  -1.4372   0.0000   0.4284
   2.500   1.2296   0.00804   0.00276  -0.2149  0.0022  0.0373  -1.5245   0.0000   0.4193
   3.500   1.3402   0.00847   0.00316  -0.2148  0.0014  0.0417  -1.7562   0.0000   0.4034
   4.000   1.3949   0.00871   0.00338  -0.2146  0.0015  0.0450  -1.8992   0.0000   0.3963
   4.500   1.4492   0.00896   0.00362  -0.2144  0.0013  0.0516  -2.0771   0.0000   0.3896
   5.000   1.5031   0.00923   0.00388  -0.2142  0.0013  0.0670  -2.2594   0.0000   0.3834
   5.500   1.5564   0.00952   0.00416  -0.2139  0.0013  0.0798  -2.4456   0.0000   0.3775
   6.000   1.6096   0.00981   0.00447  -0.2135  0.0012  0.1202  -2.6362   0.0000   0.3719
   6.500   1.6621   0.01012   0.00479  -0.2131  0.0012  0.1459  -2.8304   0.0000   0.3666
   7.000   1.7135   0.01047   0.00513  -0.2124  0.0012  0.1559  -3.0273   0.0000   0.3615
   7.500   1.7643   0.01084   0.00549  -0.2117  0.0012  0.1699  -3.2277   0.0000   0.3567
   8.000   1.8138   0.01123   0.00587  -0.2107  0.0012  0.1663  -3.4301   0.0000   0.3520
   9.500   1.9589   0.01253   0.00726  -0.2075  0.0012  0.3073  -4.2466   0.0000   0.3389
  10.000   2.0053   0.01301   0.00781  -0.2061  0.0011  0.3900  -4.8224   0.0000   0.3348
  11.500   2.1069   0.01494   0.00979  -0.1946  0.0011  0.4336  -6.4988   0.0000   0.3214
  12.000   2.1365   0.01580   0.01067  -0.1903  0.0010  0.4340  -7.0777   0.0000   0.3171
  13.000   2.1933   0.01792   0.01289  -0.1820  0.0010  0.5041  -8.2812   0.0000   0.3089
  13.500   2.2190   0.01925   0.01424  -0.1778  0.0009  0.5171  -8.8947   0.0000   0.3049
  14.000   2.2425   0.02082   0.01585  -0.1736  0.0009  0.5447  -9.5107   0.0000   0.3011
  14.500   2.2629   0.02267   0.01779  -0.1694  0.0009  0.5945  -10.1198   0.0000   0.2974
  15.000   2.2822   0.02482   0.02000  -0.1655  0.0008  0.6289  -10.7389   0.0000   0.2939
  15.500   2.2998   0.02729   0.02253  -0.1617  0.0008  0.6583  -11.3603   0.0000   0.2905
  16.500   2.2743   0.03817   0.03376  -0.1503  0.0017  0.7065  -12.0423   0.0000   0.2837
  17.000   2.2797   0.04249   0.03817  -0.1475  0.0020  0.7459  -12.6217   0.0000   0.2810
  17.500   2.2858   0.04722   0.04300  -0.1452  0.0023  0.7880  -13.1863   0.0000   0.2785
  18.000   2.2881   0.05284   0.04875  -0.1435  0.0029  0.8494  -13.7183   0.0000   0.2763
  19.500   2.2862   0.07197   0.06828  -0.1409  0.0037  1.0000  -15.2719   0.0000   0.2707


