XFLR5 v6.02 Beta

 Calculated polar for: WORTMANN FX 63-137

 1 1 Reynolds number fixed          Mach number fixed         

 xtrf =   1.000 (top)        1.000 (bottom)
 Mach =   0.000     Re =    67.250 e 6     Ncrit =   9.000

  alpha     CL        CD       CDp       CM    Top Xtr Bot Xtr   Cpmin    Chinge    XCp    
 ------- -------- --------- --------- -------- ------- ------- -------- --------- ---------
 -27.000  -0.5329   0.26391   0.26174  -0.0201  0.3055  0.0013  -6.5354   0.0000   0.1620
 -26.500  -0.5165   0.25882   0.25663  -0.0243  0.3029  0.0013  -6.2868   0.0000   0.1531
 -26.000  -0.4999   0.25371   0.25150  -0.0285  0.2989  0.0013  -6.0531   0.0000   0.1436
 -25.500  -0.4831   0.24863   0.24639  -0.0326  0.2947  0.0013  -5.8299   0.0000   0.1335
 -25.000  -0.4661   0.24358   0.24133  -0.0367  0.2849  0.0013  -5.6150   0.0000   0.1225
 -24.500  -0.4493   0.23865   0.23632  -0.0406  0.2415  0.0013  -5.4081   0.0000   0.1110
 -24.000  -0.4320   0.23377   0.23142  -0.0445  0.2306  0.0013  -5.2068   0.0000   0.0983
 -23.500  -0.4145   0.22903   0.22666  -0.0484  0.2219  0.0013  -5.0086   0.0000   0.0845
 -23.000  -0.3968   0.22454   0.22215  -0.0522  0.2213  0.0013  -4.8171   0.0000   0.0695
 -22.000  -0.3931   0.20378   0.20134  -0.0617  0.2212  0.0014  -6.5983   0.0000   0.0421
 -21.000  -0.3586   0.19331   0.19084  -0.0688  0.2210  0.0014  -6.1748   0.0000   0.0062
 -20.500  -0.3416   0.18804   0.18553  -0.0722  0.1942  0.0014  -5.9715   0.0000  -0.0138
 -20.000  -0.3246   0.18271   0.18016  -0.0756  0.1701  0.0014  -5.7739   0.0000  -0.0360
 -19.500  -0.3075   0.17729   0.17472  -0.0789  0.1693  0.0015  -5.5822   0.0000  -0.0607
 -18.500  -1.2010   0.01507   0.01138  -0.1861  0.4010  0.0015  -24.4964   0.0000   0.0689
 -17.500  -1.0968   0.01301   0.00910  -0.1904  0.3039  0.0016  -22.1734   0.0000   0.0515
 -17.000  -1.0425   0.01227   0.00832  -0.1916  0.2965  0.0017  -21.0111   0.0000   0.0418
 -16.500  -0.9870   0.01161   0.00763  -0.1928  0.2894  0.0018  -19.8607   0.0000   0.0308
 -16.000  -0.9306   0.01100   0.00700  -0.1939  0.2825  0.0019  -18.7277   0.0000   0.0181
 -15.500  -0.8736   0.01045   0.00642  -0.1949  0.2788  0.0020  -17.6155   0.0000   0.0035
 -15.000  -0.8167   0.00999   0.00589  -0.1958  0.2486  0.0021  -16.5349   0.0000  -0.0129
 -14.500  -0.7590   0.00956   0.00540  -0.1967  0.2221  0.0023  -15.4767   0.0000  -0.0323
 -14.000  -0.7005   0.00913   0.00495  -0.1977  0.2214  0.0024  -14.4401   0.0000  -0.0554
 -13.500  -0.6422   0.00878   0.00456  -0.1986  0.1963  0.0025  -13.5189   0.0000  -0.0826
 -13.000  -0.5833   0.00843   0.00416  -0.1995  0.1897  0.0027  -12.6225   0.0000  -0.1159
 -12.000  -0.4649   0.00782   0.00348  -0.2013  0.1465  0.0031  -10.9052   0.0000  -0.2088
 -11.000  -0.3452   0.00727   0.00287  -0.2031  0.1437  0.0037  -9.2825   0.0000  -0.3684
 -10.500  -0.2855   0.00707   0.00264  -0.2040  0.1388  0.0039  -8.5117   0.0000  -0.4980
 -10.000  -0.2257   0.00690   0.00244  -0.2048  0.1338  0.0040  -7.7703   0.0000  -0.6967
  -9.500  -0.1659   0.00675   0.00227  -0.2055  0.1288  0.0041  -7.0587   0.0000  -1.0389
  -9.000  -0.1061   0.00661   0.00212  -0.2063  0.1238  0.0041  -6.3770   0.0000  -1.7678
  -8.500  -0.0462   0.00649   0.00198  -0.2070  0.1236  0.0041  -5.7230   0.0000  -4.3869
  -8.000   0.0136   0.00639   0.00186  -0.2078  0.1233  0.0042  -5.0986   0.0000  15.9610
  -7.500   0.0735   0.00630   0.00176  -0.2085  0.1228  0.0042  -4.5040   0.0000   3.1723
  -7.000   0.1332   0.00622   0.00166  -0.2092  0.1227  0.0043  -4.0419   0.0000   1.8629
  -6.500   0.1924   0.00620   0.00160  -0.2097  0.1022  0.0043  -3.6520   0.0000   1.3677
  -6.000   0.2518   0.00617   0.00154  -0.2104  0.0993  0.0043  -3.2758   0.0000   1.1046
  -5.500   0.3112   0.00614   0.00149  -0.2110  0.0965  0.0044  -2.9149   0.0000   0.9420
  -5.000   0.3706   0.00612   0.00146  -0.2116  0.0940  0.0044  -2.5692   0.0000   0.8316
  -4.500   0.4299   0.00612   0.00143  -0.2122  0.0879  0.0044  -2.2390   0.0000   0.7517
  -4.000   0.4891   0.00612   0.00142  -0.2127  0.0843  0.0045  -1.9244   0.0000   0.6912
  -3.500   0.5481   0.00613   0.00142  -0.2133  0.0842  0.0045  -1.6257   0.0000   0.6438
  -3.000   0.6071   0.00615   0.00143  -0.2138  0.0841  0.0046  -1.3429   0.0000   0.6056
  -2.500   0.6659   0.00618   0.00145  -0.2143  0.0838  0.0046  -1.0754   0.0000   0.5742
  -2.000   0.7229   0.00636   0.00154  -0.2144  0.0485  0.0048  -0.9624   0.0000   0.5480
  -1.500   0.7810   0.00643   0.00160  -0.2148  0.0454  0.0056  -1.0128   0.0000   0.5255
  -1.000   0.8391   0.00651   0.00166  -0.2152  0.0429  0.0065  -1.0652   0.0000   0.5061
  -0.500   0.8970   0.00660   0.00173  -0.2155  0.0407  0.0072  -1.1178   0.0000   0.4892
   0.000   0.9547   0.00669   0.00181  -0.2159  0.0386  0.0078  -1.1707   0.0000   0.4742
   0.500   1.0123   0.00679   0.00190  -0.2162  0.0381  0.0097  -1.2258   0.0000   0.4610
   1.000   1.0698   0.00689   0.00200  -0.2165  0.0397  0.0169  -1.2910   0.0000   0.4491
   1.500   1.1268   0.00701   0.00211  -0.2167  0.0389  0.0171  -1.3667   0.0000   0.4383
   2.500   1.2366   0.00760   0.00259  -0.2163  0.0014  0.0371  -1.5318   0.0000   0.4195
   3.500   1.3476   0.00801   0.00296  -0.2163  0.0013  0.0389  -1.7658   0.0000   0.4036
   4.000   1.4026   0.00823   0.00317  -0.2162  0.0013  0.0417  -1.9124   0.0000   0.3965
   4.500   1.4571   0.00847   0.00339  -0.2161  0.0013  0.0474  -2.0913   0.0000   0.3899
   5.500   1.5651   0.00898   0.00389  -0.2156  0.0013  0.0729  -2.4621   0.0000   0.3778
   6.000   1.6186   0.00926   0.00418  -0.2153  0.0012  0.1059  -2.6538   0.0000   0.3723
   6.500   1.6712   0.00956   0.00447  -0.2149  0.0012  0.1179  -2.8488   0.0000   0.3670
   7.500   1.7748   0.01022   0.00512  -0.2138  0.0012  0.1465  -3.2498   0.0000   0.3571
   8.000   1.8253   0.01059   0.00547  -0.2130  0.0012  0.1462  -3.4546   0.0000   0.3524
   8.500   1.8749   0.01098   0.00585  -0.2120  0.0012  0.1589  -3.6620   0.0000   0.3479
   9.000   1.9243   0.01137   0.00627  -0.2112  0.0012  0.2145  -3.9402   0.0000   0.3436
   9.500   1.9725   0.01180   0.00672  -0.2100  0.0012  0.2491  -4.3243   0.0000   0.3394
  10.000   2.0197   0.01225   0.00722  -0.2088  0.0012  0.3076  -4.9098   0.0000   0.3354
  10.500   2.0645   0.01276   0.00773  -0.2071  0.0011  0.3365  -5.5130   0.0000   0.3313
  12.500   2.1928   0.01553   0.01055  -0.1907  0.0010  0.3699  -7.8699   0.0000   0.3139
  13.000   2.2218   0.01650   0.01159  -0.1866  0.0009  0.4332  -8.4939   0.0000   0.3098
  13.500   2.2489   0.01766   0.01279  -0.1824  0.0009  0.4659  -9.1254   0.0000   0.3059
  14.000   2.2389   0.02101   0.01629  -0.1728  0.0014  0.4663  -9.4361   0.0000   0.3009
  14.500   2.2547   0.02306   0.01840  -0.1679  0.0015  0.4871  -10.0028   0.0000   0.2970
  15.000   2.2714   0.02540   0.02081  -0.1637  0.0020  0.5118  -10.6272   0.0000   0.2935
  15.500   2.2894   0.02787   0.02334  -0.1601  0.0025  0.5461  -11.2526   0.0000   0.2901
  16.000   2.3024   0.03090   0.02644  -0.1563  0.0029  0.5652  -11.8428   0.0000   0.2868
  16.500   2.3130   0.03435   0.02996  -0.1529  0.0032  0.5970  -12.4250   0.0000   0.2838
  17.000   2.3201   0.03827   0.03397  -0.1496  0.0036  0.6289  -12.9867   0.0000   0.2808
  17.500   2.3227   0.04273   0.03850  -0.1464  0.0041  0.6495  -13.5184   0.0000   0.2780
  18.000   2.3250   0.04775   0.04361  -0.1439  0.0044  0.6778  -14.0563   0.0000   0.2755
  18.500   2.3250   0.05330   0.04926  -0.1418  0.0045  0.7014  -14.5810   0.0000   0.2732
  19.000   2.3216   0.05960   0.05567  -0.1403  0.0046  0.7399  -15.0825   0.0000   0.2712
  19.500   2.3293   0.06460   0.06075  -0.1392  0.0046  0.7781  -15.7007   0.0000   0.2690
  20.000   2.3205   0.07194   0.06821  -0.1385  0.0046  0.8180  -16.1612   0.0000   0.2674
  20.500   2.3075   0.07978   0.07618  -0.1384  0.0047  0.8481  -16.5813   0.0000   0.2661


