XFLR5 v6.02 Beta

 Calculated polar for: WORTMANN FX 63-137

 1 1 Reynolds number fixed          Mach number fixed         

 xtrf =   1.000 (top)        1.000 (bottom)
 Mach =   0.000     Re =    43.250 e 6     Ncrit =   9.000

  alpha     CL        CD       CDp       CM    Top Xtr Bot Xtr   Cpmin    Chinge    XCp    
 ------- -------- --------- --------- -------- ------- ------- -------- --------- ---------
 -23.000  -0.4310   0.21450   0.21202  -0.0527  0.2785  0.0014  -7.0001   0.0000   0.0777
 -22.500  -0.4137   0.20960   0.20710  -0.0565  0.2773  0.0014  -6.7797   0.0000   0.0635
 -22.000  -0.3968   0.20450   0.20193  -0.0600  0.2445  0.0014  -6.5663   0.0000   0.0486
 -21.500  -0.3797   0.19930   0.19671  -0.0636  0.2388  0.0014  -6.3562   0.0000   0.0321
 -21.000  -0.3626   0.19400   0.19139  -0.0671  0.2337  0.0015  -6.1566   0.0000   0.0140
 -20.500  -0.3456   0.18866   0.18603  -0.0706  0.2288  0.0017  -5.9598   0.0000  -0.0058
 -20.000  -0.3285   0.18328   0.18064  -0.0740  0.2229  0.0018  -5.7648   0.0000  -0.0276
 -19.500  -0.3118   0.17792   0.17521  -0.0772  0.1920  0.0020  -5.5758   0.0000  -0.0508
 -19.000  -0.2951   0.17246   0.16973  -0.0804  0.1760  0.0021  -5.3923   0.0000  -0.0768
 -18.500  -0.2783   0.16690   0.16417  -0.0837  0.1917  0.0023  -5.2155   0.0000  -0.1063
 -18.000  -0.2620   0.16136   0.15860  -0.0868  0.1800  0.0025  -5.0462   0.0000  -0.1383
 -17.500  -0.2460   0.15578   0.15302  -0.0898  0.1730  0.0027  -4.8845   0.0000  -0.1740
 -17.000  -0.2307   0.15030   0.14752  -0.0927  0.1703  0.0029  -4.7322   0.0000  -0.2129
 -16.500  -0.2158   0.14488   0.14210  -0.0956  0.1700  0.0031  -4.5880   0.0000  -0.2560
 -16.000  -0.2003   0.13914   0.13635  -0.0986  0.1697  0.0032  -4.4467   0.0000  -0.3079
 -15.500  -0.1850   0.13333   0.13053  -0.1015  0.1694  0.0034  -4.3127   0.0000  -0.3675
 -15.000  -0.1700   0.12748   0.12467  -0.1044  0.1690  0.0035  -4.1863   0.0000  -0.4365
 -14.000  -0.7051   0.00962   0.00526  -0.1962  0.2439  0.0031  -14.4621   0.0000  -0.0513
 -13.500  -0.6467   0.00922   0.00481  -0.1972  0.2260  0.0033  -13.5375   0.0000  -0.0782
 -13.000  -0.5876   0.00882   0.00439  -0.1982  0.2218  0.0035  -12.6357   0.0000  -0.1111
 -12.500  -0.5289   0.00851   0.00402  -0.1991  0.1951  0.0037  -11.7619   0.0000  -0.1509
 -12.000  -0.4698   0.00824   0.00369  -0.1999  0.1701  0.0038  -10.9121   0.0000  -0.2010
 -11.500  -0.4102   0.00797   0.00339  -0.2008  0.1702  0.0039  -10.0835   0.0000  -0.2666
 -11.000  -0.3505   0.00773   0.00313  -0.2017  0.1697  0.0039  -9.2862   0.0000  -0.3548
 -10.500  -0.2908   0.00752   0.00289  -0.2025  0.1692  0.0040  -8.5172   0.0000  -0.4795
  -9.500  -0.1717   0.00720   0.00249  -0.2040  0.1435  0.0041  -7.0708   0.0000  -0.9866
  -9.000  -0.1121   0.00707   0.00232  -0.2048  0.1332  0.0041  -6.3922   0.0000  -1.6459
  -8.500  -0.0522   0.00694   0.00216  -0.2055  0.1280  0.0041  -5.7389   0.0000  -3.8230
  -8.000   0.0076   0.00682   0.00203  -0.2063  0.1241  0.0042  -5.1150   0.0000  28.1522
  -7.500   0.0675   0.00672   0.00191  -0.2070  0.1238  0.0042  -4.5207   0.0000   3.4102
  -7.000   0.1273   0.00663   0.00180  -0.2078  0.1236  0.0043  -4.0494   0.0000   1.9274
  -6.500   0.1870   0.00656   0.00172  -0.2085  0.1233  0.0043  -3.6580   0.0000   1.3929
  -6.000   0.2466   0.00650   0.00165  -0.2091  0.1229  0.0043  -3.2819   0.0000   1.1174
  -5.500   0.3062   0.00645   0.00159  -0.2098  0.1224  0.0044  -2.9211   0.0000   0.9494
  -5.000   0.3649   0.00649   0.00157  -0.2103  0.1014  0.0044  -2.5777   0.0000   0.8370
  -4.500   0.4240   0.00649   0.00154  -0.2108  0.0984  0.0045  -2.2486   0.0000   0.7555
  -4.000   0.4830   0.00650   0.00153  -0.2113  0.0903  0.0045  -1.9352   0.0000   0.6939
  -3.500   0.5420   0.00652   0.00153  -0.2119  0.0857  0.0046  -1.6369   0.0000   0.6457
  -3.000   0.6009   0.00654   0.00154  -0.2124  0.0843  0.0050  -1.3542   0.0000   0.6070
  -2.500   0.6597   0.00657   0.00156  -0.2129  0.0841  0.0047  -1.0863   0.0000   0.5751
  -2.000   0.7182   0.00661   0.00159  -0.2134  0.0838  0.0056  -0.9597   0.0000   0.5485
  -1.500   0.7751   0.00680   0.00169  -0.2135  0.0583  0.0069  -1.0089   0.0000   0.5259
  -1.000   0.8331   0.00688   0.00175  -0.2139  0.0511  0.0080  -1.0611   0.0000   0.5064
  -0.500   0.8908   0.00698   0.00184  -0.2142  0.0482  0.0088  -1.1135   0.0000   0.4893
   0.000   0.9482   0.00710   0.00194  -0.2145  0.0455  0.0096  -1.1661   0.0000   0.4743
   0.500   1.0057   0.00720   0.00204  -0.2148  0.0429  0.0157  -1.2206   0.0000   0.4610
   1.000   1.0631   0.00731   0.00213  -0.2151  0.0456  0.0170  -1.2851   0.0000   0.4490
   1.500   1.1199   0.00744   0.00226  -0.2153  0.0443  0.0172  -1.3605   0.0000   0.4382
   2.000   1.1765   0.00759   0.00239  -0.2154  0.0424  0.0195  -1.4367   0.0000   0.4284
   2.500   1.2290   0.00808   0.00278  -0.2147  0.0023  0.0373  -1.5238   0.0000   0.4193
   3.500   1.3395   0.00852   0.00317  -0.2146  0.0014  0.0419  -1.7553   0.0000   0.4034
   4.000   1.3942   0.00875   0.00340  -0.2145  0.0016  0.0453  -1.8980   0.0000   0.3962
   4.500   1.4485   0.00901   0.00364  -0.2143  0.0013  0.0523  -2.0759   0.0000   0.3896
   5.000   1.5024   0.00927   0.00390  -0.2140  0.0013  0.0670  -2.2581   0.0000   0.3833
   5.500   1.5557   0.00956   0.00418  -0.2137  0.0013  0.0804  -2.4442   0.0000   0.3774
   6.000   1.6088   0.00985   0.00449  -0.2134  0.0012  0.1215  -2.6347   0.0000   0.3719
   6.500   1.6612   0.01017   0.00482  -0.2129  0.0012  0.1461  -2.8287   0.0000   0.3666
   7.000   1.7126   0.01052   0.00516  -0.2122  0.0012  0.1582  -3.0255   0.0000   0.3615
   9.500   1.9576   0.01259   0.00730  -0.2072  0.0012  0.3074  -4.2390   0.0000   0.3389
  10.000   2.0041   0.01307   0.00787  -0.2059  0.0011  0.3964  -4.8150   0.0000   0.3348
  10.500   2.0463   0.01364   0.00844  -0.2037  0.0011  0.4126  -5.3976   0.0000   0.3306
  11.500   2.1044   0.01503   0.00987  -0.1942  0.0011  0.4346  -6.4825   0.0000   0.3213
  12.000   2.1342   0.01590   0.01076  -0.1899  0.0010  0.4356  -7.0617   0.0000   0.3170
  12.500   2.1630   0.01690   0.01180  -0.1857  0.0010  0.4723  -7.6550   0.0000   0.3128
  13.000   2.1910   0.01805   0.01300  -0.1816  0.0010  0.5109  -8.2639   0.0000   0.3088
  13.500   2.2166   0.01940   0.01438  -0.1774  0.0009  0.5252  -8.8756   0.0000   0.3049
  14.000   2.2397   0.02101   0.01604  -0.1733  0.0009  0.5586  -9.4880   0.0000   0.3011
  14.500   2.2600   0.02286   0.01798  -0.1691  0.0009  0.6034  -10.0962   0.0000   0.2974
  15.000   2.2795   0.02502   0.02019  -0.1652  0.0008  0.6335  -10.7155   0.0000   0.2938
  15.500   2.2971   0.02751   0.02275  -0.1615  0.0008  0.6669  -11.3366   0.0000   0.2904
  16.500   2.2715   0.03846   0.03404  -0.1502  0.0015  0.7165  -12.0172   0.0000   0.2838
  17.000   2.2733   0.04315   0.03883  -0.1470  0.0018  0.7498  -12.5476   0.0000   0.2810
  17.500   2.2833   0.04759   0.04337  -0.1452  0.0022  0.8043  -13.1623   0.0000   0.2785
  18.000   2.2929   0.05337   0.04944  -0.1450  0.0028  1.0000  -13.7631   0.0000   0.2767
  18.500   2.2886   0.05971   0.05586  -0.1432  0.0030  1.0000  -14.2408   0.0000   0.2746
  19.000   2.2930   0.06499   0.06119  -0.1417  0.0034  1.0000  -14.8076   0.0000   0.2724
  19.500   2.2830   0.07235   0.06865  -0.1408  0.0036  1.0000  -15.2401   0.0000   0.2707


