xflr5 v6.59

 Calculated polar for: WORTMANN FX 63-137 AIRFOIL

 1 1 Reynolds number fixed          Mach number fixed         

 xtrf =   1.000 (top)        1.000 (bottom)
 Mach =   0.000     Re =     3.100 e 6     Ncrit =   9.000

  alpha     CL        CD       CDp       Cm    Top Xtr Bot Xtr   Cpmin    Chinge    XCp    
 ------- -------- --------- --------- -------- ------- ------- -------- --------- ---------
 -12.300   -0.0952   0.10126   0.09861   -0.1122   0.6488   0.0109   -2.8303   0.0000   -1.0316   
 -12.200   -0.0926   0.10015   0.09748   -0.1127   0.6405   0.0110   -2.8165   0.0000   -1.0708   
 -12.100   -0.0899   0.09912   0.09641   -0.1131   0.6304   0.0110   -2.7964   0.0000   -1.1144   
 -12.000   -0.0868   0.09809   0.09535   -0.1136   0.6256   0.0111   -2.7718   0.0000   -1.1679   
 -11.900   -0.0836   0.09709   0.09434   -0.1141   0.6216   0.0112   -2.7441   0.0000   -1.2277   
 -11.800   -0.0802   0.09615   0.09339   -0.1145   0.6176   0.0113   -2.7119   0.0000   -1.2956   
 -11.700   -0.0767   0.09524   0.09246   -0.1150   0.6135   0.0113   -2.6781   0.0000   -1.3703   
 -11.600   -0.0731   0.09435   0.09155   -0.1154   0.6093   0.0114   -2.6431   0.0000   -1.4528   
 -11.500   -0.0696   0.09347   0.09065   -0.1158   0.6050   0.0115   -2.6069   0.0000   -1.5454   
 -11.400   -0.0659   0.09260   0.08977   -0.1163   0.6003   0.0116   -2.5697   0.0000   -1.6505   
 -11.300   -0.0621   0.09173   0.08890   -0.1167   0.5973   0.0117   -2.5315   0.0000   -1.7717   
 -11.200   -0.0583   0.09087   0.08804   -0.1172   0.5962   0.0118   -2.4926   0.0000   -1.9111   
 -11.100   -0.0544   0.09003   0.08719   -0.1176   0.5949   0.0119   -2.4528   0.0000   -2.0711   
 -11.000   -0.0505   0.08921   0.08637   -0.1181   0.5933   0.0120   -2.4123   0.0000   -2.2568   
 -10.900   -0.0466   0.08839   0.08555   -0.1185   0.5908   0.0122   -2.3712   0.0000   -2.4758   
 -9.300   -0.1732   0.00962   0.00446   -0.1958   0.6378   0.0065   -6.0163   0.0000   -0.9268   
 -9.200   -0.1624   0.00959   0.00434   -0.1958   0.6187   0.0064   -5.9077   0.0000   -1.0042   
 -9.100   -0.1515   0.00956   0.00423   -0.1959   0.6027   0.0064   -5.7991   0.0000   -1.0939   
 -9.000   -0.1395   0.00946   0.00410   -0.1961   0.5953   0.0064   -5.6859   0.0000   -1.2102   
 -8.900   -0.1275   0.00936   0.00398   -0.1964   0.5891   0.0063   -5.5732   0.0000   -1.3489   
 -8.800   -0.1170   0.00936   0.00389   -0.1964   0.5654   0.0063   -5.4684   0.0000   -1.4920   
 -8.700   -0.1052   0.00929   0.00378   -0.1966   0.5577   0.0063   -5.3582   0.0000   -1.6876   
 -8.600   -0.0934   0.00923   0.00368   -0.1968   0.5519   0.0063   -5.2487   0.0000   -1.9330   
 -8.500   -0.0817   0.00918   0.00359   -0.1969   0.5459   0.0062   -5.1404   0.0000   -2.2466   
 -8.400   -0.0700   0.00914   0.00350   -0.1971   0.5393   0.0062   -5.0327   0.0000   -2.6668   
 -8.300   -0.0580   0.00908   0.00342   -0.1973   0.5335   0.0062   -4.9247   0.0000   -3.2705   
 -8.200   -0.0459   0.00901   0.00333   -0.1975   0.5315   0.0062   -4.8168   0.0000   -4.2048   
 -8.100   -0.0337   0.00894   0.00325   -0.1978   0.5298   0.0061   -4.7098   0.0000   -5.8098   
 -8.000   -0.0217   0.00888   0.00317   -0.1980   0.5274   0.0061   -4.6039   0.0000   -9.1923   
 -7.800   0.0014   0.00885   0.00305   -0.1982   0.5092   0.0061   -4.3997   0.0000   146.0027   
 -7.700   0.0127   0.00885   0.00300   -0.1982   0.4962   0.0060   -4.3000   0.0000   16.3594   
 -7.600   0.0244   0.00883   0.00294   -0.1984   0.4900   0.0060   -4.2157   0.0000   8.6310   
 -7.500   0.0360   0.00881   0.00288   -0.1985   0.4838   0.0060   -4.1408   0.0000   5.9274   
 -7.400   0.0477   0.00880   0.00283   -0.1986   0.4774   0.0060   -4.0663   0.0000   4.5428   
 -7.300   0.0594   0.00877   0.00278   -0.1987   0.4704   0.0059   -3.9917   0.0000   3.6924   
 -7.200   0.0715   0.00873   0.00273   -0.1989   0.4667   0.0059   -3.9169   0.0000   3.1149   
 -7.100   0.0835   0.00869   0.00267   -0.1991   0.4651   0.0059   -3.8422   0.0000   2.7023   
 -7.000   0.0955   0.00865   0.00262   -0.1993   0.4630   0.0059   -3.7681   0.0000   2.3949   
 -6.900   0.1076   0.00861   0.00256   -0.1995   0.4619   0.0059   -3.6936   0.0000   2.1553   
 -6.400   0.1650   0.00865   0.00243   -0.1998   0.4213   0.0059   -3.3368   0.0000   1.4917   
 -6.300   0.1766   0.00865   0.00240   -0.1999   0.4160   0.0059   -3.2661   0.0000   1.4104   
 -6.200   0.1883   0.00865   0.00238   -0.2000   0.4103   0.0059   -3.1955   0.0000   1.3385   
 -6.100   0.2001   0.00864   0.00235   -0.2002   0.4045   0.0059   -3.1250   0.0000   1.2746   
 -6.000   0.2120   0.00861   0.00232   -0.2003   0.4018   0.0059   -3.0543   0.0000   1.2171   
 -5.900   0.2240   0.00859   0.00229   -0.2005   0.4007   0.0058   -2.9833   0.0000   1.1658   
 -5.800   0.2359   0.00857   0.00227   -0.2006   0.3992   0.0058   -2.9117   0.0000   1.1198   
 -5.700   0.2478   0.00855   0.00225   -0.2008   0.3970   0.0058   -2.8392   0.0000   1.0784   
 -5.500   0.2700   0.00864   0.00227   -0.2008   0.3768   0.0057   -2.6885   0.0000   1.0094   
 -5.400   0.2802   0.00876   0.00243   -0.2006   0.3676   0.0057   -2.5442   0.0000   0.9809   
 -5.300   0.2918   0.00877   0.00242   -0.2006   0.3631   0.0057   -2.4777   0.0000   0.9518   
 -5.200   0.3033   0.00878   0.00241   -0.2007   0.3588   0.0057   -2.4137   0.0000   0.9251   
 -5.100   0.3149   0.00879   0.00240   -0.2008   0.3544   0.0057   -2.3518   0.0000   0.9003   
 -5.000   0.3265   0.00879   0.00238   -0.2009   0.3497   0.0057   -2.2914   0.0000   0.8771   
 -4.900   0.3383   0.00879   0.00236   -0.2010   0.3446   0.0056   -2.2324   0.0000   0.8555   
 -4.800   0.3502   0.00877   0.00233   -0.2012   0.3402   0.0056   -2.1746   0.0000   0.8351   
 -4.700   0.3622   0.00875   0.00231   -0.2014   0.3387   0.0056   -2.1179   0.0000   0.8159   
 -4.600   0.3742   0.00872   0.00228   -0.2015   0.3378   0.0056   -2.0626   0.0000   0.7980   
 -4.500   0.3862   0.00870   0.00225   -0.2017   0.3368   0.0056   -2.0088   0.0000   0.7811   
 -4.400   0.3982   0.00868   0.00221   -0.2018   0.3353   0.0056   -1.9573   0.0000   0.7653   
 -4.300   0.4101   0.00866   0.00218   -0.2020   0.3337   0.0056   -1.9062   0.0000   0.7504   
 -4.200   0.4222   0.00864   0.00215   -0.2022   0.3331   0.0056   -1.8565   0.0000   0.7363   
 -4.100   0.4324   0.00877   0.00218   -0.2020   0.3089   0.0056   -1.8126   0.0000   0.7243   
 -4.000   0.4441   0.00877   0.00216   -0.2021   0.3044   0.0056   -1.7674   0.0000   0.7118   
 -3.900   0.4558   0.00878   0.00214   -0.2022   0.3003   0.0057   -1.7250   0.0000   0.7000   
 -3.800   0.4678   0.00877   0.00209   -0.2024   0.2963   0.0058   -1.7090   0.0000   0.6886   
 -3.700   0.4810   0.00867   0.00201   -0.2028   0.2920   0.0139   -1.7859   0.0000   0.6773   
 -3.600   0.4924   0.00870   0.00202   -0.2029   0.2877   0.0144   -1.7169   0.0000   0.6673   
 -3.500   0.5039   0.00872   0.00203   -0.2029   0.2828   0.0149   -1.6454   0.0000   0.6577   
 -3.400   0.5154   0.00873   0.00205   -0.2030   0.2792   0.0152   -1.5704   0.0000   0.6486   
 -3.300   0.5269   0.00875   0.00207   -0.2031   0.2782   0.0156   -1.4927   0.0000   0.6398   
 -3.200   0.5384   0.00877   0.00210   -0.2031   0.2774   0.0159   -1.4152   0.0000   0.6315   
 -3.100   0.5498   0.00878   0.00213   -0.2032   0.2765   0.0162   -1.3404   0.0000   0.6234   
 -3.000   0.5614   0.00880   0.00215   -0.2033   0.2753   0.0164   -1.2696   0.0000   0.6157   
 -2.900   0.5729   0.00881   0.00217   -0.2034   0.2740   0.0166   -1.2027   0.0000   0.6083   
 -2.800   0.5846   0.00881   0.00219   -0.2035   0.2735   0.0167   -1.1391   0.0000   0.6012   
 -2.700   0.5945   0.00897   0.00227   -0.2033   0.2514   0.0168   -1.0834   0.0000   0.5949   
 -2.600   0.6058   0.00899   0.00229   -0.2033   0.2471   0.0169   -1.0264   0.0000   0.5883   
 -2.400   0.6293   0.00901   0.00223   -0.2036   0.2409   0.0168   -0.9504   0.0000   0.5757   
 -2.300   0.6406   0.00908   0.00217   -0.2036   0.2222   0.0164   -0.9508   0.0000   0.5698   
 -2.200   0.6521   0.00910   0.00218   -0.2036   0.2198   0.0165   -0.9130   0.0000   0.5641   
 -2.100   0.6636   0.00912   0.00220   -0.2037   0.2173   0.0166   -0.9219   0.0000   0.5586   
 -2.000   0.6734   0.00929   0.00228   -0.2035   0.1951   0.0167   -0.9308   0.0000   0.5536   
 -1.900   0.6848   0.00932   0.00230   -0.2035   0.1920   0.0168   -0.9396   0.0000   0.5485   
 -1.800   0.6962   0.00935   0.00231   -0.2036   0.1896   0.0169   -0.9483   0.0000   0.5435   
 -1.700   0.7076   0.00938   0.00232   -0.2036   0.1872   0.0170   -0.9571   0.0000   0.5387   
 -1.600   0.7190   0.00941   0.00234   -0.2037   0.1849   0.0170   -0.9658   0.0000   0.5340   
 -0.900   0.7997   0.00953   0.00239   -0.2042   0.1700   0.0186   -1.0383   0.0000   0.5049   
 -0.800   0.8114   0.00954   0.00239   -0.2043   0.1696   0.0187   -1.0487   0.0000   0.5012   
 -0.700   0.8230   0.00956   0.00240   -0.2044   0.1692   0.0189   -1.0592   0.0000   0.4976   
 -0.600   0.8346   0.00957   0.00241   -0.2045   0.1687   0.0190   -1.0696   0.0000   0.4941   
 -0.500   0.8461   0.00959   0.00242   -0.2045   0.1677   0.0191   -1.0801   0.0000   0.4907   
 -0.400   0.8574   0.00962   0.00244   -0.2046   0.1655   0.0192   -1.0905   0.0000   0.4874   
 -0.300   0.8671   0.00980   0.00254   -0.2043   0.1462   0.0193   -1.1008   0.0000   0.4842   
 -0.200   0.8782   0.00985   0.00257   -0.2043   0.1434   0.0192   -1.1111   0.0000   0.4811   
 -0.100   0.8894   0.00989   0.00260   -0.2043   0.1414   0.0191   -1.1215   0.0000   0.4780   
 0.000   0.9005   0.00994   0.00263   -0.2043   0.1395   0.0189   -1.1318   0.0000   0.4750   
 0.100   0.9117   0.00999   0.00266   -0.2043   0.1376   0.0188   -1.1420   0.0000   0.4721   
 0.200   0.9228   0.01003   0.00270   -0.2043   0.1356   0.0186   -1.1523   0.0000   0.4693   
 0.300   0.9340   0.01007   0.00273   -0.2043   0.1336   0.0185   -1.1626   0.0000   0.4665   
 0.400   0.9452   0.01011   0.00276   -0.2043   0.1313   0.0184   -1.1729   0.0000   0.4637   
 0.500   0.9565   0.01014   0.00279   -0.2043   0.1290   0.0183   -1.1833   0.0000   0.4611   
 0.600   0.9677   0.01018   0.00282   -0.2044   0.1267   0.0182   -1.1936   0.0000   0.4585   
 0.700   0.9789   0.01021   0.00286   -0.2044   0.1249   0.0181   -1.2044   0.0000   0.4559   
 0.800   0.9902   0.01024   0.00289   -0.2044   0.1240   0.0181   -1.2167   0.0000   0.4534   
 0.900   1.0014   0.01027   0.00293   -0.2044   0.1238   0.0185   -1.2290   0.0000   0.4510   
 1.000   1.0127   0.01031   0.00296   -0.2044   0.1235   0.0187   -1.2414   0.0000   0.4486   
 1.100   1.0238   0.01034   0.00300   -0.2044   0.1231   0.0216   -1.2537   0.0000   0.4462   
 1.200   1.0350   0.01037   0.00304   -0.2044   0.1227   0.0258   -1.2660   0.0000   0.4439   
 1.300   1.0465   0.01039   0.00309   -0.2045   0.1223   0.0339   -1.2786   0.0000   0.4417   
 1.400   1.0577   0.01043   0.00313   -0.2045   0.1217   0.0357   -1.2910   0.0000   0.4395   
 1.500   1.0688   0.01046   0.00317   -0.2045   0.1209   0.0366   -1.3035   0.0000   0.4374   
 1.600   1.0799   0.01051   0.00321   -0.2045   0.1197   0.0373   -1.3164   0.0000   0.4353   
 1.700   1.0909   0.01055   0.00325   -0.2045   0.1185   0.0377   -1.3317   0.0000   0.4332   
 1.800   1.1001   0.01075   0.00339   -0.2042   0.1029   0.0381   -1.3509   0.0000   0.4312   
 1.900   1.1109   0.01081   0.00344   -0.2041   0.1017   0.0384   -1.3657   0.0000   0.4292   
 2.000   1.1217   0.01087   0.00349   -0.2041   0.1004   0.0395   -1.3808   0.0000   0.4272   
 2.100   1.1324   0.01094   0.00354   -0.2040   0.0991   0.0412   -1.3961   0.0000   0.4253   
 2.200   1.1432   0.01100   0.00359   -0.2039   0.0978   0.0440   -1.4113   0.0000   0.4234   
 2.300   1.1541   0.01105   0.00367   -0.2039   0.0966   0.0516   -1.4266   0.0000   0.4216   
 2.400   1.1652   0.01110   0.00371   -0.2039   0.0952   0.0643   -1.4420   0.0000   0.4198   
 2.500   1.1759   0.01117   0.00377   -0.2039   0.0918   0.0667   -1.4575   0.0000   0.4180   
 2.600   1.1865   0.01124   0.00384   -0.2038   0.0857   0.0763   -1.4732   0.0000   0.4162   
 2.700   1.1980   0.01126   0.00390   -0.2039   0.0840   0.1003   -1.4887   0.0000   0.4145   
 2.800   1.2088   0.01132   0.00396   -0.2039   0.0830   0.1038   -1.5115   0.0000   0.4128   
 2.900   1.2196   0.01138   0.00402   -0.2038   0.0815   0.1111   -1.5354   0.0000   0.4111   
 3.100   1.2389   0.01168   0.00427   -0.2033   0.0646   0.1243   -1.5822   0.0000   0.4079   
 3.200   1.2496   0.01176   0.00435   -0.2033   0.0623   0.1440   -1.6015   0.0000   0.4063   
 3.300   1.2600   0.01184   0.00443   -0.2032   0.0603   0.1481   -1.6207   0.0000   0.4047   
 3.400   1.2708   0.01190   0.00450   -0.2031   0.0582   0.1604   -1.6411   0.0000   0.4032   
 3.500   1.2818   0.01195   0.00457   -0.2032   0.0560   0.1763   -1.6629   0.0000   0.4017   
 3.600   1.2928   0.01200   0.00464   -0.2032   0.0541   0.1939   -1.6853   0.0000   0.4002   
 3.700   1.3034   0.01206   0.00471   -0.2031   0.0525   0.2029   -1.7076   0.0000   0.3987   
 3.800   1.3144   0.01211   0.00478   -0.2032   0.0516   0.2159   -1.7308   0.0000   0.3973   
 3.900   1.3250   0.01216   0.00484   -0.2031   0.0537   0.2130   -1.7572   0.0000   0.3958   
 4.000   1.3367   0.01218   0.00491   -0.2033   0.0530   0.2472   -1.7922   0.0000   0.3945   
 4.100   1.3472   0.01225   0.00498   -0.2032   0.0520   0.2540   -1.8257   0.0000   0.3931   
 4.200   1.3585   0.01228   0.00506   -0.2033   0.0516   0.2763   -1.8607   0.0000   0.3918   
 4.300   1.3700   0.01231   0.00514   -0.2035   0.0514   0.3065   -1.8964   0.0000   0.3905   
 4.400   1.3809   0.01236   0.00522   -0.2035   0.0512   0.3247   -1.9314   0.0000   0.3892   
 4.600   1.4030   0.01245   0.00539   -0.2036   0.0501   0.3706   -2.0029   0.0000   0.3867   
 4.700   1.4136   0.01253   0.00549   -0.2036   0.0488   0.3895   -2.0386   0.0000   0.3854   
 4.900   1.4341   0.01273   0.00574   -0.2034   0.0444   0.4263   -2.1095   0.0000   0.3829   
 5.000   1.4439   0.01284   0.00585   -0.2032   0.0423   0.4340   -2.1440   0.0000   0.3816   
 5.100   1.4543   0.01292   0.00596   -0.2031   0.0406   0.4522   -2.1795   0.0000   0.3804   
 5.200   1.4649   0.01299   0.00607   -0.2031   0.0390   0.4764   -2.2155   0.0000   0.3792   
 5.300   1.4755   0.01306   0.00617   -0.2031   0.0382   0.4981   -2.2518   0.0000   0.3781   
 5.400   1.4857   0.01313   0.00626   -0.2030   0.0380   0.5118   -2.2882   0.0000   0.3769   
 5.500   1.4958   0.01322   0.00636   -0.2028   0.0377   0.5183   -2.3245   0.0000   0.3757   
 5.600   1.5057   0.01330   0.00645   -0.2026   0.0374   0.5221   -2.3607   0.0000   0.3745   
 5.700   1.5155   0.01340   0.00654   -0.2024   0.0371   0.5254   -2.3970   0.0000   0.3733   
 5.800   1.5252   0.01349   0.00664   -0.2021   0.0367   0.5281   -2.4334   0.0000   0.3722   
 5.900   1.5348   0.01359   0.00674   -0.2019   0.0362   0.5306   -2.4700   0.0000   0.3710   
 6.000   1.5385   0.01410   0.00713   -0.2006   0.0210   0.5326   -2.4920   0.0000   0.3697   
 6.100   1.5472   0.01425   0.00727   -0.2002   0.0169   0.5363   -2.5193   0.0000   0.3685   
 6.200   1.5566   0.01436   0.00739   -0.1999   0.0164   0.5414   -2.5544   0.0000   0.3674   
 6.300   1.5603   0.01485   0.00785   -0.1985   0.0047   0.5459   -2.5883   0.0000   0.3661   
 6.400   1.5694   0.01497   0.00798   -0.1982   0.0043   0.5530   -2.6243   0.0000   0.3650   
 6.500   1.5783   0.01510   0.00812   -0.1978   0.0042   0.5595   -2.6604   0.0000   0.3639   
 6.600   1.5870   0.01523   0.00825   -0.1974   0.0040   0.5638   -2.6964   0.0000   0.3627   
 6.700   1.5956   0.01536   0.00838   -0.1970   0.0038   0.5691   -2.7323   0.0000   0.3616   
 6.800   1.6045   0.01549   0.00852   -0.1966   0.0036   0.5784   -2.7680   0.0000   0.3606   
 6.900   1.6129   0.01561   0.00866   -0.1961   0.0035   0.5840   -2.8030   0.0000   0.3595   
 7.000   1.6206   0.01574   0.00880   -0.1955   0.0033   0.5889   -2.8369   0.0000   0.3584   
 7.100   1.6277   0.01586   0.00893   -0.1948   0.0031   0.5935   -2.8696   0.0000   0.3572   
 7.200   1.6350   0.01599   0.00907   -0.1941   0.0030   0.5973   -2.9026   0.0000   0.3561   
 7.300   1.6426   0.01612   0.00921   -0.1935   0.0028   0.6079   -2.9363   0.0000   0.3550   
 7.400   1.6501   0.01626   0.00937   -0.1929   0.0026   0.6174   -2.9700   0.0000   0.3539   
 7.500   1.6574   0.01640   0.00952   -0.1922   0.0024   0.6243   -3.0034   0.0000   0.3528   
 7.600   1.6646   0.01654   0.00967   -0.1915   0.0022   0.6284   -3.0368   0.0000   0.3517   
 7.700   1.6719   0.01669   0.00983   -0.1909   0.0020   0.6348   -3.0708   0.0000   0.3507   
 7.800   1.6793   0.01684   0.01000   -0.1902   0.0018   0.6438   -3.1051   0.0000   0.3496   
 7.900   1.6866   0.01700   0.01017   -0.1896   0.0016   0.6506   -3.1393   0.0000   0.3486   
 8.000   1.6936   0.01716   0.01033   -0.1889   0.0014   0.6561   -3.1731   0.0000   0.3475   
 8.100   1.7004   0.01733   0.01051   -0.1882   0.0014   0.6602   -3.2068   0.0000   0.3465   
 8.200   1.7074   0.01750   0.01070   -0.1875   0.0014   0.6677   -3.2409   0.0000   0.3455   
 8.300   1.7142   0.01768   0.01091   -0.1868   0.0014   0.6733   -3.2750   0.0000   0.3444   
 8.400   1.7210   0.01786   0.01111   -0.1861   0.0014   0.6798   -3.3090   0.0000   0.3434   
 8.500   1.7277   0.01805   0.01131   -0.1854   0.0013   0.6847   -3.3429   0.0000   0.3424   
 8.600   1.7344   0.01825   0.01151   -0.1847   0.0013   0.6882   -3.3769   0.0000   0.3414   
 8.700   1.7408   0.01845   0.01173   -0.1839   0.0013   0.6907   -3.4106   0.0000   0.3404   
 8.800   1.7472   0.01866   0.01195   -0.1832   0.0013   0.6955   -3.4443   0.0000   0.3394   
 8.900   1.7537   0.01888   0.01218   -0.1825   0.0013   0.7017   -3.4782   0.0000   0.3384   
 9.000   1.7601   0.01909   0.01242   -0.1817   0.0013   0.7072   -3.5121   0.0000   0.3375   
 9.100   1.7664   0.01932   0.01265   -0.1810   0.0013   0.7122   -3.5456   0.0000   0.3365   
 9.200   1.7723   0.01955   0.01291   -0.1802   0.0013   0.7168   -3.5785   0.0000   0.3355   
 9.300   1.7781   0.01980   0.01317   -0.1794   0.0013   0.7210   -3.6112   0.0000   0.3346   
 9.400   1.7842   0.02005   0.01344   -0.1787   0.0013   0.7298   -3.6479   0.0000   0.3336   
 9.500   1.7904   0.02030   0.01371   -0.1780   0.0013   0.7382   -3.6919   0.0000   0.3327   
 9.600   1.7962   0.02057   0.01400   -0.1772   0.0013   0.7454   -3.7349   0.0000   0.3318   
 9.700   1.8018   0.02085   0.01430   -0.1764   0.0013   0.7515   -3.7773   0.0000   0.3308   
 9.800   1.8077   0.02113   0.01461   -0.1757   0.0013   0.7617   -3.8207   0.0000   0.3299   
 9.900   1.8136   0.02142   0.01493   -0.1750   0.0013   0.7708   -3.8640   0.0000   0.3290   
 10.700   1.8538   0.02400   0.01799   -0.1687   0.0013   1.0000   -4.1886   0.0000   0.3220   
 10.800   1.8578   0.02444   0.01846   -0.1678   0.0013   1.0000   -4.2246   0.0000   0.3211   
 10.900   1.8608   0.02493   0.01899   -0.1669   0.0013   1.0000   -4.2566   0.0000   0.3202   
