xflr5 v6.59

 Calculated polar for: WORTMANN FX 63-137 AIRFOIL

 1 1 Reynolds number fixed          Mach number fixed         

 xtrf =   1.000 (top)        1.000 (bottom)
 Mach =   0.000     Re =     0.500 e 6     Ncrit =   9.000

  alpha     CL        CD       CDp       Cm    Top Xtr Bot Xtr   Cpmin    Chinge    XCp    
 ------- -------- --------- --------- -------- ------- ------- -------- --------- ---------
 -19.200   -0.3975   0.22332   0.22056   -0.0243   1.0000   0.0099   -1.5514   0.0000   0.1581   
 -19.100   -0.3948   0.22213   0.21937   -0.0248   1.0000   0.0099   -1.5551   0.0000   0.1563   
 -19.000   -0.3921   0.22091   0.21815   -0.0253   1.0000   0.0099   -1.5590   0.0000   0.1545   
 -18.900   -0.3895   0.21968   0.21692   -0.0259   1.0000   0.0099   -1.5630   0.0000   0.1528   
 -18.800   -0.3868   0.21844   0.21570   -0.0264   1.0000   0.0100   -1.5672   0.0000   0.1510   
 -18.600   -0.3828   0.21259   0.20987   -0.0260   1.0000   0.0105   -1.5722   0.0000   0.1510   
 -18.500   -0.3797   0.21149   0.20876   -0.0263   1.0000   0.0106   -1.5507   0.0000   0.1496   
 -18.400   -0.3767   0.21040   0.20768   -0.0267   1.0000   0.0106   -1.5303   0.0000   0.1481   
 -18.300   -0.3737   0.20933   0.20662   -0.0270   1.0000   0.0107   -1.5111   0.0000   0.1466   
 -18.200   -0.3707   0.20827   0.20556   -0.0274   1.0000   0.0108   -1.4929   0.0000   0.1451   
 -18.100   -0.3678   0.20721   0.20450   -0.0278   1.0000   0.0109   -1.4758   0.0000   0.1435   
 -18.000   -0.3648   0.20616   0.20345   -0.0281   1.0000   0.0109   -1.4596   0.0000   0.1419   
 -17.900   -0.3619   0.20510   0.20239   -0.0285   1.0000   0.0110   -1.4445   0.0000   0.1402   
 -17.800   -0.3591   0.20404   0.20134   -0.0289   1.0000   0.0111   -1.4303   0.0000   0.1385   
 -17.700   -0.3562   0.20297   0.20028   -0.0293   1.0000   0.0112   -1.4170   0.0000   0.1368   
 -17.600   -0.3534   0.20190   0.19921   -0.0297   1.0000   0.0113   -1.4047   0.0000   0.1351   
 -17.500   -0.3505   0.20082   0.19814   -0.0300   1.0000   0.0115   -1.3932   0.0000   0.1333   
 -17.400   -0.3478   0.19974   0.19706   -0.0304   1.0000   0.0116   -1.3825   0.0000   0.1315   
 -17.300   -0.3450   0.19865   0.19598   -0.0308   1.0000   0.0117   -1.3728   0.0000   0.1297   
 -17.200   -0.3422   0.19756   0.19489   -0.0312   1.0000   0.0118   -1.3638   0.0000   0.1279   
 -17.100   -0.3395   0.19646   0.19379   -0.0316   1.0000   0.0120   -1.3556   0.0000   0.1260   
 -17.000   -0.3368   0.19535   0.19269   -0.0319   1.0000   0.0121   -1.3482   0.0000   0.1242   
 -16.900   -0.3342   0.19424   0.19158   -0.0323   1.0000   0.0123   -1.3415   0.0000   0.1223   
 -16.800   -0.3315   0.19312   0.19047   -0.0327   1.0000   0.0125   -1.3355   0.0000   0.1204   
 -16.700   -0.3289   0.19200   0.18935   -0.0330   1.0000   0.0127   -1.3302   0.0000   0.1185   
 -16.600   -0.3263   0.19087   0.18823   -0.0334   1.0000   0.0129   -1.3257   0.0000   0.1166   
 -16.500   -0.3237   0.18973   0.18709   -0.0337   1.0000   0.0131   -1.3218   0.0000   0.1147   
 -16.400   -0.3212   0.18859   0.18596   -0.0341   1.0000   0.0133   -1.3186   0.0000   0.1128   
 -16.300   -0.3187   0.18744   0.18482   -0.0344   1.0000   0.0136   -1.3161   0.0000   0.1108   
 -16.200   -0.3162   0.18629   0.18367   -0.0348   1.0000   0.0138   -1.3144   0.0000   0.1089   
 -16.100   -0.3137   0.18513   0.18251   -0.0351   1.0000   0.0141   -1.3135   0.0000   0.1069   
 -16.000   -0.3113   0.18396   0.18135   -0.0355   1.0000   0.0144   -1.3136   0.0000   0.1049   
 -15.900   -0.3088   0.18279   0.18016   -0.0358   1.0000   0.0147   -1.3147   0.0000   0.1029   
 -15.800   -0.3064   0.18162   0.17900   -0.0361   1.0000   0.0151   -1.3178   0.0000   0.1008   
 -15.700   -0.3039   0.18045   0.17784   -0.0365   1.0000   0.0155   -1.3238   0.0000   0.0986   
 -15.600   -0.3013   0.17931   0.17670   -0.0369   1.0000   0.0159   -1.3336   0.0000   0.0962   
 -15.500   -0.2988   0.17820   0.17560   -0.0373   1.0000   0.0162   -1.3459   0.0000   0.0937   
 -15.400   -0.2965   0.17711   0.17451   -0.0377   1.0000   0.0164   -1.3579   0.0000   0.0913   
 -15.300   -0.2944   0.17600   0.17341   -0.0381   1.0000   0.0165   -1.3690   0.0000   0.0890   
 -15.200   -0.2923   0.17489   0.17231   -0.0385   1.0000   0.0166   -1.3794   0.0000   0.0868   
 -15.100   -0.2903   0.17376   0.17119   -0.0389   1.0000   0.0167   -1.3894   0.0000   0.0847   
 -15.000   -0.2885   0.17263   0.17006   -0.0392   1.0000   0.0168   -1.3993   0.0000   0.0827   
 -14.900   -0.2866   0.17149   0.16893   -0.0395   1.0000   0.0168   -1.4091   0.0000   0.0807   
 -14.800   -0.2849   0.17034   0.16778   -0.0398   1.0000   0.0168   -1.4189   0.0000   0.0789   
 -14.700   -0.2832   0.16918   0.16664   -0.0401   1.0000   0.0169   -1.4288   0.0000   0.0770   
 -14.600   -0.2815   0.16802   0.16548   -0.0404   1.0000   0.0169   -1.4388   0.0000   0.0753   
 -14.500   -0.2800   0.16685   0.16432   -0.0406   1.0000   0.0169   -1.4490   0.0000   0.0735   
 -14.400   -0.2784   0.16568   0.16316   -0.0409   1.0000   0.0170   -1.4593   0.0000   0.0719   
 -14.300   -0.2770   0.16451   0.16199   -0.0411   1.0000   0.0170   -1.4699   0.0000   0.0703   
 -14.200   -0.2756   0.16333   0.16083   -0.0414   1.0000   0.0170   -1.4808   0.0000   0.0689   
 -14.100   -0.2741   0.16216   0.15966   -0.0415   1.0000   0.0170   -1.4904   0.0000   0.0675   
 -14.000   -0.2727   0.16099   0.15850   -0.0417   1.0000   0.0170   -1.4999   0.0000   0.0661   
 -13.900   -0.2714   0.15982   0.15734   -0.0418   1.0000   0.0170   -1.5098   0.0000   0.0649   
 -13.800   -0.2702   0.15866   0.15619   -0.0420   1.0000   0.0170   -1.5201   0.0000   0.0639   
 -13.700   -0.2690   0.15749   0.15503   -0.0421   1.0000   0.0170   -1.5307   0.0000   0.0629   
 -13.600   -0.2680   0.15632   0.15387   -0.0422   1.0000   0.0170   -1.5418   0.0000   0.0620   
 -13.500   -0.2669   0.15515   0.15271   -0.0422   1.0000   0.0170   -1.5529   0.0000   0.0613   
 -13.400   -0.2660   0.15397   0.15154   -0.0423   1.0000   0.0171   -1.5641   0.0000   0.0607   
 -13.300   -0.2651   0.15280   0.15038   -0.0423   1.0000   0.0171   -1.5760   0.0000   0.0603   
 -13.200   -0.2644   0.15165   0.14924   -0.0422   1.0000   0.0171   -1.5883   0.0000   0.0601   
 -13.100   -0.2639   0.15050   0.14810   -0.0422   1.0000   0.0171   -1.6013   0.0000   0.0603   
 -13.000   -0.2636   0.14938   0.14699   -0.0420   1.0000   0.0171   -1.6150   0.0000   0.0608   
 -12.900   -0.2636   0.14828   0.14591   -0.0419   1.0000   0.0171   -1.6293   0.0000   0.0617   
 -12.800   -0.2631   0.14712   0.14476   -0.0418   1.0000   0.0171   -1.6445   0.0000   0.0618   
 -12.700   -0.2577   0.14520   0.14285   -0.0433   0.9996   0.0171   -1.6624   0.0000   0.0521   
 -12.600   -0.2524   0.14329   0.14093   -0.0448   0.9992   0.0171   -1.6824   0.0000   0.0422   
 -12.500   -0.2472   0.14137   0.13901   -0.0463   0.9988   0.0171   -1.7047   0.0000   0.0320   
 -12.400   -0.2421   0.13942   0.13706   -0.0477   0.9984   0.0171   -1.7297   0.0000   0.0215   
 -12.300   -0.2371   0.13745   0.13509   -0.0492   0.9979   0.0171   -1.7581   0.0000   0.0106   
 -12.200   -0.2322   0.13546   0.13310   -0.0506   0.9974   0.0171   -1.7902   0.0000   -0.0006   
 -12.100   -0.2274   0.13347   0.13111   -0.0521   0.9969   0.0171   -1.8256   0.0000   -0.0124   
 -12.000   -0.2225   0.13150   0.12914   -0.0536   0.9964   0.0171   -1.8612   0.0000   -0.0248   
 -11.900   -0.2175   0.12958   0.12722   -0.0551   0.9959   0.0171   -1.8916   0.0000   -0.0380   
 -11.800   -0.2125   0.12769   0.12533   -0.0566   0.9953   0.0171   -1.9148   0.0000   -0.0518   
 -11.700   -0.2074   0.12583   0.12347   -0.0581   0.9945   0.0172   -1.9319   0.0000   -0.0660   
 -11.600   -0.2023   0.12400   0.12163   -0.0596   0.9938   0.0172   -1.9450   0.0000   -0.0812   
 -11.500   -0.1972   0.12217   0.11981   -0.0611   0.9930   0.0172   -1.9556   0.0000   -0.0972   
 -11.400   -0.1920   0.12035   0.11798   -0.0626   0.9923   0.0172   -1.9648   0.0000   -0.1142   
 -11.300   -0.1868   0.11852   0.11615   -0.0641   0.9916   0.0172   -1.9731   0.0000   -0.1323   
 -11.200   -0.1816   0.11666   0.11429   -0.0656   0.9910   0.0172   -1.9816   0.0000   -0.1515   
 -11.100   -0.1766   0.11469   0.11232   -0.0672   0.9904   0.0171   -1.9934   0.0000   -0.1714   
 -10.700   -0.1544   0.10772   0.10535   -0.0735   0.9850   0.0173   -2.0042   0.0000   -0.2720   
 -10.600   -0.1485   0.10589   0.10352   -0.0753   0.9839   0.0173   -2.0090   0.0000   -0.3048   
 -10.000   -0.1318   0.09306   0.09071   -0.0837   0.9693   0.0165   -2.1904   0.0000   -0.4374   
 -9.900   -0.1309   0.09065   0.08830   -0.0853   0.9658   0.0161   -2.2489   0.0000   -0.4546   
 -9.800   -0.1286   0.08816   0.08581   -0.0874   0.9632   0.0158   -2.3053   0.0000   -0.4829   
 -9.700   -0.1274   0.08571   0.08336   -0.0892   0.9592   0.0155   -2.3669   0.0000   -0.5040   
 -9.600   -0.1263   0.08302   0.08067   -0.0913   0.9552   0.0153   -2.4426   0.0000   -0.5272   
 -9.500   -0.1252   0.07980   0.07745   -0.0942   0.9523   0.0150   -2.5461   0.0000   -0.5573   
 -9.400   -0.1258   0.07572   0.07337   -0.0982   0.9498   0.0147   -2.7140   0.0000   -0.5855   
 -9.300   -0.1338   0.06938   0.06703   -0.1043   0.9452   0.0144   -3.0556   0.0000   -0.5817   
 -9.200   -0.2021   0.02064   0.01650   -0.1765   0.9083   0.0141   -5.6009   0.0000   -0.6615   
 -9.100   -0.1873   0.01985   0.01558   -0.1784   0.9042   0.0144   -5.5180   0.0000   -0.7425   
 -9.000   -0.1718   0.01920   0.01481   -0.1801   0.9005   0.0148   -5.4222   0.0000   -0.8418   
 -8.900   -0.1559   0.01868   0.01418   -0.1817   0.8972   0.0151   -5.3175   0.0000   -0.9631   
 -8.800   -0.1441   0.01831   0.01374   -0.1824   0.8929   0.0154   -5.2250   0.0000   -1.0667   
 -8.700   -0.1319   0.01799   0.01334   -0.1831   0.8885   0.0156   -5.1281   0.0000   -1.1927   
 -8.600   -0.1188   0.01770   0.01298   -0.1838   0.8845   0.0159   -5.0258   0.0000   -1.3568   
 -8.500   -0.1052   0.01744   0.01264   -0.1847   0.8807   0.0161   -4.9201   0.0000   -1.5718   
 -8.400   -0.0912   0.01720   0.01233   -0.1855   0.8772   0.0163   -4.8125   0.0000   -1.8590   
 -8.300   -0.0796   0.01699   0.01206   -0.1859   0.8733   0.0164   -4.7157   0.0000   -2.1698   
 -8.200   -0.0688   0.01678   0.01181   -0.1861   0.8691   0.0165   -4.6226   0.0000   -2.5541   
 -8.100   -0.0572   0.01658   0.01155   -0.1865   0.8650   0.0167   -4.5273   0.0000   -3.1266   
 -8.000   -0.0450   0.01637   0.01128   -0.1869   0.8611   0.0168   -4.4309   0.0000   -4.0431   
 -7.900   -0.0325   0.01616   0.01100   -0.1874   0.8575   0.0168   -4.3343   0.0000   -5.7085   
 -7.800   -0.0197   0.01597   0.01074   -0.1880   0.8542   0.0169   -4.2362   0.0000   -9.5882   
 -7.700   -0.0086   0.01587   0.01061   -0.1881   0.8510   0.0170   -4.1396   0.0000   -22.4101   
 -7.600   0.0025   0.01575   0.01047   -0.1883   0.8476   0.0171   -4.0453   0.0000   78.7853   
 -7.500   0.0139   0.01553   0.01020   -0.1885   0.8442   0.0171   -3.9576   0.0000   14.2381   
 -7.400   0.0257   0.01520   0.00979   -0.1889   0.8408   0.0171   -3.8769   0.0000   7.8349   
 -7.300   0.0377   0.01491   0.00941   -0.1894   0.8377   0.0171   -3.7941   0.0000   5.4248   
 -7.200   0.0500   0.01464   0.00907   -0.1898   0.8347   0.0171   -3.7092   0.0000   4.1646   
 -7.100   0.0624   0.01441   0.00877   -0.1903   0.8319   0.0171   -3.6225   0.0000   3.3908   
 -7.000   0.0748   0.01420   0.00849   -0.1907   0.8291   0.0171   -3.5351   0.0000   2.8754   
 -6.900   0.0860   0.01400   0.00823   -0.1909   0.8268   0.0171   -3.4496   0.0000   2.5333   
 -6.800   0.0974   0.01382   0.00802   -0.1911   0.8242   0.0172   -3.3659   0.0000   2.2670   
 -6.700   0.1090   0.01365   0.00782   -0.1913   0.8215   0.0172   -3.2814   0.0000   2.0545   
 -6.600   0.1206   0.01351   0.00764   -0.1915   0.8186   0.0172   -3.1964   0.0000   1.8812   
 -6.500   0.1324   0.01338   0.00747   -0.1918   0.8156   0.0172   -3.1110   0.0000   1.7377   
 -6.400   0.1442   0.01328   0.00733   -0.1920   0.8125   0.0173   -3.0251   0.0000   1.6168   
 -6.300   0.1560   0.01320   0.00721   -0.1922   0.8093   0.0173   -2.9387   0.0000   1.5137   
 -6.200   0.1679   0.01317   0.00713   -0.1924   0.8060   0.0173   -2.8511   0.0000   1.4246   
 -6.100   0.1794   0.01313   0.00709   -0.1925   0.8029   0.0174   -2.7652   0.0000   1.3495   
 -6.000   0.1910   0.01289   0.00682   -0.1927   0.8000   0.0175   -2.6912   0.0000   1.2837   
 -5.900   0.2028   0.01267   0.00655   -0.1930   0.7967   0.0176   -2.6171   0.0000   1.2247   
 -5.800   0.2147   0.01245   0.00628   -0.1933   0.7931   0.0177   -2.5429   0.0000   1.1715   
 -5.700   0.2268   0.01225   0.00602   -0.1936   0.7895   0.0178   -2.4688   0.0000   1.1234   
 -5.600   0.2391   0.01206   0.00577   -0.1940   0.7858   0.0180   -2.3948   0.0000   1.0797   
 -5.500   0.2515   0.01190   0.00554   -0.1944   0.7820   0.0181   -2.3288   0.0000   1.0400   
 -5.400   0.2642   0.01175   0.00532   -0.1948   0.7777   0.0184   -2.2829   0.0000   1.0032   
 -5.300   0.2760   0.01157   0.00512   -0.1951   0.7748   0.0186   -2.2389   0.0000   0.9717   
 -5.200   0.2879   0.01140   0.00493   -0.1953   0.7712   0.0190   -2.1942   0.0000   0.9424   
 -5.100   0.2999   0.01126   0.00476   -0.1956   0.7671   0.0193   -2.1485   0.0000   0.9154   
 -5.000   0.3118   0.01115   0.00461   -0.1958   0.7629   0.0198   -2.1015   0.0000   0.8903   
 -4.900   0.3237   0.01106   0.00448   -0.1960   0.7587   0.0203   -2.0529   0.0000   0.8672   
 -4.800   0.3355   0.01100   0.00438   -0.1962   0.7545   0.0208   -2.0025   0.0000   0.8457   
 -4.700   0.3472   0.01096   0.00430   -0.1963   0.7502   0.0213   -1.9503   0.0000   0.8258   
 -4.600   0.3589   0.01088   0.00423   -0.1965   0.7472   0.0218   -1.8968   0.0000   0.8072   
 -4.500   0.3706   0.01081   0.00416   -0.1966   0.7438   0.0223   -1.8426   0.0000   0.7898   
 -4.400   0.3822   0.01076   0.00410   -0.1967   0.7403   0.0227   -1.7878   0.0000   0.7735   
 -4.300   0.3938   0.01072   0.00403   -0.1968   0.7367   0.0233   -1.7318   0.0000   0.7582   
 -4.200   0.4056   0.01067   0.00395   -0.1970   0.7333   0.0236   -1.6803   0.0000   0.7436   
 -4.100   0.4174   0.01062   0.00387   -0.1972   0.7300   0.0239   -1.6298   0.0000   0.7298   
 -4.000   0.4292   0.01057   0.00378   -0.1973   0.7267   0.0242   -1.5805   0.0000   0.7167   
 -3.900   0.4412   0.01053   0.00370   -0.1975   0.7236   0.0244   -1.5319   0.0000   0.7043   
 -3.800   0.4532   0.01049   0.00364   -0.1978   0.7208   0.0248   -1.4824   0.0000   0.6925   
 -3.700   0.4651   0.01044   0.00360   -0.1979   0.7191   0.0254   -1.4281   0.0000   0.6814   
 -3.600   0.4767   0.01042   0.00359   -0.1980   0.7171   0.0262   -1.3726   0.0000   0.6709   
 -3.500   0.4882   0.01041   0.00359   -0.1981   0.7150   0.0268   -1.3176   0.0000   0.6610   
 -3.400   0.5015   0.01025   0.00341   -0.1987   0.7126   0.0277   -1.2757   0.0000   0.6510   
 -3.300   0.5143   0.01013   0.00327   -0.1991   0.7100   0.0286   -1.2340   0.0000   0.6417   
 -3.200   0.5267   0.01006   0.00318   -0.1994   0.7073   0.0293   -1.1913   0.0000   0.6328   
 -3.100   0.5389   0.01000   0.00310   -0.1996   0.7045   0.0295   -1.1503   0.0000   0.6244   
 -3.000   0.5510   0.00995   0.00302   -0.1998   0.7017   0.0296   -1.1102   0.0000   0.6163   
 -2.900   0.5631   0.00991   0.00295   -0.2000   0.6988   0.0298   -1.0703   0.0000   0.6086   
 -2.800   0.5750   0.00988   0.00288   -0.2001   0.6960   0.0300   -1.0307   0.0000   0.6013   
 -2.700   0.5869   0.00986   0.00282   -0.2003   0.6931   0.0303   -0.9912   0.0000   0.5942   
 -2.600   0.5988   0.00983   0.00277   -0.2004   0.6906   0.0306   -0.9518   0.0000   0.5874   
 -2.500   0.6110   0.00979   0.00272   -0.2006   0.6884   0.0310   -0.9121   0.0000   0.5809   
 -2.400   0.6230   0.00975   0.00267   -0.2008   0.6861   0.0314   -0.8812   0.0000   0.5746   
 -2.300   0.6351   0.00972   0.00260   -0.2010   0.6836   0.0320   -0.8899   0.0000   0.5685   
 -2.200   0.6470   0.00970   0.00256   -0.2011   0.6809   0.0327   -0.8986   0.0000   0.5627   
 -2.100   0.6588   0.00968   0.00253   -0.2012   0.6781   0.0336   -0.9072   0.0000   0.5571   
 -2.000   0.6705   0.00967   0.00249   -0.2013   0.6753   0.0345   -0.9158   0.0000   0.5517   
 -1.900   0.6821   0.00967   0.00245   -0.2014   0.6723   0.0355   -0.9244   0.0000   0.5465   
 -1.800   0.6936   0.00967   0.00242   -0.2014   0.6693   0.0364   -0.9329   0.0000   0.5415   
 -1.700   0.7050   0.00968   0.00239   -0.2015   0.6661   0.0372   -0.9414   0.0000   0.5367   
 -1.600   0.7164   0.00970   0.00237   -0.2015   0.6629   0.0382   -0.9500   0.0000   0.5320   
 -1.500   0.7280   0.00971   0.00235   -0.2016   0.6601   0.0393   -0.9600   0.0000   0.5275   
 -1.400   0.7398   0.00969   0.00233   -0.2017   0.6582   0.0401   -0.9702   0.0000   0.5230   
 -1.300   0.7516   0.00968   0.00232   -0.2018   0.6559   0.0409   -0.9804   0.0000   0.5187   
 -1.200   0.7633   0.00967   0.00231   -0.2019   0.6532   0.0416   -0.9906   0.0000   0.5146   
 -1.100   0.7749   0.00967   0.00230   -0.2020   0.6501   0.0423   -1.0008   0.0000   0.5105   
 -1.000   0.7865   0.00967   0.00229   -0.2021   0.6468   0.0430   -1.0109   0.0000   0.5066   
 -0.900   0.7979   0.00968   0.00228   -0.2021   0.6432   0.0438   -1.0210   0.0000   0.5028   
 -0.800   0.8092   0.00970   0.00227   -0.2021   0.6394   0.0448   -1.0310   0.0000   0.4991   
 -0.700   0.8204   0.00972   0.00227   -0.2021   0.6356   0.0456   -1.0410   0.0000   0.4956   
 -0.600   0.8314   0.00975   0.00227   -0.2021   0.6319   0.0463   -1.0509   0.0000   0.4921   
 -0.500   0.8426   0.00978   0.00227   -0.2021   0.6285   0.0471   -1.0608   0.0000   0.4887   
 -0.400   0.8542   0.00978   0.00228   -0.2021   0.6256   0.0480   -1.0711   0.0000   0.4854   
 -0.300   0.8658   0.00979   0.00229   -0.2022   0.6224   0.0491   -1.0813   0.0000   0.4822   
 -0.200   0.8772   0.00980   0.00230   -0.2023   0.6190   0.0503   -1.0915   0.0000   0.4790   
 -0.100   0.8886   0.00981   0.00232   -0.2023   0.6153   0.0518   -1.1016   0.0000   0.4760   
 0.000   0.8998   0.00983   0.00233   -0.2023   0.6115   0.0630   -1.1116   0.0000   0.4730   
 0.100   0.9108   0.00987   0.00235   -0.2023   0.6075   0.0654   -1.1216   0.0000   0.4701   
 0.200   0.9216   0.00991   0.00237   -0.2022   0.6035   0.0686   -1.1314   0.0000   0.4673   
 0.300   0.9327   0.00994   0.00240   -0.2022   0.5995   0.0767   -1.1414   0.0000   0.4645   
 0.400   0.9445   0.00993   0.00243   -0.2024   0.5964   0.0885   -1.1518   0.0000   0.4618   
 0.500   0.9563   0.00993   0.00246   -0.2025   0.5937   0.1052   -1.1622   0.0000   0.4592   
 0.600   0.9691   0.00986   0.00248   -0.2030   0.5903   0.1385   -1.1733   0.0000   0.4567   
 0.700   0.9815   0.00982   0.00251   -0.2033   0.5856   0.1660   -1.1856   0.0000   0.4543   
 0.800   0.9944   0.00973   0.00254   -0.2039   0.5781   0.2224   -1.1987   0.0000   0.4520   
 0.900   1.0094   0.00952   0.00263   -0.2052   0.5680   0.3648   -1.2132   0.0000   0.4501   
 1.000   1.0204   0.00956   0.00270   -0.2052   0.5602   0.3881   -1.2252   0.0000   0.4478   
 1.100   1.0314   0.00960   0.00276   -0.2052   0.5522   0.4102   -1.2372   0.0000   0.4455   
 1.200   1.0420   0.00966   0.00283   -0.2052   0.5441   0.4370   -1.2489   0.0000   0.4433   
 1.300   1.0524   0.00973   0.00294   -0.2051   0.5363   0.4686   -1.2613   0.0000   0.4411   
 1.400   1.0635   0.00978   0.00304   -0.2051   0.5309   0.4971   -1.2756   0.0000   0.4390   
 1.500   1.0749   0.00980   0.00313   -0.2052   0.5257   0.5175   -1.2904   0.0000   0.4368   
 1.600   1.0856   0.00987   0.00320   -0.2051   0.5180   0.5308   -1.3045   0.0000   0.4347   
 1.700   1.0957   0.00997   0.00328   -0.2049   0.5079   0.5392   -1.3183   0.0000   0.4327   
 1.800   1.1051   0.01011   0.00337   -0.2046   0.4983   0.5445   -1.3315   0.0000   0.4306   
 1.900   1.1153   0.01020   0.00345   -0.2044   0.4910   0.5499   -1.3454   0.0000   0.4286   
 2.000   1.1253   0.01031   0.00352   -0.2041   0.4835   0.5554   -1.3591   0.0000   0.4267   
 2.100   1.1350   0.01044   0.00360   -0.2039   0.4762   0.5608   -1.3726   0.0000   0.4247   
 2.200   1.1445   0.01058   0.00369   -0.2036   0.4691   0.5653   -1.3860   0.0000   0.4228   
 2.300   1.1553   0.01063   0.00381   -0.2035   0.4648   0.5743   -1.4004   0.0000   0.4210   
 2.400   1.1661   0.01068   0.00389   -0.2034   0.4600   0.5822   -1.4148   0.0000   0.4191   
 2.500   1.1765   0.01077   0.00397   -0.2033   0.4527   0.5901   -1.4306   0.0000   0.4173   
 2.600   1.1861   0.01091   0.00407   -0.2030   0.4424   0.5965   -1.4471   0.0000   0.4155   
 2.700   1.1952   0.01106   0.00418   -0.2026   0.4330   0.6041   -1.4631   0.0000   0.4138   
 2.800   1.2050   0.01118   0.00430   -0.2023   0.4266   0.6117   -1.4798   0.0000   0.4120   
 2.900   1.2146   0.01130   0.00440   -0.2020   0.4201   0.6187   -1.4964   0.0000   0.4103   
 3.000   1.2240   0.01145   0.00451   -0.2017   0.4135   0.6246   -1.5143   0.0000   0.4086   
 3.100   1.2332   0.01162   0.00461   -0.2014   0.4067   0.6290   -1.5344   0.0000   0.4070   
 3.200   1.2432   0.01171   0.00471   -0.2012   0.4015   0.6349   -1.5552   0.0000   0.4053   
 3.300   1.2539   0.01176   0.00479   -0.2011   0.3978   0.6398   -1.5768   0.0000   0.4038   
 3.400   1.2642   0.01183   0.00487   -0.2009   0.3921   0.6439   -1.5982   0.0000   0.4022   
 3.500   1.2738   0.01196   0.00497   -0.2007   0.3824   0.6474   -1.6188   0.0000   0.4006   
 3.600   1.2821   0.01217   0.00511   -0.2002   0.3705   0.6506   -1.6381   0.0000   0.3991   
 3.700   1.2915   0.01232   0.00522   -0.1999   0.3637   0.6537   -1.6585   0.0000   0.3976   
 3.800   1.3008   0.01247   0.00533   -0.1995   0.3571   0.6567   -1.6850   0.0000   0.3961   
 3.900   1.3098   0.01264   0.00544   -0.1992   0.3504   0.6593   -1.7154   0.0000   0.3946   
 4.000   1.3189   0.01280   0.00560   -0.1988   0.3436   0.6623   -1.7458   0.0000   0.3931   
 4.100   1.3286   0.01290   0.00571   -0.1986   0.3383   0.6661   -1.7775   0.0000   0.3917   
 4.200   1.3389   0.01297   0.00579   -0.1985   0.3347   0.6696   -1.8103   0.0000   0.3903   
 4.300   1.3489   0.01306   0.00589   -0.1983   0.3284   0.6730   -1.8427   0.0000   0.3889   
 4.400   1.3574   0.01325   0.00604   -0.1978   0.3149   0.6763   -1.8730   0.0000   0.3875   
 4.500   1.3650   0.01350   0.00621   -0.1973   0.3040   0.6795   -1.9020   0.0000   0.3861   
 4.600   1.3734   0.01370   0.00636   -0.1968   0.2963   0.6828   -1.9324   0.0000   0.3848   
 4.700   1.3817   0.01390   0.00651   -0.1963   0.2888   0.6860   -1.9626   0.0000   0.3834   
 4.800   1.3899   0.01411   0.00666   -0.1959   0.2811   0.6890   -1.9929   0.0000   0.3821   
 5.000   1.4092   0.01432   0.00688   -0.1954   0.2717   0.6960   -2.0585   0.0000   0.3795   
 5.100   1.4179   0.01447   0.00703   -0.1950   0.2616   0.6998   -2.0900   0.0000   0.3782   
 5.200   1.4239   0.01480   0.00728   -0.1941   0.2466   0.7035   -2.1171   0.0000   0.3769   
 5.300   1.4315   0.01503   0.00746   -0.1935   0.2399   0.7073   -2.1469   0.0000   0.3756   
 5.400   1.4391   0.01525   0.00764   -0.1930   0.2335   0.7113   -2.1768   0.0000   0.3743   
 5.500   1.4466   0.01548   0.00783   -0.1924   0.2268   0.7154   -2.2067   0.0000   0.3731   
 5.600   1.4550   0.01564   0.00798   -0.1919   0.2217   0.7194   -2.2383   0.0000   0.3719   
 5.700   1.4642   0.01575   0.00810   -0.1916   0.2179   0.7239   -2.2711   0.0000   0.3706   
 5.800   1.4718   0.01595   0.00829   -0.1910   0.2061   0.7289   -2.3015   0.0000   0.3694   
 5.900   1.4741   0.01642   0.00866   -0.1895   0.1891   0.7338   -2.3230   0.0000   0.3681   
 6.000   1.4777   0.01679   0.00894   -0.1882   0.1792   0.7391   -2.3468   0.0000   0.3667   
 6.100   1.4828   0.01708   0.00919   -0.1872   0.1695   0.7446   -2.3731   0.0000   0.3654   
 6.200   1.4897   0.01729   0.00938   -0.1865   0.1608   0.7499   -2.4027   0.0000   0.3642   
 6.300   1.4913   0.01778   0.00978   -0.1849   0.1423   0.7554   -2.4231   0.0000   0.3629   
 6.400   1.4896   0.01846   0.01034   -0.1829   0.1217   0.7609   -2.4378   0.0000   0.3615   
 6.500   1.4929   0.01887   0.01071   -0.1816   0.1033   0.7672   -2.4615   0.0000   0.3602   
 6.600   1.4962   0.01928   0.01106   -0.1804   0.0982   0.7737   -2.4851   0.0000   0.3590   
 6.700   1.5006   0.01963   0.01137   -0.1793   0.0938   0.7801   -2.5104   0.0000   0.3577   
 6.800   1.5063   0.01989   0.01163   -0.1785   0.0905   0.7873   -2.5381   0.0000   0.3566   
 6.900   1.5127   0.02012   0.01188   -0.1777   0.0875   0.7952   -2.5669   0.0000   0.3554   
 7.000   1.5195   0.02033   0.01211   -0.1771   0.0851   0.8033   -2.5965   0.0000   0.3543   
 7.100   1.5266   0.02050   0.01233   -0.1764   0.0840   0.8119   -2.6269   0.0000   0.3532   
 7.200   1.5337   0.02068   0.01254   -0.1758   0.0833   0.8221   -2.6577   0.0000   0.3521   
 7.300   1.5408   0.02086   0.01276   -0.1752   0.0823   0.8329   -2.6883   0.0000   0.3510   
 7.400   1.5475   0.02103   0.01298   -0.1745   0.0811   0.8464   -2.7183   0.0000   0.3499   
 7.500   1.5536   0.02121   0.01321   -0.1737   0.0795   0.8633   -2.7474   0.0000   0.3487   
 7.600   1.5576   0.02136   0.01343   -0.1725   0.0770   0.8926   -2.7728   0.0000   0.3475   
 7.700   1.5557   0.02146   0.01359   -0.1701   0.0741   1.0000   -2.7878   0.0000   0.3459   
 7.800   1.5594   0.02191   0.01400   -0.1691   0.0665   1.0000   -2.8134   0.0000   0.3449   
 7.900   1.5644   0.02228   0.01434   -0.1683   0.0651   1.0000   -2.8410   0.0000   0.3438   
 8.000   1.5689   0.02269   0.01472   -0.1675   0.0637   1.0000   -2.8679   0.0000   0.3428   
 8.100   1.5732   0.02311   0.01511   -0.1666   0.0621   1.0000   -2.8943   0.0000   0.3418   
 8.200   1.5776   0.02354   0.01552   -0.1657   0.0602   1.0000   -2.9206   0.0000   0.3408   
 8.300   1.5823   0.02395   0.01591   -0.1650   0.0582   1.0000   -2.9475   0.0000   0.3398   
 8.400   1.5876   0.02433   0.01628   -0.1642   0.0565   1.0000   -2.9750   0.0000   0.3388   
 8.500   1.5929   0.02470   0.01666   -0.1636   0.0549   1.0000   -3.0026   0.0000   0.3379   
 8.600   1.5982   0.02508   0.01704   -0.1629   0.0535   1.0000   -3.0302   0.0000   0.3369   
 8.700   1.6037   0.02545   0.01742   -0.1622   0.0522   1.0000   -3.0579   0.0000   0.3360   
 8.800   1.6096   0.02579   0.01777   -0.1616   0.0516   1.0000   -3.0891   0.0000   0.3351   
 8.900   1.6156   0.02612   0.01813   -0.1611   0.0512   1.0000   -3.1226   0.0000   0.3342   
 9.000   1.6214   0.02647   0.01850   -0.1605   0.0508   1.0000   -3.1555   0.0000   0.3333   
 9.100   1.6270   0.02685   0.01894   -0.1599   0.0510   1.0000   -3.1821   0.0000   0.3324   
 9.200   1.6327   0.02721   0.01933   -0.1593   0.0507   1.0000   -3.2132   0.0000   0.3315   
 9.300   1.6381   0.02759   0.01973   -0.1587   0.0503   1.0000   -3.2446   0.0000   0.3306   
 9.400   1.6433   0.02799   0.02016   -0.1581   0.0498   1.0000   -3.2759   0.0000   0.3297   
 9.500   1.6484   0.02840   0.02059   -0.1575   0.0492   1.0000   -3.3072   0.0000   0.3289   
 9.600   1.6534   0.02883   0.02104   -0.1569   0.0484   1.0000   -3.3385   0.0000   0.3280   
 9.700   1.6581   0.02929   0.02152   -0.1563   0.0475   1.0000   -3.3696   0.0000   0.3272   
 9.800   1.6623   0.02979   0.02203   -0.1556   0.0463   1.0000   -3.4000   0.0000   0.3264   
 9.900   1.6661   0.03033   0.02258   -0.1549   0.0450   1.0000   -3.4301   0.0000   0.3256   
 10.000   1.6695   0.03091   0.02316   -0.1542   0.0435   1.0000   -3.4608   0.0000   0.3247   
 10.100   1.6722   0.03156   0.02381   -0.1534   0.0418   1.0000   -3.4937   0.0000   0.3239   
 10.200   1.6743   0.03227   0.02452   -0.1526   0.0399   1.0000   -3.5248   0.0000   0.3232   
 10.300   1.6772   0.03292   0.02517   -0.1519   0.0381   1.0000   -3.5577   0.0000   0.3224   
 10.400   1.6820   0.03341   0.02566   -0.1514   0.0372   1.0000   -3.5957   0.0000   0.3216   
 10.500   1.6863   0.03395   0.02620   -0.1509   0.0355   1.0000   -3.6320   0.0000   0.3209   
 10.600   1.6892   0.03462   0.02686   -0.1502   0.0322   1.0000   -3.6642   0.0000   0.3201   
 10.700   1.6866   0.03579   0.02797   -0.1492   0.0255   1.0000   -3.6831   0.0000   0.3194   
 10.800   1.6850   0.03689   0.02902   -0.1482   0.0215   1.0000   -3.7035   0.0000   0.3187   
 10.900   1.6838   0.03797   0.03007   -0.1473   0.0171   1.0000   -3.7245   0.0000   0.3181   
 11.000   1.6818   0.03914   0.03125   -0.1464   0.0098   1.0000   -3.7458   0.0000   0.3174   
 11.100   1.6769   0.04061   0.03270   -0.1453   0.0064   1.0000   -3.7465   0.0000   0.3168   
 11.200   1.6784   0.04147   0.03360   -0.1446   0.0045   1.0000   -3.7777   0.0000   0.3161   
 11.300   1.6805   0.04229   0.03445   -0.1441   0.0044   1.0000   -3.8087   0.0000   0.3155   
 11.400   1.6826   0.04310   0.03529   -0.1435   0.0042   1.0000   -3.8395   0.0000   0.3148   
 11.500   1.6848   0.04389   0.03612   -0.1430   0.0041   1.0000   -3.8704   0.0000   0.3142   
 11.600   1.6871   0.04469   0.03694   -0.1424   0.0040   1.0000   -3.9015   0.0000   0.3135   
 11.700   1.6892   0.04552   0.03781   -0.1419   0.0039   1.0000   -3.9317   0.0000   0.3129   
 11.800   1.6910   0.04640   0.03873   -0.1414   0.0038   1.0000   -3.9608   0.0000   0.3123   
 11.900   1.6929   0.04727   0.03963   -0.1410   0.0037   1.0000   -3.9904   0.0000   0.3117   
 12.000   1.6950   0.04814   0.04056   -0.1405   0.0036   1.0000   -4.0200   0.0000   0.3111   
 12.100   1.6972   0.04900   0.04146   -0.1400   0.0036   1.0000   -4.0500   0.0000   0.3105   
 12.200   1.6996   0.04985   0.04235   -0.1396   0.0035   1.0000   -4.0805   0.0000   0.3099   
 12.300   1.7017   0.05075   0.04328   -0.1392   0.0035   1.0000   -4.1101   0.0000   0.3094   
 12.400   1.7033   0.05172   0.04429   -0.1388   0.0034   1.0000   -4.1382   0.0000   0.3088   
 12.500   1.7050   0.05269   0.04529   -0.1384   0.0034   1.0000   -4.1919   0.0000   0.3083   
 12.600   1.7069   0.05363   0.04628   -0.1380   0.0034   1.0000   -4.2481   0.0000   0.3078   
 12.700   1.7090   0.05457   0.04725   -0.1377   0.0033   1.0000   -4.3049   0.0000   0.3073   
 12.800   1.7110   0.05551   0.04824   -0.1373   0.0033   1.0000   -4.3620   0.0000   0.3067   
 12.900   1.7125   0.05653   0.04930   -0.1370   0.0033   1.0000   -4.4167   0.0000   0.3062   
 13.000   1.7135   0.05762   0.05043   -0.1367   0.0033   1.0000   -4.4691   0.0000   0.3058   
 13.100   1.7149   0.05868   0.05153   -0.1364   0.0033   1.0000   -4.5231   0.0000   0.3053   
 13.200   1.7164   0.05972   0.05260   -0.1361   0.0033   1.0000   -4.5782   0.0000   0.3048   
 13.300   1.7180   0.06074   0.05367   -0.1358   0.0033   1.0000   -4.6338   0.0000   0.3044   
 13.400   1.7196   0.06178   0.05474   -0.1355   0.0033   1.0000   -4.6897   0.0000   0.3039   
 13.500   1.7210   0.06283   0.05584   -0.1353   0.0032   1.0000   -4.7446   0.0000   0.3035   
 13.600   1.7216   0.06403   0.05708   -0.1350   0.0032   1.0000   -4.7951   0.0000   0.3031   
 13.700   1.7221   0.06524   0.05834   -0.1348   0.0032   1.0000   -4.8452   0.0000   0.3027   
 13.800   1.7229   0.06642   0.05955   -0.1346   0.0032   1.0000   -4.8968   0.0000   0.3023   
 13.900   1.7237   0.06757   0.06075   -0.1344   0.0032   1.0000   -4.9489   0.0000   0.3019   
 14.000   1.7247   0.06873   0.06194   -0.1342   0.0032   1.0000   -5.0015   0.0000   0.3015   
 14.100   1.7254   0.06992   0.06317   -0.1340   0.0032   1.0000   -5.0530   0.0000   0.3011   
 14.200   1.7252   0.07126   0.06457   -0.1339   0.0032   1.0000   -5.0989   0.0000   0.3008   
 14.300   1.7250   0.07260   0.06595   -0.1338   0.0032   1.0000   -5.1454   0.0000   0.3005   
 14.400   1.7253   0.07388   0.06727   -0.1337   0.0032   1.0000   -5.1942   0.0000   0.3002   
 14.500   1.7257   0.07513   0.06856   -0.1335   0.0033   1.0000   -5.2439   0.0000   0.2999   
 14.600   1.7261   0.07638   0.06985   -0.1334   0.0033   1.0000   -5.2935   0.0000   0.2996   
 14.700   1.7263   0.07764   0.07116   -0.1333   0.0033   1.0000   -5.3423   0.0000   0.2992   
 14.800   1.7258   0.07902   0.07258   -0.1333   0.0033   1.0000   -5.3867   0.0000   0.2990   
 14.900   1.7245   0.08053   0.07414   -0.1332   0.0033   1.0000   -5.4270   0.0000   0.2988   
 15.000   1.7237   0.08196   0.07562   -0.1332   0.0033   1.0000   -5.4696   0.0000   0.2986   
 15.100   1.7232   0.08336   0.07705   -0.1332   0.0033   1.0000   -5.5142   0.0000   0.2983   
 15.200   1.7229   0.08474   0.07848   -0.1332   0.0033   1.0000   -5.5595   0.0000   0.2981   
 15.300   1.7224   0.08616   0.07995   -0.1332   0.0033   1.0000   -5.6038   0.0000   0.2979   
 15.400   1.7206   0.08781   0.08165   -0.1333   0.0033   1.0000   -5.6410   0.0000   0.2978   
 15.500   1.7191   0.08943   0.08331   -0.1334   0.0033   1.0000   -5.6790   0.0000   0.2977   
 15.600   1.7182   0.09095   0.08488   -0.1335   0.0033   1.0000   -5.7207   0.0000   0.2975   
 15.700   1.7176   0.09242   0.08643   -0.1336   0.0034   1.0000   -5.7667   0.0000   0.2973   
 15.800   1.7170   0.09391   0.08796   -0.1337   0.0034   1.0000   -5.8101   0.0000   0.2972   
 15.900   1.7162   0.09543   0.08953   -0.1339   0.0034   1.0000   -5.8522   0.0000   0.2971   
 16.000   1.7143   0.09714   0.09129   -0.1341   0.0034   1.0000   -5.8878   0.0000   0.2970   
 16.100   1.7121   0.09894   0.09315   -0.1344   0.0034   1.0000   -5.9210   0.0000   0.2970   
 16.200   1.7105   0.10063   0.09489   -0.1347   0.0034   1.0000   -5.9576   0.0000   0.2970   
 16.300   1.7092   0.10228   0.09658   -0.1349   0.0034   1.0000   -5.9954   0.0000   0.2970   
 16.400   1.7078   0.10391   0.09826   -0.1352   0.0034   1.0000   -6.0333   0.0000   0.2969   
 16.500   1.7060   0.10565   0.10005   -0.1355   0.0035   1.0000   -6.0677   0.0000   0.2970   
 16.600   1.7032   0.10759   0.10204   -0.1360   0.0035   1.0000   -6.0958   0.0000   0.2971   
 16.700   1.7011   0.10939   0.10389   -0.1364   0.0035   1.0000   -6.1280   0.0000   0.2972   
 16.800   1.6995   0.11110   0.10565   -0.1368   0.0035   1.0000   -6.1628   0.0000   0.2972   
 16.900   1.6979   0.11279   0.10739   -0.1372   0.0035   1.0000   -6.1979   0.0000   0.2973   
 17.000   1.6964   0.11449   0.10914   -0.1376   0.0035   1.0000   -6.2329   0.0000   0.2973   
 17.100   1.6944   0.11628   0.11099   -0.1381   0.0036   1.0000   -6.2645   0.0000   0.2975   
 17.200   1.6909   0.11836   0.11312   -0.1387   0.0036   1.0000   -6.2862   0.0000   0.2978   
 17.300   1.6881   0.12031   0.11512   -0.1393   0.0036   1.0000   -6.3118   0.0000   0.2980   
 17.400   1.6857   0.12217   0.11703   -0.1399   0.0036   1.0000   -6.3398   0.0000   0.2982   
 17.500   1.6836   0.12400   0.11892   -0.1405   0.0036   1.0000   -6.3688   0.0000   0.2984   
 17.600   1.6808   0.12596   0.12093   -0.1412   0.0036   1.0000   -6.3932   0.0000   0.2987   
 17.700   1.6769   0.12815   0.12318   -0.1420   0.0037   1.0000   -6.4094   0.0000   0.2991   
 17.800   1.6740   0.13014   0.12522   -0.1427   0.0037   1.0000   -6.4318   0.0000   0.2994   
 17.900   1.6716   0.13203   0.12716   -0.1434   0.0037   1.0000   -6.4574   0.0000   0.2997   
 18.000   1.6694   0.13388   0.12906   -0.1441   0.0037   1.0000   -6.4842   0.0000   0.3000   
 18.100   1.6672   0.13575   0.13099   -0.1449   0.0037   1.0000   -6.5094   0.0000   0.3003   
 18.200   1.6639   0.13783   0.13313   -0.1457   0.0037   1.0000   -6.5273   0.0000   0.3007   
 18.300   1.6599   0.14006   0.13542   -0.1467   0.0038   1.0000   -6.5393   0.0000   0.3013   
 18.400   1.6570   0.14209   0.13750   -0.1476   0.0038   1.0000   -6.5580   0.0000   0.3017   
 18.500   1.6544   0.14405   0.13951   -0.1485   0.0038   1.0000   -6.5790   0.0000   0.3021   
 18.600   1.6519   0.14601   0.14153   -0.1494   0.0038   1.0000   -6.5994   0.0000   0.3025   
 18.700   1.6480   0.14821   0.14378   -0.1505   0.0038   1.0000   -6.6088   0.0000   0.3032   
 18.800   1.6444   0.15028   0.14591   -0.1516   0.0038   1.0000   -6.6197   0.0000   0.3038   
 18.900   1.6420   0.15212   0.14781   -0.1526   0.0039   1.0000   -6.6380   0.0000   0.3043   
 19.000   1.6398   0.15391   0.14965   -0.1536   0.0039   1.0000   -6.6578   0.0000   0.3047   
 19.100   1.6376   0.15571   0.15150   -0.1546   0.0039   1.0000   -6.6770   0.0000   0.3052   
 19.200   1.6352   0.15757   0.15341   -0.1556   0.0039   1.0000   -6.6940   0.0000   0.3057   
 19.300   1.6315   0.15974   0.15564   -0.1568   0.0039   1.0000   -6.7001   0.0000   0.3064   
 19.400   1.6277   0.16198   0.15794   -0.1581   0.0040   1.0000   -6.7047   0.0000   0.3072   
 19.500   1.6247   0.16407   0.16008   -0.1593   0.0040   1.0000   -6.7152   0.0000   0.3078   
 19.600   1.6220   0.16612   0.16219   -0.1605   0.0040   1.0000   -6.7269   0.0000   0.3084   
 19.700   1.6192   0.16822   0.16434   -0.1617   0.0040   1.0000   -6.7370   0.0000   0.3091   
 19.800   1.6148   0.17071   0.16689   -0.1631   0.0040   1.0000   -6.7338   0.0000   0.3100   
 19.900   1.6114   0.17302   0.16925   -0.1644   0.0041   1.0000   -6.7376   0.0000   0.3108   
 20.000   1.6087   0.17517   0.17146   -0.1657   0.0041   1.0000   -6.7464   0.0000   0.3114   
