XFLR5 v6.02 Beta

 Calculated polar for: WORTMANN FX 63-137

 1 1 Reynolds number fixed          Mach number fixed         

 xtrf =   1.000 (top)        1.000 (bottom)
 Mach =   0.000     Re =    26.250 e 6     Ncrit =   9.000

  alpha     CL        CD       CDp       CM    Top Xtr Bot Xtr   Cpmin    Chinge    XCp    
 ------- -------- --------- --------- -------- ------- ------- -------- --------- ---------
 -21.500  -1.0660   0.06920   0.06631  -0.1373  0.6126  0.0024  -23.9734   0.0000   0.0837
 -21.000  -1.1338   0.05370   0.05067  -0.1492  0.6265  0.0024  -24.9899   0.0000   0.0834
 -20.500  -1.1706   0.04272   0.03953  -0.1582  0.6179  0.0024  -25.3473   0.0000   0.0820
 -20.000  -1.1861   0.03507   0.03173  -0.1645  0.5971  0.0025  -25.2666   0.0000   0.0802
 -19.000  -1.1820   0.02483   0.02126  -0.1723  0.5576  0.0026  -24.4333   0.0000   0.0761
 -18.500  -1.1700   0.02113   0.01749  -0.1744  0.5496  0.0027  -23.8322   0.0000   0.0742
 -18.000  -1.1421   0.01815   0.01443  -0.1779  0.5378  0.0028  -23.0277   0.0000   0.0686
 -17.000  -1.0433   0.01432   0.01027  -0.1871  0.4321  0.0030  -20.9027   0.0000   0.0464
 -16.500  -0.9904   0.01337   0.00924  -0.1887  0.4137  0.0032  -19.7946   0.0000   0.0356
 -16.000  -0.9354   0.01254   0.00837  -0.1902  0.4023  0.0033  -18.6835   0.0000   0.0232
 -15.500  -0.8791   0.01183   0.00761  -0.1915  0.4011  0.0034  -17.5842   0.0000   0.0090
 -14.500  -0.7656   0.01072   0.00638  -0.1936  0.3689  0.0036  -15.4583   0.0000  -0.0258
 -14.000  -0.7100   0.01038   0.00587  -0.1942  0.2998  0.0037  -14.4507   0.0000  -0.0464
 -13.500  -0.6519   0.00996   0.00538  -0.1952  0.2784  0.0037  -13.4944   0.0000  -0.0725
 -13.000  -0.5931   0.00955   0.00495  -0.1962  0.2771  0.0038  -12.5943   0.0000  -0.1044
 -12.000  -0.4762   0.00895   0.00419  -0.1979  0.2215  0.0039  -10.8811   0.0000  -0.1908
 -11.500  -0.4166   0.00864   0.00386  -0.1988  0.2243  0.0039  -10.0499   0.0000  -0.2539
 -11.000  -0.3578   0.00842   0.00356  -0.1996  0.1935  0.0040  -9.2599   0.0000  -0.3367
 -10.500  -0.2983   0.00820   0.00328  -0.2004  0.1851  0.0040  -8.4940   0.0000  -0.4539
 -10.000  -0.2386   0.00798   0.00303  -0.2013  0.1771  0.0040  -7.7559   0.0000  -0.6309
  -9.500  -0.1787   0.00777   0.00280  -0.2022  0.1702  0.0041  -7.0493   0.0000  -0.9274
  -9.000  -0.1188   0.00759   0.00258  -0.2030  0.1688  0.0041  -6.3775   0.0000  -1.5240
  -7.500   0.0600   0.00724   0.00211  -0.2052  0.1365  0.0042  -4.5229   0.0000   3.7725
  -7.000   0.1198   0.00715   0.00199  -0.2060  0.1328  0.0043  -4.0474   0.0000   2.0170
  -6.500   0.1795   0.00706   0.00189  -0.2067  0.1283  0.0043  -3.6596   0.0000   1.4304
  -6.000   0.2392   0.00700   0.00180  -0.2074  0.1241  0.0043  -3.2866   0.0000   1.1370
  -5.500   0.2988   0.00694   0.00174  -0.2081  0.1237  0.0044  -2.9273   0.0000   0.9609
  -5.000   0.3583   0.00690   0.00168  -0.2087  0.1233  0.0044  -2.5818   0.0000   0.8435
  -4.500   0.4177   0.00688   0.00165  -0.2093  0.1228  0.0045  -2.2551   0.0000   0.7596
  -4.000   0.4769   0.00687   0.00163  -0.2099  0.1221  0.0045  -1.9425   0.0000   0.6966
  -3.500   0.5345   0.00699   0.00166  -0.2102  0.0945  0.0046  -1.6491   0.0000   0.6481
  -3.000   0.5934   0.00702   0.00167  -0.2107  0.0912  0.0060  -1.3671   0.0000   0.6087
  -2.500   0.6520   0.00705   0.00169  -0.2112  0.0879  0.0066  -1.0992   0.0000   0.5763
  -2.000   0.7105   0.00710   0.00172  -0.2117  0.0843  0.0072  -0.9549   0.0000   0.5493
  -1.500   0.7689   0.00715   0.00176  -0.2121  0.0839  0.0087  -1.0049   0.0000   0.5264
  -1.000   0.8272   0.00721   0.00182  -0.2126  0.0829  0.0146  -1.0572   0.0000   0.5067
  -0.500   0.8851   0.00729   0.00190  -0.2130  0.0821  0.0152  -1.1097   0.0000   0.4895
   0.000   0.9408   0.00755   0.00206  -0.2129  0.0579  0.0155  -1.1609   0.0000   0.4744
   0.500   0.9980   0.00767   0.00217  -0.2131  0.0513  0.0159  -1.2147   0.0000   0.4610
   1.000   1.0552   0.00779   0.00228  -0.2134  0.0538  0.0171  -1.2783   0.0000   0.4490
   1.500   1.1119   0.00792   0.00240  -0.2136  0.0525  0.0173  -1.3536   0.0000   0.4381
   2.000   1.1683   0.00808   0.00255  -0.2137  0.0507  0.0216  -1.4294   0.0000   0.4282
   2.500   1.2196   0.00867   0.00300  -0.2128  0.0036  0.0376  -1.5140   0.0000   0.4191
   3.000   1.2746   0.00890   0.00322  -0.2127  0.0027  0.0383  -1.6255   0.0000   0.4107
   3.500   1.3294   0.00915   0.00344  -0.2126  0.0022  0.0465  -1.7422   0.0000   0.4030
   4.000   1.3837   0.00940   0.00369  -0.2124  0.0026  0.0503  -1.8801   0.0000   0.3959
   4.500   1.4377   0.00967   0.00396  -0.2121  0.0020  0.0665  -2.0568   0.0000   0.3892
   5.000   1.4910   0.00997   0.00424  -0.2118  0.0015  0.0740  -2.2371   0.0000   0.3829
   5.500   1.5440   0.01027   0.00455  -0.2114  0.0013  0.1027  -2.4220   0.0000   0.3770
   6.000   1.5968   0.01058   0.00490  -0.2110  0.0013  0.1550  -2.6111   0.0000   0.3714
   7.000   1.6993   0.01130   0.00564  -0.2097  0.0012  0.2063  -2.9982   0.0000   0.3610
   7.500   1.7499   0.01169   0.00606  -0.2090  0.0012  0.2486  -3.1970   0.0000   0.3561
   8.000   1.7976   0.01215   0.00649  -0.2076  0.0012  0.2264  -3.3952   0.0000   0.3513
   8.500   1.8477   0.01255   0.00699  -0.2070  0.0012  0.3373  -3.6015   0.0000   0.3469
   9.000   1.8942   0.01304   0.00751  -0.2056  0.0012  0.3692  -3.8525   0.0000   0.3425
   9.500   1.9382   0.01359   0.00806  -0.2036  0.0011  0.3866  -4.1277   0.0000   0.3381
  10.000   1.9815   0.01413   0.00872  -0.2018  0.0011  0.4882  -4.6793   0.0000   0.3339
  10.500   2.0102   0.01480   0.00942  -0.1968  0.0011  0.4977  -5.1766   0.0000   0.3290
  11.000   2.0406   0.01559   0.01022  -0.1924  0.0011  0.4996  -5.7046   0.0000   0.3245
  11.500   2.0720   0.01649   0.01116  -0.1885  0.0011  0.5304  -6.2615   0.0000   0.3201
  12.000   2.1001   0.01754   0.01225  -0.1842  0.0010  0.5543  -6.8233   0.0000   0.3159
  12.500   2.1267   0.01878   0.01353  -0.1800  0.0010  0.5650  -7.3943   0.0000   0.3117
  13.000   2.1527   0.02020   0.01501  -0.1760  0.0010  0.6066  -7.9790   0.0000   0.3077
  13.500   2.1770   0.02184   0.01672  -0.1721  0.0009  0.6479  -8.5705   0.0000   0.3039
  14.000   2.1984   0.02375   0.01871  -0.1681  0.0009  0.6892  -9.1597   0.0000   0.3002
  14.500   2.2186   0.02594   0.02096  -0.1644  0.0009  0.7165  -9.7563   0.0000   0.2967
  15.000   2.2377   0.02844   0.02355  -0.1610  0.0009  0.7612  -10.3602   0.0000   0.2933
  15.500   2.2558   0.03129   0.02650  -0.1580  0.0008  0.8221  -10.9730   0.0000   0.2902
  16.000   2.2763   0.03448   0.02993  -0.1561  0.0008  1.0000  -11.6220   0.0000   0.2874
  16.500   2.2869   0.03813   0.03364  -0.1530  0.0008  1.0000  -12.2029   0.0000   0.2845
  17.000   2.2933   0.04224   0.03781  -0.1500  0.0008  1.0000  -12.7595   0.0000   0.2816
  17.500   2.2975   0.04698   0.04262  -0.1474  0.0007  1.0000  -13.3083   0.0000   0.2790
  18.000   2.2997   0.05222   0.04792  -0.1451  0.0006  1.0000  -13.8489   0.0000   0.2766
  19.000   2.2313   0.07251   0.06857  -0.1405  0.0011  1.0000  -14.1762   0.0000   0.2735
  19.500   2.2106   0.08126   0.07747  -0.1400  0.0015  1.0000  -14.4693   0.0000   0.2723


