xflr5 v6.59

 Calculated polar for: WORTMANN FX 63-137 AIRFOIL

 1 1 Reynolds number fixed          Mach number fixed         

 xtrf =   1.000 (top)        1.000 (bottom)
 Mach =   0.000     Re =     0.600 e 6     Ncrit =   9.000

  alpha     CL        CD       CDp       Cm    Top Xtr Bot Xtr   Cpmin    Chinge    XCp    
 ------- -------- --------- --------- -------- ------- ------- -------- --------- ---------
 -19.800   -0.4139   0.22878   0.22623   -0.0198   1.0000   0.0098   -1.4821   0.0000   0.1712   
 -19.700   -0.4110   0.22773   0.22519   -0.0204   1.0000   0.0098   -1.4853   0.0000   0.1695   
 -19.600   -0.4081   0.22668   0.22414   -0.0210   1.0000   0.0098   -1.4885   0.0000   0.1678   
 -19.500   -0.4052   0.22562   0.22309   -0.0215   1.0000   0.0098   -1.4918   0.0000   0.1660   
 -19.400   -0.4023   0.22456   0.22203   -0.0221   1.0000   0.0098   -1.4948   0.0000   0.1643   
 -19.300   -0.3995   0.22348   0.22096   -0.0226   1.0000   0.0098   -1.4977   0.0000   0.1625   
 -19.200   -0.3967   0.22239   0.21986   -0.0232   1.0000   0.0098   -1.5008   0.0000   0.1607   
 -19.100   -0.3939   0.22126   0.21874   -0.0237   1.0000   0.0098   -1.5040   0.0000   0.1590   
 -19.000   -0.3911   0.22010   0.21758   -0.0242   1.0000   0.0098   -1.5075   0.0000   0.1572   
 -18.900   -0.3884   0.21890   0.21639   -0.0247   1.0000   0.0098   -1.5111   0.0000   0.1554   
 -18.800   -0.3857   0.21770   0.21519   -0.0252   1.0000   0.0099   -1.5148   0.0000   0.1537   
 -18.700   -0.3831   0.21650   0.21400   -0.0258   1.0000   0.0099   -1.5187   0.0000   0.1519   
 -18.600   -0.3804   0.21530   0.21279   -0.0263   1.0000   0.0099   -1.5227   0.0000   0.1501   
 -18.500   -0.3778   0.21410   0.21160   -0.0268   1.0000   0.0099   -1.5268   0.0000   0.1482   
 -18.400   -0.3752   0.21288   0.21039   -0.0273   1.0000   0.0099   -1.5310   0.0000   0.1464   
 -18.300   -0.3726   0.21167   0.20918   -0.0277   1.0000   0.0099   -1.5354   0.0000   0.1446   
 -18.200   -0.3700   0.21045   0.20796   -0.0282   1.0000   0.0099   -1.5398   0.0000   0.1428   
 -18.100   -0.3674   0.20923   0.20675   -0.0287   1.0000   0.0099   -1.5445   0.0000   0.1409   
 -18.000   -0.3649   0.20800   0.20552   -0.0292   1.0000   0.0099   -1.5490   0.0000   0.1391   
 -17.900   -0.3623   0.20677   0.20430   -0.0296   1.0000   0.0099   -1.5535   0.0000   0.1372   
 -17.800   -0.3598   0.20554   0.20307   -0.0301   1.0000   0.0099   -1.5582   0.0000   0.1353   
 -17.700   -0.3573   0.20430   0.20183   -0.0306   1.0000   0.0099   -1.5630   0.0000   0.1335   
 -17.600   -0.3548   0.20306   0.20060   -0.0310   1.0000   0.0099   -1.5680   0.0000   0.1316   
 -17.500   -0.3523   0.20182   0.19936   -0.0315   1.0000   0.0099   -1.5740   0.0000   0.1297   
 -17.400   -0.3499   0.20057   0.19812   -0.0319   1.0000   0.0099   -1.5805   0.0000   0.1278   
 -17.300   -0.3475   0.19933   0.19687   -0.0323   1.0000   0.0099   -1.5872   0.0000   0.1259   
 -17.200   -0.3451   0.19807   0.19563   -0.0327   1.0000   0.0099   -1.5939   0.0000   0.1240   
 -17.100   -0.3427   0.19682   0.19437   -0.0332   1.0000   0.0099   -1.6007   0.0000   0.1222   
 -17.000   -0.3403   0.19556   0.19312   -0.0336   1.0000   0.0100   -1.6078   0.0000   0.1203   
 -16.800   -0.3381   0.19029   0.18788   -0.0333   1.0000   0.0106   -1.6420   0.0000   0.1202   
 -16.700   -0.3352   0.18926   0.18685   -0.0336   1.0000   0.0106   -1.6177   0.0000   0.1187   
 -16.600   -0.3323   0.18824   0.18583   -0.0338   1.0000   0.0107   -1.5948   0.0000   0.1171   
 -16.500   -0.3295   0.18722   0.18482   -0.0340   1.0000   0.0108   -1.5732   0.0000   0.1155   
 -16.400   -0.3267   0.18621   0.18381   -0.0343   1.0000   0.0109   -1.5528   0.0000   0.1139   
 -16.300   -0.3240   0.18519   0.18280   -0.0346   1.0000   0.0110   -1.5337   0.0000   0.1122   
 -16.200   -0.3213   0.18417   0.18178   -0.0348   1.0000   0.0111   -1.5158   0.0000   0.1105   
 -16.100   -0.3186   0.18314   0.18076   -0.0351   1.0000   0.0112   -1.4990   0.0000   0.1087   
 -16.000   -0.3160   0.18211   0.17973   -0.0354   1.0000   0.0113   -1.4834   0.0000   0.1070   
 -15.900   -0.3134   0.18107   0.17870   -0.0356   1.0000   0.0114   -1.4690   0.0000   0.1052   
 -15.800   -0.3109   0.18003   0.17766   -0.0359   1.0000   0.0115   -1.4558   0.0000   0.1034   
 -15.700   -0.3084   0.17896   0.17658   -0.0362   1.0000   0.0117   -1.4442   0.0000   0.1016   
 -15.600   -0.3059   0.17790   0.17552   -0.0364   1.0000   0.0118   -1.4328   0.0000   0.0998   
 -15.500   -0.3035   0.17684   0.17447   -0.0367   1.0000   0.0120   -1.4226   0.0000   0.0980   
 -15.400   -0.3011   0.17577   0.17340   -0.0369   1.0000   0.0121   -1.4133   0.0000   0.0962   
 -15.300   -0.2988   0.17469   0.17233   -0.0372   1.0000   0.0123   -1.4052   0.0000   0.0944   
 -15.200   -0.2965   0.17361   0.17125   -0.0374   1.0000   0.0125   -1.3980   0.0000   0.0926   
 -15.100   -0.2942   0.17251   0.17017   -0.0377   1.0000   0.0128   -1.3918   0.0000   0.0908   
 -15.000   -0.2920   0.17142   0.16908   -0.0379   1.0000   0.0130   -1.3867   0.0000   0.0891   
 -14.900   -0.2899   0.17031   0.16798   -0.0382   1.0000   0.0133   -1.3825   0.0000   0.0873   
 -14.800   -0.2878   0.16920   0.16687   -0.0384   1.0000   0.0135   -1.3794   0.0000   0.0856   
 -14.700   -0.2857   0.16809   0.16577   -0.0386   1.0000   0.0138   -1.3775   0.0000   0.0839   
 -14.600   -0.2837   0.16697   0.16465   -0.0388   1.0000   0.0142   -1.3768   0.0000   0.0822   
 -14.500   -0.2817   0.16584   0.16353   -0.0390   1.0000   0.0146   -1.3777   0.0000   0.0805   
 -14.400   -0.2797   0.16471   0.16241   -0.0392   1.0000   0.0150   -1.3810   0.0000   0.0787   
 -14.300   -0.2777   0.16360   0.16130   -0.0395   1.0000   0.0155   -1.3885   0.0000   0.0768   
 -14.200   -0.2756   0.16252   0.16024   -0.0398   1.0000   0.0160   -1.4020   0.0000   0.0747   
 -14.100   -0.2738   0.16148   0.15920   -0.0401   1.0000   0.0163   -1.4167   0.0000   0.0727   
 -14.000   -0.2723   0.16042   0.15815   -0.0403   1.0000   0.0165   -1.4299   0.0000   0.0710   
 -13.900   -0.2709   0.15935   0.15709   -0.0405   1.0000   0.0166   -1.4422   0.0000   0.0695   
 -13.800   -0.2697   0.15827   0.15602   -0.0407   1.0000   0.0167   -1.4542   0.0000   0.0682   
 -13.700   -0.2685   0.15719   0.15494   -0.0409   1.0000   0.0167   -1.4660   0.0000   0.0671   
 -13.600   -0.2675   0.15609   0.15386   -0.0410   1.0000   0.0168   -1.4780   0.0000   0.0662   
 -13.500   -0.2666   0.15500   0.15277   -0.0411   1.0000   0.0168   -1.4900   0.0000   0.0654   
 -13.400   -0.2658   0.15389   0.15168   -0.0412   1.0000   0.0168   -1.5023   0.0000   0.0648   
 -13.300   -0.2652   0.15278   0.15058   -0.0412   1.0000   0.0169   -1.5149   0.0000   0.0645   
 -13.200   -0.2647   0.15168   0.14949   -0.0412   1.0000   0.0169   -1.5277   0.0000   0.0645   
 -13.100   -0.2644   0.15060   0.14842   -0.0411   1.0000   0.0169   -1.5410   0.0000   0.0648   
 -12.900   -0.2545   0.14710   0.14492   -0.0438   0.9994   0.0169   -1.5664   0.0000   0.0472   
 -12.800   -0.2492   0.14529   0.14311   -0.0453   0.9991   0.0169   -1.5808   0.0000   0.0373   
 -12.700   -0.2441   0.14346   0.14128   -0.0467   0.9987   0.0169   -1.5964   0.0000   0.0270   
 -12.600   -0.2389   0.14161   0.13943   -0.0481   0.9983   0.0169   -1.6136   0.0000   0.0163   
 -12.500   -0.2338   0.13974   0.13755   -0.0496   0.9978   0.0169   -1.6322   0.0000   0.0051   
 -12.400   -0.2287   0.13784   0.13566   -0.0510   0.9974   0.0169   -1.6532   0.0000   -0.0066   
 -12.300   -0.2237   0.13592   0.13374   -0.0524   0.9969   0.0169   -1.6774   0.0000   -0.0187   
 -12.200   -0.2188   0.13396   0.13178   -0.0539   0.9965   0.0169   -1.7058   0.0000   -0.0311   
 -12.100   -0.2141   0.13194   0.12975   -0.0553   0.9961   0.0169   -1.7403   0.0000   -0.0439   
 -12.000   -0.2099   0.12979   0.12761   -0.0567   0.9957   0.0168   -1.7848   0.0000   -0.0564   
 -11.900   -0.2080   0.12730   0.12512   -0.0572   0.9952   0.0155   -1.8269   0.0000   -0.0613   
 -11.800   -0.2040   0.12524   0.12305   -0.0586   0.9944   0.0153   -1.8732   0.0000   -0.0744   
 -11.700   -0.1995   0.12327   0.12109   -0.0601   0.9937   0.0152   -1.9069   0.0000   -0.0891   
 -11.600   -0.1949   0.12136   0.11917   -0.0616   0.9930   0.0152   -1.9318   0.0000   -0.1048   
 -11.500   -0.1902   0.11946   0.11728   -0.0632   0.9923   0.0150   -1.9525   0.0000   -0.1215   
 -11.400   -0.1855   0.11758   0.11539   -0.0647   0.9916   0.0149   -1.9716   0.0000   -0.1391   
 -11.300   -0.1808   0.11568   0.11349   -0.0663   0.9910   0.0147   -1.9904   0.0000   -0.1580   
 -11.200   -0.1760   0.11374   0.11155   -0.0680   0.9904   0.0145   -2.0102   0.0000   -0.1787   
 -11.100   -0.1722   0.11183   0.10965   -0.0694   0.9887   0.0144   -2.0313   0.0000   -0.1956   
 -11.000   -0.1681   0.10986   0.10767   -0.0709   0.9872   0.0142   -2.0553   0.0000   -0.2153   
 -10.900   -0.1639   0.10782   0.10563   -0.0725   0.9859   0.0139   -2.0832   0.0000   -0.2372   
 -10.800   -0.1595   0.10575   0.10356   -0.0743   0.9847   0.0138   -2.1105   0.0000   -0.2614   
 -10.700   -0.1545   0.10379   0.10160   -0.0761   0.9836   0.0139   -2.1267   0.0000   -0.2896   
 -10.600   -0.1509   0.10200   0.09981   -0.0774   0.9810   0.0140   -2.1410   0.0000   -0.3108   
 -10.500   -0.1475   0.10020   0.09801   -0.0787   0.9779   0.0141   -2.1574   0.0000   -0.3321   
 -10.400   -0.1434   0.09825   0.09607   -0.0803   0.9756   0.0142   -2.1780   0.0000   -0.3600   
 -10.300   -0.1392   0.09618   0.09400   -0.0821   0.9738   0.0143   -2.2049   0.0000   -0.3912   
 -10.200   -0.1385   0.09442   0.09224   -0.0829   0.9678   0.0143   -2.2369   0.0000   -0.3993   
 -10.100   -0.1358   0.09230   0.09012   -0.0845   0.9643   0.0142   -2.2757   0.0000   -0.4238   
 -9.900   -0.2905   0.01984   0.01593   -0.1738   0.9201   0.0111   -6.5663   0.0000   -0.3778   
 -9.800   -0.2725   0.01945   0.01548   -0.1758   0.9174   0.0113   -6.3999   0.0000   -0.4264   
 -9.700   -0.2565   0.01902   0.01499   -0.1775   0.9137   0.0115   -6.2587   0.0000   -0.4747   
 -9.600   -0.2428   0.01858   0.01448   -0.1787   0.9086   0.0117   -6.1509   0.0000   -0.5199   
 -9.500   -0.2279   0.01809   0.01390   -0.1802   0.9040   0.0120   -6.0418   0.0000   -0.5764   
 -9.400   -0.2123   0.01758   0.01329   -0.1818   0.8999   0.0122   -5.9337   0.0000   -0.6440   
 -9.300   -0.1972   0.01708   0.01265   -0.1832   0.8959   0.0125   -5.8314   0.0000   -0.7193   
 -9.200   -0.1853   0.01667   0.01217   -0.1839   0.8909   0.0128   -5.7386   0.0000   -0.7845   
 -9.100   -0.1725   0.01629   0.01170   -0.1847   0.8860   0.0130   -5.6404   0.0000   -0.8656   
 -9.000   -0.1591   0.01593   0.01125   -0.1856   0.8815   0.0133   -5.5384   0.0000   -0.9647   
 -8.900   -0.1453   0.01560   0.01082   -0.1866   0.8773   0.0136   -5.4338   0.0000   -1.0854   
 -8.800   -0.1335   0.01531   0.01046   -0.1870   0.8731   0.0139   -5.3371   0.0000   -1.2059   
 -8.700   -0.1223   0.01504   0.01013   -0.1874   0.8685   0.0141   -5.2424   0.0000   -1.3416   
 -8.600   -0.1105   0.01478   0.00980   -0.1878   0.8640   0.0143   -5.1449   0.0000   -1.5151   
 -8.500   -0.0982   0.01454   0.00948   -0.1883   0.8598   0.0145   -5.0458   0.0000   -1.7397   
 -8.400   -0.0856   0.01430   0.00917   -0.1888   0.8560   0.0147   -4.9458   0.0000   -2.0365   
 -8.300   -0.0734   0.01407   0.00887   -0.1893   0.8525   0.0149   -4.8479   0.0000   -2.4229   
 -8.200   -0.0621   0.01389   0.00864   -0.1896   0.8491   0.0150   -4.7508   0.0000   -2.9132   
 -8.100   -0.0505   0.01374   0.00845   -0.1898   0.8456   0.0152   -4.6513   0.0000   -3.6378   
 -8.000   -0.0387   0.01353   0.00817   -0.1902   0.8422   0.0153   -4.5565   0.0000   -4.8378   
 -7.900   -0.0265   0.01327   0.00784   -0.1906   0.8389   0.0153   -4.4653   0.0000   -7.1957   
 -7.800   -0.0141   0.01304   0.00753   -0.1911   0.8357   0.0153   -4.3726   0.0000   -13.7111   
 -7.700   -0.0017   0.01283   0.00725   -0.1915   0.8326   0.0153   -4.2791   0.0000   -113.4827   
 -7.600   0.0108   0.01265   0.00699   -0.1920   0.8295   0.0154   -4.1845   0.0000   18.6039   
 -7.500   0.0224   0.01246   0.00677   -0.1923   0.8269   0.0154   -4.0935   0.0000   9.0911   
 -7.400   0.0342   0.01229   0.00655   -0.1925   0.8238   0.0154   -4.0019   0.0000   6.0598   
 -7.300   0.0460   0.01213   0.00635   -0.1928   0.8205   0.0154   -3.9100   0.0000   4.5708   
 -7.200   0.0579   0.01199   0.00616   -0.1931   0.8170   0.0155   -3.8179   0.0000   3.6865   
 -7.100   0.0698   0.01186   0.00599   -0.1933   0.8134   0.0155   -3.7256   0.0000   3.1011   
 -7.000   0.0818   0.01175   0.00582   -0.1936   0.8097   0.0156   -3.6333   0.0000   2.6861   
 -6.900   0.0937   0.01166   0.00564   -0.1938   0.8059   0.0156   -3.5393   0.0000   2.3768   
 -6.800   0.1055   0.01156   0.00550   -0.1940   0.8026   0.0157   -3.4490   0.0000   2.1403   
 -6.700   0.1171   0.01145   0.00537   -0.1942   0.7994   0.0157   -3.3600   0.0000   1.9537   
 -6.600   0.1288   0.01136   0.00525   -0.1944   0.7957   0.0158   -3.2713   0.0000   1.8004   
 -6.500   0.1404   0.01128   0.00514   -0.1945   0.7918   0.0159   -3.1830   0.0000   1.6724   
 -6.400   0.1520   0.01121   0.00503   -0.1946   0.7879   0.0159   -3.0953   0.0000   1.5640   
 -6.300   0.1636   0.01116   0.00494   -0.1948   0.7839   0.0160   -3.0083   0.0000   1.4712   
 -6.200   0.1752   0.01112   0.00485   -0.1949   0.7798   0.0161   -2.9222   0.0000   1.3904   
 -6.100   0.1869   0.01107   0.00478   -0.1950   0.7764   0.0162   -2.8545   0.0000   1.3195   
 -6.000   0.1983   0.01100   0.00471   -0.1951   0.7734   0.0163   -2.7869   0.0000   1.2578   
 -5.900   0.2097   0.01095   0.00465   -0.1952   0.7697   0.0164   -2.7187   0.0000   1.2029   
 -5.800   0.2211   0.01091   0.00461   -0.1952   0.7657   0.0165   -2.6499   0.0000   1.1538   
 -5.700   0.2323   0.01089   0.00457   -0.1953   0.7616   0.0166   -2.5804   0.0000   1.1097   
 -5.600   0.2435   0.01088   0.00454   -0.1953   0.7574   0.0167   -2.5102   0.0000   1.0699   
 -5.500   0.2545   0.01090   0.00454   -0.1952   0.7531   0.0168   -2.4393   0.0000   1.0339   
 -5.400   0.2656   0.01092   0.00455   -0.1952   0.7493   0.0169   -2.3666   0.0000   1.0008   
 -5.300   0.2766   0.01094   0.00459   -0.1951   0.7464   0.0170   -2.2914   0.0000   0.9703   
 -5.200   0.2873   0.01100   0.00467   -0.1950   0.7432   0.0172   -2.2125   0.0000   0.9426   
 -5.000   0.3092   0.01106   0.00475   -0.1949   0.7362   0.0177   -2.0675   0.0000   0.8925   
 -4.900   0.3221   0.01084   0.00446   -0.1954   0.7326   0.0180   -2.0318   0.0000   0.8682   
 -4.800   0.3348   0.01066   0.00422   -0.1958   0.7292   0.0185   -1.9940   0.0000   0.8459   
 -4.700   0.3473   0.01053   0.00404   -0.1962   0.7257   0.0190   -1.9534   0.0000   0.8254   
 -4.600   0.3595   0.01044   0.00389   -0.1965   0.7223   0.0196   -1.9097   0.0000   0.8063   
 -4.500   0.3719   0.01034   0.00378   -0.1968   0.7200   0.0201   -1.8629   0.0000   0.7885   
 -4.400   0.3842   0.01026   0.00369   -0.1971   0.7182   0.0207   -1.8141   0.0000   0.7717   
 -4.300   0.3964   0.01018   0.00360   -0.1974   0.7161   0.0213   -1.7637   0.0000   0.7561   
 -4.200   0.4086   0.01011   0.00352   -0.1976   0.7139   0.0217   -1.7126   0.0000   0.7414   
 -4.100   0.4208   0.01005   0.00346   -0.1979   0.7115   0.0221   -1.6613   0.0000   0.7276   
 -4.000   0.4329   0.00999   0.00339   -0.1981   0.7088   0.0225   -1.6104   0.0000   0.7145   
 -3.900   0.4450   0.00993   0.00332   -0.1983   0.7060   0.0228   -1.5601   0.0000   0.7022   
 -3.800   0.4570   0.00987   0.00325   -0.1986   0.7032   0.0231   -1.5105   0.0000   0.6906   
 -3.700   0.4690   0.00982   0.00317   -0.1988   0.7002   0.0233   -1.4618   0.0000   0.6795   
 -3.600   0.4810   0.00978   0.00310   -0.1989   0.6972   0.0236   -1.4137   0.0000   0.6690   
 -3.500   0.4927   0.00975   0.00305   -0.1991   0.6942   0.0241   -1.3619   0.0000   0.6592   
 -3.400   0.5043   0.00973   0.00302   -0.1992   0.6912   0.0249   -1.3081   0.0000   0.6498   
 -3.300   0.5162   0.00970   0.00299   -0.1994   0.6892   0.0257   -1.2543   0.0000   0.6407   
 -3.200   0.5281   0.00967   0.00296   -0.1995   0.6869   0.0263   -1.2027   0.0000   0.6321   
 -3.100   0.5401   0.00964   0.00293   -0.1997   0.6845   0.0267   -1.1538   0.0000   0.6238   
 -3.000   0.5524   0.00958   0.00285   -0.2000   0.6819   0.0271   -1.1100   0.0000   0.6157   
 -2.900   0.5648   0.00951   0.00275   -0.2003   0.6792   0.0274   -1.0702   0.0000   0.6080   
 -2.800   0.5770   0.00946   0.00267   -0.2005   0.6764   0.0274   -1.0301   0.0000   0.6007   
 -2.700   0.5890   0.00942   0.00260   -0.2007   0.6735   0.0275   -0.9903   0.0000   0.5936   
 -2.600   0.6009   0.00939   0.00253   -0.2008   0.6706   0.0276   -0.9506   0.0000   0.5869   
 -2.500   0.6127   0.00937   0.00248   -0.2009   0.6676   0.0277   -0.9114   0.0000   0.5804   
 -2.400   0.6244   0.00936   0.00242   -0.2010   0.6644   0.0279   -0.8836   0.0000   0.5742   
 -2.300   0.6361   0.00935   0.00236   -0.2011   0.6613   0.0280   -0.8922   0.0000   0.5682   
 -2.200   0.6482   0.00933   0.00232   -0.2013   0.6594   0.0284   -0.9009   0.0000   0.5624   
 -2.100   0.6603   0.00930   0.00229   -0.2015   0.6574   0.0288   -0.9097   0.0000   0.5568   
 -2.000   0.6723   0.00927   0.00226   -0.2017   0.6551   0.0294   -0.9185   0.0000   0.5514   
 -1.900   0.6843   0.00925   0.00223   -0.2018   0.6523   0.0300   -0.9272   0.0000   0.5462   
 -1.800   0.6961   0.00923   0.00220   -0.2019   0.6489   0.0308   -0.9359   0.0000   0.5412   
 -1.700   0.7078   0.00923   0.00218   -0.2020   0.6452   0.0317   -0.9446   0.0000   0.5363   
 -1.600   0.7194   0.00923   0.00216   -0.2021   0.6412   0.0327   -0.9536   0.0000   0.5316   
 -1.500   0.7309   0.00923   0.00213   -0.2022   0.6372   0.0349   -0.9636   0.0000   0.5271   
 -1.400   0.7421   0.00925   0.00212   -0.2022   0.6332   0.0361   -0.9735   0.0000   0.5228   
 -1.300   0.7532   0.00927   0.00211   -0.2021   0.6293   0.0364   -0.9834   0.0000   0.5185   
 -1.200   0.7649   0.00928   0.00209   -0.2022   0.6264   0.0366   -0.9936   0.0000   0.5144   
 -1.100   0.7765   0.00928   0.00208   -0.2023   0.6233   0.0368   -1.0037   0.0000   0.5104   
 -1.000   0.7880   0.00929   0.00208   -0.2024   0.6200   0.0369   -1.0138   0.0000   0.5065   
 -0.900   0.7994   0.00931   0.00207   -0.2024   0.6164   0.0371   -1.0239   0.0000   0.5027   
 -0.800   0.8107   0.00933   0.00207   -0.2024   0.6127   0.0373   -1.0339   0.0000   0.4990   
 -0.700   0.8218   0.00935   0.00207   -0.2024   0.6090   0.0375   -1.0439   0.0000   0.4955   
 -0.600   0.8329   0.00939   0.00207   -0.2024   0.6051   0.0377   -1.0538   0.0000   0.4920   
 -0.500   0.8438   0.00943   0.00208   -0.2023   0.6011   0.0379   -1.0636   0.0000   0.4886   
 -0.400   0.8548   0.00946   0.00209   -0.2023   0.5973   0.0381   -1.0735   0.0000   0.4853   
 -0.300   0.8666   0.00946   0.00210   -0.2024   0.5951   0.0384   -1.0839   0.0000   0.4821   
 -0.200   0.8782   0.00947   0.00211   -0.2025   0.5922   0.0390   -1.0942   0.0000   0.4790   
 -0.100   0.8897   0.00948   0.00212   -0.2025   0.5886   0.0400   -1.1044   0.0000   0.4759   
 0.000   0.9011   0.00950   0.00213   -0.2026   0.5840   0.0413   -1.1146   0.0000   0.4729   
 0.100   0.9122   0.00953   0.00214   -0.2026   0.5785   0.0432   -1.1246   0.0000   0.4700   
 0.200   0.9230   0.00958   0.00216   -0.2025   0.5725   0.0460   -1.1345   0.0000   0.4672   
 0.300   0.9337   0.00963   0.00220   -0.2024   0.5668   0.0486   -1.1442   0.0000   0.4644   
 0.400   0.9449   0.00966   0.00224   -0.2024   0.5620   0.0514   -1.1543   0.0000   0.4618   
 0.500   0.9561   0.00969   0.00227   -0.2024   0.5567   0.0640   -1.1644   0.0000   0.4591   
 0.600   0.9666   0.00975   0.00230   -0.2023   0.5495   0.0679   -1.1742   0.0000   0.4565   
 0.700   0.9768   0.00983   0.00235   -0.2022   0.5407   0.0772   -1.1850   0.0000   0.4541   
 0.800   0.9874   0.00989   0.00241   -0.2021   0.5317   0.0994   -1.1965   0.0000   0.4516   
 0.900   1.0008   0.00980   0.00245   -0.2028   0.5245   0.1595   -1.2099   0.0000   0.4494   
 1.000   1.0124   0.00981   0.00250   -0.2030   0.5125   0.1963   -1.2222   0.0000   0.4472   
 1.100   1.0236   0.00986   0.00258   -0.2032   0.4991   0.2463   -1.2342   0.0000   0.4450   
 1.200   1.0360   0.00983   0.00264   -0.2037   0.4907   0.2999   -1.2471   0.0000   0.4430   
 1.300   1.0474   0.00986   0.00271   -0.2038   0.4824   0.3314   -1.2600   0.0000   0.4409   
 1.400   1.0587   0.00991   0.00281   -0.2040   0.4738   0.3785   -1.2745   0.0000   0.4388   
 1.500   1.0705   0.00992   0.00293   -0.2043   0.4664   0.4312   -1.2894   0.0000   0.4368   
 1.600   1.0826   0.00992   0.00303   -0.2046   0.4616   0.4700   -1.3047   0.0000   0.4348   
 1.700   1.0938   0.00997   0.00312   -0.2047   0.4539   0.4977   -1.3193   0.0000   0.4328   
 1.800   1.1041   0.01007   0.00323   -0.2046   0.4422   0.5142   -1.3332   0.0000   0.4308   
 1.900   1.1137   0.01022   0.00334   -0.2043   0.4325   0.5239   -1.3465   0.0000   0.4288   
 2.000   1.1238   0.01033   0.00342   -0.2041   0.4262   0.5281   -1.3603   0.0000   0.4269   
 2.100   1.1340   0.01044   0.00349   -0.2039   0.4200   0.5315   -1.3741   0.0000   0.4249   
 2.200   1.1440   0.01055   0.00357   -0.2037   0.4137   0.5359   -1.3879   0.0000   0.4230   
 2.300   1.1540   0.01067   0.00371   -0.2035   0.4072   0.5436   -1.4017   0.0000   0.4212   
 2.400   1.1644   0.01076   0.00379   -0.2034   0.4017   0.5494   -1.4158   0.0000   0.4194   
 2.500   1.1753   0.01081   0.00386   -0.2034   0.3985   0.5553   -1.4322   0.0000   0.4176   
 2.600   1.1859   0.01088   0.00392   -0.2033   0.3934   0.5608   -1.4496   0.0000   0.4158   
 2.700   1.1959   0.01100   0.00400   -0.2030   0.3840   0.5653   -1.4664   0.0000   0.4140   
 2.900   1.2145   0.01133   0.00427   -0.2024   0.3637   0.5819   -1.4989   0.0000   0.4107   
 3.000   1.2242   0.01146   0.00438   -0.2022   0.3571   0.5900   -1.5183   0.0000   0.4090   
 3.100   1.2336   0.01162   0.00449   -0.2019   0.3504   0.5966   -1.5386   0.0000   0.4073   
 3.200   1.2431   0.01176   0.00461   -0.2016   0.3433   0.6048   -1.5589   0.0000   0.4057   
 3.300   1.2532   0.01186   0.00472   -0.2014   0.3383   0.6127   -1.5800   0.0000   0.4041   
 3.400   1.2637   0.01193   0.00481   -0.2013   0.3350   0.6198   -1.6016   0.0000   0.4025   
 3.500   1.2738   0.01202   0.00489   -0.2011   0.3295   0.6253   -1.6229   0.0000   0.4010   
 3.600   1.2831   0.01218   0.00501   -0.2008   0.3184   0.6291   -1.6432   0.0000   0.3994   
 3.700   1.2908   0.01245   0.00518   -0.2002   0.3033   0.6343   -1.6618   0.0000   0.3979   
 3.800   1.2999   0.01261   0.00532   -0.1998   0.2957   0.6389   -1.6861   0.0000   0.3964   
 3.900   1.3087   0.01280   0.00546   -0.1995   0.2881   0.6427   -1.7162   0.0000   0.3949   
 4.000   1.3177   0.01296   0.00562   -0.1991   0.2804   0.6463   -1.7466   0.0000   0.3935   
 4.100   1.3277   0.01306   0.00572   -0.1989   0.2766   0.6500   -1.7789   0.0000   0.3920   
 4.200   1.3377   0.01315   0.00581   -0.1987   0.2720   0.6534   -1.8112   0.0000   0.3906   
 4.300   1.3472   0.01328   0.00593   -0.1984   0.2637   0.6565   -1.8429   0.0000   0.3892   
 4.400   1.3539   0.01362   0.00614   -0.1977   0.2464   0.6590   -1.8702   0.0000   0.3878   
 4.600   1.3708   0.01400   0.00645   -0.1968   0.2334   0.6658   -1.9309   0.0000   0.3851   
 4.700   1.3793   0.01419   0.00660   -0.1964   0.2265   0.6693   -1.9616   0.0000   0.3837   
 4.800   1.3887   0.01431   0.00672   -0.1961   0.2216   0.6728   -1.9937   0.0000   0.3824   
 4.900   1.3985   0.01440   0.00683   -0.1959   0.2190   0.6763   -2.0268   0.0000   0.3811   
 5.000   1.4080   0.01451   0.00694   -0.1956   0.2147   0.6798   -2.0595   0.0000   0.3798   
 5.100   1.4166   0.01468   0.00710   -0.1952   0.2052   0.6833   -2.0907   0.0000   0.3785   
 5.200   1.4227   0.01502   0.00735   -0.1944   0.1924   0.6865   -2.1179   0.0000   0.3772   
 5.300   1.4305   0.01524   0.00751   -0.1938   0.1872   0.6895   -2.1482   0.0000   0.3759   
 5.400   1.4376   0.01550   0.00772   -0.1932   0.1802   0.6927   -2.1772   0.0000   0.3746   
 5.500   1.4448   0.01574   0.00792   -0.1925   0.1710   0.6969   -2.2065   0.0000   0.3734   
 5.600   1.4536   0.01587   0.00807   -0.1921   0.1664   0.7011   -2.2389   0.0000   0.3721   
 5.700   1.4588   0.01622   0.00836   -0.1911   0.1468   0.7051   -2.2650   0.0000   0.3709   
 5.800   1.4626   0.01660   0.00865   -0.1899   0.1385   0.7092   -2.2890   0.0000   0.3695   
 5.900   1.4667   0.01694   0.00892   -0.1887   0.1291   0.7135   -2.3133   0.0000   0.3682   
 6.000   1.4734   0.01715   0.00912   -0.1879   0.1227   0.7179   -2.3423   0.0000   0.3669   
 6.200   1.4831   0.01776   0.00966   -0.1858   0.1010   0.7274   -2.3946   0.0000   0.3643   
 6.300   1.4872   0.01812   0.00997   -0.1847   0.0960   0.7329   -2.4193   0.0000   0.3631   
 6.400   1.4903   0.01854   0.01036   -0.1834   0.0847   0.7384   -2.4422   0.0000   0.3618   
 6.500   1.4981   0.01869   0.01053   -0.1828   0.0837   0.7444   -2.4737   0.0000   0.3606   
 6.600   1.5058   0.01884   0.01070   -0.1823   0.0827   0.7499   -2.5051   0.0000   0.3594   
 6.700   1.5135   0.01899   0.01089   -0.1817   0.0815   0.7565   -2.5365   0.0000   0.3583   
 6.800   1.5209   0.01916   0.01108   -0.1811   0.0799   0.7635   -2.5675   0.0000   0.3572   
 6.900   1.5281   0.01934   0.01129   -0.1805   0.0774   0.7706   -2.5982   0.0000   0.3560   
 7.000   1.5338   0.01961   0.01156   -0.1796   0.0704   0.7775   -2.6267   0.0000   0.3549   
 7.100   1.5385   0.01993   0.01187   -0.1786   0.0660   0.7850   -2.6538   0.0000   0.3537   
 7.200   1.5440   0.02021   0.01215   -0.1778   0.0646   0.7934   -2.6820   0.0000   0.3526   
 7.300   1.5493   0.02051   0.01244   -0.1769   0.0631   0.8020   -2.7099   0.0000   0.3514   
 7.400   1.5546   0.02081   0.01273   -0.1760   0.0613   0.8109   -2.7378   0.0000   0.3503   
 7.500   1.5598   0.02111   0.01304   -0.1751   0.0593   0.8215   -2.7654   0.0000   0.3492   
 7.600   1.5652   0.02139   0.01334   -0.1743   0.0573   0.8329   -2.7933   0.0000   0.3481   
 7.700   1.5707   0.02164   0.01363   -0.1734   0.0556   0.8473   -2.8212   0.0000   0.3470   
 7.800   1.5761   0.02187   0.01391   -0.1726   0.0542   0.8659   -2.8488   0.0000   0.3459   
 7.900   1.5790   0.02202   0.01415   -0.1712   0.0531   0.9050   -2.8721   0.0000   0.3446   
 8.000   1.5790   0.02218   0.01435   -0.1692   0.0522   1.0000   -2.8901   0.0000   0.3432   
 8.100   1.5856   0.02244   0.01462   -0.1686   0.0516   1.0000   -2.9223   0.0000   0.3422   
 8.200   1.5924   0.02270   0.01490   -0.1681   0.0513   1.0000   -2.9563   0.0000   0.3413   
 8.300   1.5989   0.02298   0.01519   -0.1675   0.0509   1.0000   -2.9897   0.0000   0.3403   
 8.400   1.6053   0.02326   0.01549   -0.1669   0.0504   1.0000   -3.0227   0.0000   0.3394   
 8.500   1.6115   0.02356   0.01580   -0.1663   0.0498   1.0000   -3.0555   0.0000   0.3384   
 8.600   1.6176   0.02387   0.01612   -0.1657   0.0491   1.0000   -3.0879   0.0000   0.3375   
 8.700   1.6234   0.02420   0.01646   -0.1651   0.0483   1.0000   -3.1199   0.0000   0.3365   
 8.800   1.6290   0.02455   0.01682   -0.1644   0.0474   1.0000   -3.1516   0.0000   0.3356   
 8.900   1.6343   0.02492   0.01720   -0.1637   0.0463   1.0000   -3.1830   0.0000   0.3347   
 9.000   1.6412   0.02518   0.01753   -0.1633   0.0474   1.0000   -3.2126   0.0000   0.3338   
 9.100   1.6467   0.02555   0.01791   -0.1626   0.0467   1.0000   -3.2437   0.0000   0.3328   
 9.200   1.6518   0.02595   0.01832   -0.1619   0.0458   1.0000   -3.2745   0.0000   0.3319   
 9.300   1.6564   0.02638   0.01876   -0.1612   0.0447   1.0000   -3.3051   0.0000   0.3311   
 9.400   1.6605   0.02685   0.01923   -0.1605   0.0435   1.0000   -3.3352   0.0000   0.3302   
 9.500   1.6640   0.02737   0.01975   -0.1596   0.0420   1.0000   -3.3642   0.0000   0.3293   
 9.600   1.6671   0.02793   0.02030   -0.1588   0.0404   1.0000   -3.3923   0.0000   0.3284   
 9.700   1.6706   0.02846   0.02084   -0.1580   0.0386   1.0000   -3.4204   0.0000   0.3275   
 9.800   1.6757   0.02888   0.02127   -0.1574   0.0378   1.0000   -3.4548   0.0000   0.3267   
 9.900   1.6806   0.02932   0.02171   -0.1568   0.0368   1.0000   -3.4901   0.0000   0.3259   
 10.000   1.6849   0.02982   0.02220   -0.1562   0.0351   1.0000   -3.5248   0.0000   0.3251   
 10.100   1.6879   0.03042   0.02278   -0.1554   0.0314   1.0000   -3.5598   0.0000   0.3243   
 10.200   1.6838   0.03164   0.02391   -0.1540   0.0239   1.0000   -3.5879   0.0000   0.3235   
 10.300   1.6822   0.03267   0.02489   -0.1529   0.0192   1.0000   -3.5831   0.0000   0.3227   
 10.400   1.6848   0.03335   0.02557   -0.1522   0.0161   1.0000   -3.6125   0.0000   0.3219   
 10.600   1.6777   0.03586   0.02809   -0.1497   0.0044   1.0000   -3.6422   0.0000   0.3204   
 10.700   1.6802   0.03660   0.02885   -0.1491   0.0042   1.0000   -3.6786   0.0000   0.3197   
 10.800   1.6827   0.03733   0.02961   -0.1484   0.0040   1.0000   -3.7139   0.0000   0.3190   
 10.900   1.6851   0.03809   0.03040   -0.1478   0.0038   1.0000   -3.7474   0.0000   0.3183   
 11.000   1.6876   0.03884   0.03117   -0.1472   0.0036   1.0000   -3.7799   0.0000   0.3176   
 11.100   1.6905   0.03956   0.03191   -0.1466   0.0035   1.0000   -3.8119   0.0000   0.3169   
 11.200   1.6936   0.04026   0.03264   -0.1461   0.0033   1.0000   -3.8439   0.0000   0.3162   
 11.300   1.6967   0.04097   0.03337   -0.1456   0.0032   1.0000   -3.8760   0.0000   0.3155   
 11.400   1.6993   0.04173   0.03417   -0.1450   0.0032   1.0000   -3.9071   0.0000   0.3149   
 11.500   1.7019   0.04250   0.03497   -0.1445   0.0031   1.0000   -3.9381   0.0000   0.3142   
 11.600   1.7045   0.04325   0.03575   -0.1440   0.0030   1.0000   -3.9695   0.0000   0.3136   
 11.700   1.7073   0.04399   0.03653   -0.1435   0.0030   1.0000   -4.0013   0.0000   0.3129   
 11.800   1.7100   0.04475   0.03732   -0.1430   0.0030   1.0000   -4.0333   0.0000   0.3123   
 11.900   1.7121   0.04558   0.03821   -0.1425   0.0029   1.0000   -4.0628   0.0000   0.3117   
 12.000   1.7141   0.04645   0.03911   -0.1420   0.0029   1.0000   -4.0927   0.0000   0.3111   
 12.100   1.7164   0.04729   0.03999   -0.1415   0.0029   1.0000   -4.1234   0.0000   0.3105   
 12.200   1.7188   0.04812   0.04086   -0.1411   0.0029   1.0000   -4.1547   0.0000   0.3099   
 12.300   1.7213   0.04896   0.04173   -0.1407   0.0028   1.0000   -4.1862   0.0000   0.3093   
 12.400   1.7237   0.04980   0.04261   -0.1402   0.0028   1.0000   -4.2319   0.0000   0.3087   
 12.500   1.7257   0.05071   0.04356   -0.1398   0.0028   1.0000   -4.2898   0.0000   0.3082   
 12.600   1.7272   0.05170   0.04459   -0.1394   0.0028   1.0000   -4.3452   0.0000   0.3076   
 12.700   1.7288   0.05268   0.04560   -0.1390   0.0028   1.0000   -4.4017   0.0000   0.3071   
 12.800   1.7307   0.05363   0.04660   -0.1387   0.0028   1.0000   -4.4595   0.0000   0.3066   
 12.900   1.7326   0.05458   0.04759   -0.1383   0.0028   1.0000   -4.5178   0.0000   0.3061   
 13.000   1.7345   0.05554   0.04859   -0.1379   0.0028   1.0000   -4.5762   0.0000   0.3055   
 13.100   1.7356   0.05662   0.04970   -0.1376   0.0028   1.0000   -4.6306   0.0000   0.3051   
 13.200   1.7364   0.05774   0.05087   -0.1373   0.0028   1.0000   -4.6837   0.0000   0.3046   
 13.300   1.7375   0.05882   0.05199   -0.1370   0.0028   1.0000   -4.7386   0.0000   0.3042   
 13.400   1.7389   0.05987   0.05308   -0.1367   0.0028   1.0000   -4.7947   0.0000   0.3037   
 13.500   1.7403   0.06092   0.05417   -0.1364   0.0028   1.0000   -4.8514   0.0000   0.3032   
 13.600   1.7417   0.06198   0.05527   -0.1361   0.0028   1.0000   -4.9079   0.0000   0.3028   
 13.700   1.7427   0.06310   0.05643   -0.1358   0.0028   1.0000   -4.9621   0.0000   0.3023   
 13.800   1.7428   0.06436   0.05774   -0.1356   0.0028   1.0000   -5.0119   0.0000   0.3020   
 13.900   1.7431   0.06560   0.05902   -0.1354   0.0029   1.0000   -5.0625   0.0000   0.3016   
 14.000   1.7438   0.06679   0.06026   -0.1352   0.0029   1.0000   -5.1148   0.0000   0.3012   
 14.100   1.7445   0.06797   0.06147   -0.1350   0.0029   1.0000   -5.1679   0.0000   0.3008   
 14.200   1.7453   0.06914   0.06269   -0.1348   0.0029   1.0000   -5.2210   0.0000   0.3004   
 14.300   1.7455   0.07042   0.06402   -0.1346   0.0029   1.0000   -5.2703   0.0000   0.3001   
 14.400   1.7448   0.07183   0.06547   -0.1345   0.0029   1.0000   -5.3153   0.0000   0.2998   
 14.500   1.7447   0.07316   0.06685   -0.1344   0.0029   1.0000   -5.3632   0.0000   0.2995   
 14.600   1.7450   0.07444   0.06817   -0.1343   0.0029   1.0000   -5.4127   0.0000   0.2992   
 14.700   1.7453   0.07571   0.06947   -0.1342   0.0030   1.0000   -5.4624   0.0000   0.2989   
 14.800   1.7455   0.07698   0.07078   -0.1340   0.0030   1.0000   -5.5117   0.0000   0.2986   
 14.900   1.7455   0.07828   0.07213   -0.1340   0.0030   1.0000   -5.5592   0.0000   0.2983   
 15.000   1.7440   0.07981   0.07371   -0.1339   0.0030   1.0000   -5.5987   0.0000   0.2981   
 15.100   1.7426   0.08132   0.07526   -0.1339   0.0030   1.0000   -5.6387   0.0000   0.2979   
 15.200   1.7418   0.08275   0.07673   -0.1339   0.0030   1.0000   -5.6814   0.0000   0.2976   
 15.300   1.7413   0.08416   0.07819   -0.1339   0.0031   1.0000   -5.7255   0.0000   0.2974   
 15.400   1.7407   0.08559   0.07965   -0.1339   0.0031   1.0000   -5.7693   0.0000   0.2972   
 15.500   1.7392   0.08717   0.08131   -0.1340   0.0031   1.0000   -5.8105   0.0000   0.2970   
 15.600   1.7371   0.08889   0.08308   -0.1341   0.0031   1.0000   -5.8452   0.0000   0.2970   
 15.700   1.7358   0.09048   0.08471   -0.1342   0.0031   1.0000   -5.8846   0.0000   0.2968   
 15.800   1.7349   0.09201   0.08628   -0.1343   0.0031   1.0000   -5.9259   0.0000   0.2967   
 15.900   1.7340   0.09354   0.08785   -0.1344   0.0032   1.0000   -5.9672   0.0000   0.2965   
 16.000   1.7330   0.09508   0.08944   -0.1346   0.0032   1.0000   -6.0076   0.0000   0.2964   
 16.100   1.7311   0.09680   0.09120   -0.1348   0.0032   1.0000   -6.0427   0.0000   0.2964   
 16.200   1.7284   0.09868   0.09314   -0.1351   0.0032   1.0000   -6.0727   0.0000   0.2964   
 16.300   1.7265   0.10043   0.09493   -0.1354   0.0033   1.0000   -6.1067   0.0000   0.2964   
 16.400   1.7249   0.10211   0.09666   -0.1357   0.0033   1.0000   -6.1424   0.0000   0.2964   
 16.500   1.7233   0.10379   0.09838   -0.1359   0.0033   1.0000   -6.1781   0.0000   0.2964   
 16.600   1.7212   0.10557   0.10022   -0.1363   0.0033   1.0000   -6.2103   0.0000   0.2964   
 16.700   1.7179   0.10761   0.10230   -0.1368   0.0033   1.0000   -6.2347   0.0000   0.2966   
 16.800   1.7155   0.10946   0.10420   -0.1372   0.0034   1.0000   -6.2645   0.0000   0.2967   
 16.900   1.7136   0.11121   0.10600   -0.1376   0.0034   1.0000   -6.2971   0.0000   0.2967   
 17.000   1.7117   0.11295   0.10779   -0.1380   0.0034   1.0000   -6.3296   0.0000   0.2968   
 17.100   1.7100   0.11470   0.10959   -0.1384   0.0034   1.0000   -6.3621   0.0000   0.2969   
 17.200   1.7073   0.11663   0.11156   -0.1389   0.0035   1.0000   -6.3885   0.0000   0.2971   
 17.300   1.7034   0.11878   0.11377   -0.1396   0.0035   1.0000   -6.4071   0.0000   0.2974   
 17.400   1.7005   0.12073   0.11578   -0.1402   0.0035   1.0000   -6.4314   0.0000   0.2976   
 17.500   1.6981   0.12261   0.11770   -0.1408   0.0035   1.0000   -6.4581   0.0000   0.2978   
 17.600   1.6958   0.12447   0.11962   -0.1414   0.0036   1.0000   -6.4853   0.0000   0.2980   
 17.700   1.6921   0.12661   0.12182   -0.1422   0.0036   1.0000   -6.5028   0.0000   0.2984   
 17.800   1.6883   0.12878   0.12403   -0.1430   0.0036   1.0000   -6.5190   0.0000   0.2988   
 17.900   1.6857   0.13070   0.12601   -0.1437   0.0036   1.0000   -6.5425   0.0000   0.2991   
 18.000   1.6836   0.13255   0.12791   -0.1444   0.0037   1.0000   -6.5688   0.0000   0.2993   
 18.100   1.6815   0.13439   0.12980   -0.1450   0.0037   1.0000   -6.5947   0.0000   0.2996   
 18.200   1.6791   0.13627   0.13174   -0.1458   0.0037   1.0000   -6.6186   0.0000   0.2999   
 18.300   1.6751   0.13852   0.13404   -0.1468   0.0038   1.0000   -6.6296   0.0000   0.3004   
 18.400   1.6712   0.14071   0.13630   -0.1477   0.0038   1.0000   -6.6418   0.0000   0.3009   
 18.500   1.6685   0.14271   0.13835   -0.1486   0.0038   1.0000   -6.6607   0.0000   0.3013   
 18.600   1.6659   0.14466   0.14036   -0.1495   0.0038   1.0000   -6.6804   0.0000   0.3017   
 18.700   1.6631   0.14666   0.14240   -0.1504   0.0039   1.0000   -6.6980   0.0000   0.3022   
 18.800   1.6586   0.14899   0.14479   -0.1516   0.0039   1.0000   -6.7013   0.0000   0.3029   
 18.900   1.6555   0.15096   0.14683   -0.1526   0.0039   1.0000   -6.7142   0.0000   0.3034   
 19.000   1.6531   0.15276   0.14868   -0.1536   0.0039   1.0000   -6.7320   0.0000   0.3039   
 19.100   1.6510   0.15452   0.15049   -0.1545   0.0040   1.0000   -6.7503   0.0000   0.3043   
 19.200   1.6488   0.15631   0.15234   -0.1555   0.0040   1.0000   -6.7673   0.0000   0.3048   
 19.300   1.6463   0.15818   0.15426   -0.1565   0.0040   1.0000   -6.7815   0.0000   0.3053   
 19.400   1.6420   0.16047   0.15660   -0.1579   0.0041   1.0000   -6.7818   0.0000   0.3061   
 19.500   1.6383   0.16267   0.15887   -0.1591   0.0041   1.0000   -6.7854   0.0000   0.3068   
 19.600   1.6354   0.16475   0.16099   -0.1603   0.0041   1.0000   -6.7935   0.0000   0.3074   
 19.700   1.6325   0.16680   0.16311   -0.1615   0.0042   1.0000   -6.8017   0.0000   0.3080   
 19.800   1.6294   0.16895   0.16531   -0.1627   0.0042   1.0000   -6.8068   0.0000   0.3087   
 19.900   1.6248   0.17151   0.16793   -0.1642   0.0042   1.0000   -6.7992   0.0000   0.3097   
 20.000   1.6213   0.17381   0.17029   -0.1655   0.0042   1.0000   -6.7995   0.0000   0.3104   
