XFLR5 v6.02 Beta

 Calculated polar for: WORTMANN FX 63-137

 1 1 Reynolds number fixed          Mach number fixed         

 xtrf =   1.000 (top)        1.000 (bottom)
 Mach =   0.000     Re =    29.250 e 6     Ncrit =   9.000

  alpha     CL        CD       CDp       CM    Top Xtr Bot Xtr   Cpmin    Chinge    XCp    
 ------- -------- --------- --------- -------- ------- ------- -------- --------- ---------
 -21.000  -1.1593   0.05014   0.04702  -0.1526  0.5968  0.0022  -25.4872   0.0000   0.0838
 -20.500  -1.1876   0.04045   0.03721  -0.1605  0.5954  0.0023  -25.6688   0.0000   0.0823
 -20.000  -1.2015   0.03325   0.02983  -0.1664  0.5593  0.0023  -25.5459   0.0000   0.0807
 -19.500  -1.1984   0.02837   0.02485  -0.1700  0.5378  0.0024  -25.1052   0.0000   0.0789
 -19.000  -1.1905   0.02387   0.02028  -0.1733  0.5324  0.0024  -24.5825   0.0000   0.0765
 -18.500  -1.1793   0.02045   0.01680  -0.1747  0.5313  0.0025  -23.9786   0.0000   0.0752
 -17.500  -1.0939   0.01523   0.01134  -0.1854  0.4691  0.0027  -22.0166   0.0000   0.0556
 -17.000  -1.0438   0.01410   0.01004  -0.1875  0.4045  0.0028  -20.9257   0.0000   0.0460
 -16.500  -0.9898   0.01313   0.00903  -0.1893  0.4011  0.0030  -19.8053   0.0000   0.0349
 -16.000  -0.9345   0.01230   0.00816  -0.1907  0.4006  0.0031  -18.6918   0.0000   0.0224
 -15.500  -0.8791   0.01163   0.00742  -0.1919  0.3790  0.0033  -17.6025   0.0000   0.0085
 -15.000  -0.8224   0.01104   0.00676  -0.1930  0.3635  0.0034  -16.5260   0.0000  -0.0077
 -14.500  -0.7652   0.01053   0.00619  -0.1940  0.3465  0.0036  -15.4720   0.0000  -0.0265
 -14.000  -0.7089   0.01016   0.00568  -0.1947  0.2846  0.0036  -14.4572   0.0000  -0.0477
 -13.500  -0.6504   0.00973   0.00521  -0.1958  0.2772  0.0037  -13.5073   0.0000  -0.0742
 -13.000  -0.5923   0.00939   0.00481  -0.1966  0.2521  0.0037  -12.6128   0.0000  -0.1055
 -12.500  -0.5335   0.00906   0.00441  -0.1975  0.2421  0.0038  -11.7396   0.0000  -0.1445
 -11.000  -0.3563   0.00827   0.00345  -0.2000  0.1856  0.0040  -9.2751   0.0000  -0.3404
 -10.500  -0.2967   0.00804   0.00318  -0.2009  0.1782  0.0040  -8.5079   0.0000  -0.4595
 -10.000  -0.2368   0.00782   0.00294  -0.2018  0.1704  0.0040  -7.7691   0.0000  -0.6395
  -9.500  -0.1769   0.00762   0.00272  -0.2026  0.1696  0.0041  -7.0610   0.0000  -0.9419
  -9.000  -0.1170   0.00745   0.00252  -0.2035  0.1685  0.0041  -6.3854   0.0000  -1.5546
  -8.500  -0.0578   0.00735   0.00235  -0.2041  0.1427  0.0041  -5.7388   0.0000  -3.4033
  -8.000   0.0019   0.00723   0.00220  -0.2049  0.1374  0.0042  -5.1182   0.0000  112.9705
  -7.500   0.0617   0.00713   0.00206  -0.2056  0.1323  0.0042  -4.5265   0.0000   3.6839
  -7.000   0.1215   0.00703   0.00195  -0.2064  0.1286  0.0043  -4.0502   0.0000   1.9958
  -6.500   0.1812   0.00695   0.00185  -0.2071  0.1245  0.0043  -3.6610   0.0000   1.4217
  -6.000   0.2409   0.00688   0.00177  -0.2078  0.1238  0.0043  -3.2867   0.0000   1.1325
  -5.500   0.3005   0.00683   0.00170  -0.2085  0.1234  0.0044  -2.9271   0.0000   0.9583
  -5.000   0.3600   0.00679   0.00165  -0.2091  0.1230  0.0044  -2.5809   0.0000   0.8418
  -4.500   0.4193   0.00677   0.00162  -0.2097  0.1222  0.0045  -2.2534   0.0000   0.7585
  -4.000   0.4777   0.00683   0.00162  -0.2101  0.1027  0.0045  -1.9428   0.0000   0.6963
  -3.500   0.5362   0.00689   0.00163  -0.2106  0.0924  0.0046  -1.6465   0.0000   0.6475
  -3.000   0.5950   0.00691   0.00164  -0.2111  0.0892  0.0058  -1.3644   0.0000   0.6083
  -2.500   0.6537   0.00694   0.00166  -0.2116  0.0861  0.0060  -1.0966   0.0000   0.5761
  -2.000   0.7123   0.00699   0.00169  -0.2121  0.0842  0.0068  -0.9560   0.0000   0.5491
  -1.000   0.8287   0.00711   0.00180  -0.2129  0.0823  0.0096  -1.0583   0.0000   0.5066
  -0.500   0.8854   0.00731   0.00193  -0.2130  0.0624  0.0150  -1.1097   0.0000   0.4895
   0.000   0.9426   0.00744   0.00203  -0.2133  0.0520  0.0154  -1.1621   0.0000   0.4744
   0.500   0.9997   0.00757   0.00214  -0.2135  0.0499  0.0159  -1.2160   0.0000   0.4610
   1.000   1.0570   0.00767   0.00224  -0.2138  0.0512  0.0171  -1.2799   0.0000   0.4490
   1.500   1.1138   0.00780   0.00236  -0.2140  0.0511  0.0173  -1.3553   0.0000   0.4381
   2.000   1.1700   0.00798   0.00252  -0.2141  0.0482  0.0211  -1.4309   0.0000   0.4283
   2.500   1.2217   0.00854   0.00295  -0.2132  0.0033  0.0375  -1.5162   0.0000   0.4191
   3.000   1.2768   0.00877   0.00316  -0.2132  0.0025  0.0383  -1.6283   0.0000   0.4108
   3.500   1.3317   0.00900   0.00338  -0.2130  0.0019  0.0454  -1.7452   0.0000   0.4031
   4.000   1.3861   0.00926   0.00363  -0.2128  0.0024  0.0491  -1.8842   0.0000   0.3960
   4.500   1.4402   0.00952   0.00389  -0.2126  0.0018  0.0663  -2.0611   0.0000   0.3893
   5.000   1.4935   0.00981   0.00416  -0.2123  0.0014  0.0715  -2.2419   0.0000   0.3830
   5.500   1.5468   0.01011   0.00447  -0.2119  0.0013  0.1022  -2.4272   0.0000   0.3771
   6.000   1.5996   0.01041   0.00481  -0.2116  0.0012  0.1467  -2.6165   0.0000   0.3715
   6.500   1.6513   0.01076   0.00516  -0.2110  0.0012  0.1679  -2.8088   0.0000   0.3662
   7.000   1.7025   0.01112   0.00553  -0.2103  0.0012  0.1956  -3.0046   0.0000   0.3611
   7.500   1.7524   0.01152   0.00593  -0.2094  0.0012  0.2153  -3.2027   0.0000   0.3562
   8.000   1.8009   0.01196   0.00635  -0.2083  0.0012  0.2104  -3.4024   0.0000   0.3515
   8.500   1.8510   0.01235   0.00685  -0.2076  0.0012  0.3123  -3.6089   0.0000   0.3470
   9.000   1.8977   0.01284   0.00734  -0.2062  0.0012  0.3380  -3.8629   0.0000   0.3426
   9.500   1.9429   0.01336   0.00789  -0.2045  0.0011  0.3698  -4.1544   0.0000   0.3383
  10.000   1.9879   0.01389   0.00852  -0.2030  0.0011  0.4654  -4.7169   0.0000   0.3342
  10.500   2.0174   0.01453   0.00919  -0.1981  0.0011  0.4794  -5.2208   0.0000   0.3293
  11.500   2.0786   0.01616   0.01086  -0.1896  0.0011  0.5088  -6.3079   0.0000   0.3204
  12.000   2.1077   0.01716   0.01191  -0.1855  0.0010  0.5321  -6.8760   0.0000   0.3161
  12.500   2.1351   0.01833   0.01311  -0.1813  0.0010  0.5503  -7.4546   0.0000   0.3120
  13.000   2.1615   0.01968   0.01450  -0.1772  0.0010  0.5739  -8.0446   0.0000   0.3080
  13.500   2.1864   0.02126   0.01617  -0.1733  0.0009  0.6270  -8.6429   0.0000   0.3042
  14.000   2.2068   0.02313   0.01811  -0.1691  0.0009  0.6584  -9.2266   0.0000   0.3004
  14.500   2.2270   0.02527   0.02032  -0.1653  0.0009  0.6913  -9.8254   0.0000   0.2968
  15.000   2.2460   0.02770   0.02282  -0.1617  0.0009  0.7279  -10.4310   0.0000   0.2934
  15.500   2.2634   0.03049   0.02569  -0.1585  0.0008  0.7738  -11.0408   0.0000   0.2902
  16.000   2.2802   0.03362   0.02894  -0.1558  0.0008  0.8455  -11.6611   0.0000   0.2872
  17.000   2.3047   0.04117   0.03676  -0.1508  0.0007  1.0000  -12.8675   0.0000   0.2817
  17.500   2.3084   0.04587   0.04154  -0.1480  0.0006  1.0000  -13.4157   0.0000   0.2790
  19.000   2.2345   0.07221   0.06836  -0.1407  0.0017  1.0000  -14.2056   0.0000   0.2735
  19.500   2.2328   0.07866   0.07488  -0.1403  0.0020  1.0000  -14.7367   0.0000   0.2719


