XFLR5 v6.02 Beta

 Calculated polar for: WORTMANN FX 63-137

 1 1 Reynolds number fixed          Mach number fixed         

 xtrf =   1.000 (top)        1.000 (bottom)
 Mach =   0.000     Re =    49.000 e 6     Ncrit =   9.000

  alpha     CL        CD       CDp       CM    Top Xtr Bot Xtr   Cpmin    Chinge    XCp    
 ------- -------- --------- --------- -------- ------- ------- -------- --------- ---------
 -21.500  -0.3786   0.19908   0.19653  -0.0641  0.2284  0.0014  -6.3661   0.0000   0.0301
 -21.000  -0.3614   0.19382   0.19125  -0.0676  0.2231  0.0014  -6.1592   0.0000   0.0118
 -20.500  -0.3443   0.18847   0.18588  -0.0711  0.2219  0.0015  -5.9628   0.0000  -0.0082
 -19.500  -1.2472   0.02316   0.01956  -0.1749  0.4388  0.0017  -25.9512   0.0000   0.0812
 -19.000  -1.2363   0.01989   0.01622  -0.1760  0.4320  0.0018  -25.3280   0.0000   0.0804
 -18.500  -1.1995   0.01725   0.01352  -0.1801  0.4257  0.0018  -24.3788   0.0000   0.0736
 -17.500  -1.0965   0.01390   0.00995  -0.1885  0.3391  0.0020  -22.1262   0.0000   0.0532
 -17.000  -1.0428   0.01300   0.00902  -0.1901  0.3381  0.0021  -20.9777   0.0000   0.0434
 -15.500  -0.8760   0.01095   0.00682  -0.1937  0.3070  0.0025  -17.6175   0.0000   0.0056
 -15.000  -0.8188   0.01039   0.00622  -0.1948  0.2997  0.0026  -16.5369   0.0000  -0.0109
 -14.500  -0.7622   0.00995   0.00567  -0.1956  0.2437  0.0028  -15.4907   0.0000  -0.0296
 -14.000  -0.7040   0.00949   0.00518  -0.1966  0.2341  0.0029  -14.4580   0.0000  -0.0524
 -13.500  -0.6453   0.00909   0.00474  -0.1976  0.2217  0.0030  -13.5336   0.0000  -0.0796
 -13.000  -0.5861   0.00869   0.00432  -0.1986  0.2210  0.0032  -12.6339   0.0000  -0.1127
 -12.500  -0.5277   0.00840   0.00394  -0.1994  0.1797  0.0035  -11.7656   0.0000  -0.1524
 -12.000  -0.4682   0.00809   0.00360  -0.2004  0.1696  0.0037  -10.9126   0.0000  -0.2036
 -11.500  -0.4085   0.00781   0.00330  -0.2013  0.1697  0.0039  -10.0824   0.0000  -0.2700
 -11.000  -0.3488   0.00758   0.00304  -0.2021  0.1693  0.0039  -9.2845   0.0000  -0.3592
 -10.000  -0.2297   0.00722   0.00261  -0.2037  0.1446  0.0040  -7.7785   0.0000  -0.6755
  -9.500  -0.1701   0.00707   0.00242  -0.2045  0.1389  0.0041  -7.0690   0.0000  -1.0009
  -9.000  -0.1103   0.00693   0.00226  -0.2052  0.1290  0.0041  -6.3887   0.0000  -1.6800
  -8.500  -0.0505   0.00681   0.00211  -0.2060  0.1241  0.0041  -5.7351   0.0000  -3.9737
  -8.000   0.0094   0.00669   0.00198  -0.2067  0.1238  0.0042  -5.1109   0.0000  22.9753
  -7.500   0.0692   0.00659   0.00186  -0.2075  0.1235  0.0042  -4.5164   0.0000   3.3364
  -7.000   0.1290   0.00651   0.00176  -0.2082  0.1233  0.0043  -4.0476   0.0000   1.9079
  -6.500   0.1887   0.00644   0.00168  -0.2089  0.1230  0.0043  -3.6559   0.0000   1.3846
  -6.000   0.2484   0.00638   0.00161  -0.2095  0.1226  0.0043  -3.2796   0.0000   1.1130
  -5.500   0.3073   0.00640   0.00157  -0.2100  0.1020  0.0044  -2.9211   0.0000   0.9479
  -5.000   0.3665   0.00639   0.00153  -0.2106  0.0991  0.0044  -2.5757   0.0000   0.8355
  -4.500   0.4257   0.00638   0.00151  -0.2112  0.0963  0.0045  -2.2460   0.0000   0.7544
  -4.000   0.4848   0.00639   0.00150  -0.2117  0.0868  0.0045  -1.9322   0.0000   0.6931
  -3.500   0.5438   0.00640   0.00150  -0.2123  0.0844  0.0046  -1.6337   0.0000   0.6451
  -3.000   0.6027   0.00642   0.00151  -0.2128  0.0842  0.0048  -1.3509   0.0000   0.6066
  -2.500   0.6615   0.00645   0.00153  -0.2133  0.0840  0.0046  -1.0832   0.0000   0.5748
  -2.000   0.7200   0.00650   0.00156  -0.2138  0.0834  0.0054  -0.9608   0.0000   0.5483
  -1.000   0.8348   0.00677   0.00173  -0.2143  0.0486  0.0075  -1.0623   0.0000   0.5063
  -0.500   0.8925   0.00688   0.00181  -0.2146  0.0459  0.0083  -1.1147   0.0000   0.4893
   0.000   0.9500   0.00699   0.00190  -0.2149  0.0434  0.0090  -1.1674   0.0000   0.4743
   0.500   1.0077   0.00708   0.00200  -0.2152  0.0410  0.0156  -1.2221   0.0000   0.4610
   1.000   1.0650   0.00719   0.00210  -0.2155  0.0438  0.0170  -1.2868   0.0000   0.4490
   1.500   1.1219   0.00732   0.00222  -0.2157  0.0426  0.0172  -1.3623   0.0000   0.4383
   2.000   1.1785   0.00746   0.00235  -0.2159  0.0409  0.0192  -1.4386   0.0000   0.4285
   2.500   1.2312   0.00794   0.00272  -0.2152  0.0020  0.0373  -1.5262   0.0000   0.4194
   3.500   1.3419   0.00837   0.00311  -0.2151  0.0013  0.0409  -1.7584   0.0000   0.4034
   4.000   1.3966   0.00860   0.00333  -0.2150  0.0014  0.0442  -1.9022   0.0000   0.3963
   4.500   1.4510   0.00885   0.00357  -0.2148  0.0013  0.0506  -2.0804   0.0000   0.3897
   5.000   1.5051   0.00911   0.00382  -0.2146  0.0013  0.0668  -2.2630   0.0000   0.3834
   5.500   1.5584   0.00939   0.00409  -0.2142  0.0013  0.0781  -2.4494   0.0000   0.3775
   6.000   1.6117   0.00968   0.00440  -0.2139  0.0012  0.1168  -2.6402   0.0000   0.3720
   7.000   1.7158   0.01033   0.00505  -0.2129  0.0012  0.1498  -3.0321   0.0000   0.3616
   7.500   1.7666   0.01070   0.00540  -0.2121  0.0012  0.1635  -3.2326   0.0000   0.3568
   8.000   1.8164   0.01109   0.00578  -0.2112  0.0012  0.1600  -3.4357   0.0000   0.3521
   8.500   1.8660   0.01149   0.00620  -0.2103  0.0012  0.1987  -3.6424   0.0000   0.3476
   9.000   1.9148   0.01190   0.00665  -0.2093  0.0012  0.2505  -3.9124   0.0000   0.3433
   9.500   1.9615   0.01237   0.00712  -0.2079  0.0012  0.2728  -4.2618   0.0000   0.3390
  10.000   2.0088   0.01283   0.00768  -0.2068  0.0011  0.3712  -4.8435   0.0000   0.3349
  10.500   2.0516   0.01338   0.00823  -0.2047  0.0011  0.3870  -5.4311   0.0000   0.3308
  11.000   2.0832   0.01400   0.00886  -0.2003  0.0011  0.3981  -5.9801   0.0000   0.3262
  13.000   2.1998   0.01759   0.01259  -0.1830  0.0010  0.4985  -8.3292   0.0000   0.3091
  13.500   2.2253   0.01889   0.01391  -0.1787  0.0009  0.5005  -8.9434   0.0000   0.3051
  14.000   2.2499   0.02038   0.01543  -0.1746  0.0009  0.5265  -9.5695   0.0000   0.3013
  14.500   2.2716   0.02210   0.01723  -0.1705  0.0009  0.5662  -10.1914   0.0000   0.2976
  15.000   2.2892   0.02428   0.01948  -0.1662  0.0008  0.6054  -10.7988   0.0000   0.2940
  16.000   2.2724   0.03369   0.02920  -0.1540  0.0016  0.6548  -11.5421   0.0000   0.2867
  16.500   2.2824   0.03741   0.03300  -0.1509  0.0020  0.6887  -12.1521   0.0000   0.2838
  17.000   2.2890   0.04143   0.03710  -0.1479  0.0023  0.7115  -12.7127   0.0000   0.2809
  17.500   2.2920   0.04638   0.04216  -0.1453  0.0028  0.7482  -13.2428   0.0000   0.2784
  19.000   2.3043   0.06369   0.05993  -0.1421  0.0039  1.0000  -14.9162   0.0000   0.2723
  19.500   2.2950   0.07094   0.06727  -0.1411  0.0040  1.0000  -15.3585   0.0000   0.2706


