XFLR5 v6.02 Beta

 Calculated polar for: WORTMANN FX 63-137

 1 1 Reynolds number fixed          Mach number fixed         

 xtrf =   1.000 (top)        1.000 (bottom)
 Mach =   0.000     Re =    35.750 e 6     Ncrit =   9.000

  alpha     CL        CD       CDp       CM    Top Xtr Bot Xtr   Cpmin    Chinge    XCp    
 ------- -------- --------- --------- -------- ------- ------- -------- --------- ---------
 -21.500  -1.1559   0.05659   0.05348  -0.1483  0.5351  0.0020  -25.7723   0.0000   0.0856
 -21.000  -1.1966   0.04529   0.04203  -0.1573  0.5324  0.0020  -26.2016   0.0000   0.0846
 -20.500  -1.2173   0.03686   0.03349  -0.1641  0.5310  0.0020  -26.2169   0.0000   0.0831
 -20.000  -1.2200   0.03130   0.02781  -0.1683  0.4997  0.0020  -25.8770   0.0000   0.0816
 -19.500  -1.2178   0.02626   0.02267  -0.1721  0.4944  0.0021  -25.4447   0.0000   0.0797
 -19.000  -1.2039   0.02258   0.01893  -0.1744  0.4882  0.0021  -24.8103   0.0000   0.0774
 -18.500  -1.1886   0.01939   0.01568  -0.1761  0.4815  0.0022  -24.1469   0.0000   0.0754
 -18.000  -1.1473   0.01667   0.01290  -0.1813  0.4707  0.0023  -23.1696   0.0000   0.0664
 -17.500  -1.0953   0.01474   0.01078  -0.1867  0.4018  0.0024  -22.0660   0.0000   0.0546
 -17.000  -1.0437   0.01371   0.00966  -0.1885  0.3699  0.0025  -20.9507   0.0000   0.0451
 -16.500  -0.9899   0.01283   0.00872  -0.1900  0.3604  0.0026  -19.8293   0.0000   0.0342
 -16.000  -0.9346   0.01205   0.00789  -0.1913  0.3511  0.0028  -18.7158   0.0000   0.0218
 -15.500  -0.8781   0.01135   0.00716  -0.1926  0.3445  0.0030  -17.6157   0.0000   0.0075
 -15.000  -0.8208   0.01073   0.00650  -0.1938  0.3388  0.0031  -16.5343   0.0000  -0.0091
 -14.500  -0.7644   0.01026   0.00593  -0.1947  0.2991  0.0033  -15.4897   0.0000  -0.0276
 -13.500  -0.6488   0.00945   0.00496  -0.1965  0.2419  0.0036  -13.5311   0.0000  -0.0761
 -13.000  -0.5900   0.00908   0.00455  -0.1974  0.2329  0.0037  -12.6295   0.0000  -0.1084
 -12.500  -0.5308   0.00874   0.00419  -0.1984  0.2224  0.0038  -11.7524   0.0000  -0.1482
 -12.000  -0.4725   0.00851   0.00385  -0.1991  0.1789  0.0038  -10.9099   0.0000  -0.1968
 -11.500  -0.4129   0.00823   0.00355  -0.2000  0.1809  0.0039  -10.0817   0.0000  -0.2613
 -11.000  -0.3533   0.00799   0.00328  -0.2009  0.1731  0.0039  -9.2855   0.0000  -0.3478
 -10.500  -0.2936   0.00776   0.00303  -0.2017  0.1700  0.0040  -8.5171   0.0000  -0.4699
 -10.000  -0.2337   0.00756   0.00280  -0.2026  0.1694  0.0040  -7.7774   0.0000  -0.6549
  -9.500  -0.1738   0.00737   0.00259  -0.2034  0.1687  0.0041  -7.0677   0.0000  -0.9678
  -9.000  -0.1147   0.00727   0.00241  -0.2041  0.1403  0.0041  -6.3943   0.0000  -1.5958
  -8.500  -0.0550   0.00714   0.00225  -0.2048  0.1348  0.0041  -5.7423   0.0000  -3.6065
  -8.000   0.0049   0.00702   0.00211  -0.2056  0.1299  0.0042  -5.1192   0.0000  43.8676
  -7.500   0.0647   0.00691   0.00198  -0.2064  0.1249  0.0042  -4.5256   0.0000   3.5348
  -7.000   0.1245   0.00682   0.00187  -0.2071  0.1240  0.0043  -4.0511   0.0000   1.9592
  -6.500   0.1842   0.00674   0.00178  -0.2078  0.1237  0.0043  -3.6604   0.0000   1.4064
  -6.000   0.2439   0.00668   0.00170  -0.2085  0.1233  0.0043  -3.2849   0.0000   1.1245
  -5.500   0.3035   0.00663   0.00164  -0.2091  0.1229  0.0044  -2.9246   0.0000   0.9536
  -5.000   0.3630   0.00660   0.00160  -0.2098  0.1223  0.0044  -2.5782   0.0000   0.8389
  -4.500   0.4215   0.00665   0.00159  -0.2102  0.1019  0.0045  -2.2521   0.0000   0.7571
  -4.000   0.4803   0.00667   0.00157  -0.2107  0.0966  0.0045  -1.9395   0.0000   0.6951
  -3.500   0.5392   0.00669   0.00158  -0.2113  0.0887  0.0046  -1.6416   0.0000   0.6466
  -3.000   0.5981   0.00672   0.00159  -0.2118  0.0858  0.0053  -1.3591   0.0000   0.6076
  -2.500   0.6568   0.00675   0.00161  -0.2123  0.0842  0.0050  -1.0912   0.0000   0.5756
  -2.000   0.7154   0.00679   0.00164  -0.2128  0.0840  0.0061  -0.9579   0.0000   0.5488
  -1.500   0.7737   0.00685   0.00169  -0.2132  0.0828  0.0076  -1.0081   0.0000   0.5260
  -1.000   0.8304   0.00704   0.00180  -0.2133  0.0604  0.0087  -1.0593   0.0000   0.5065
  -0.500   0.8881   0.00715   0.00189  -0.2136  0.0514  0.0097  -1.1116   0.0000   0.4894
   0.000   0.9457   0.00725   0.00198  -0.2139  0.0490  0.0150  -1.1643   0.0000   0.4744
   0.500   1.0028   0.00739   0.00209  -0.2142  0.0461  0.0158  -1.2184   0.0000   0.4610
   1.000   1.0602   0.00748   0.00219  -0.2145  0.0486  0.0170  -1.2827   0.0000   0.4490
   1.500   1.1169   0.00763   0.00232  -0.2146  0.0470  0.0172  -1.3579   0.0000   0.4382
   2.000   1.1732   0.00779   0.00246  -0.2148  0.0449  0.0202  -1.4338   0.0000   0.4283
   2.500   1.2255   0.00830   0.00286  -0.2140  0.0028  0.0374  -1.5202   0.0000   0.4192
   3.000   1.2808   0.00852   0.00306  -0.2140  0.0020  0.0381  -1.6333   0.0000   0.4109
   3.500   1.3358   0.00875   0.00327  -0.2139  0.0016  0.0436  -1.7505   0.0000   0.4032
   4.000   1.3903   0.00900   0.00351  -0.2137  0.0019  0.0470  -1.8914   0.0000   0.3961
   5.000   1.4982   0.00953   0.00403  -0.2132  0.0013  0.0675  -2.2504   0.0000   0.3832
   5.500   1.5514   0.00982   0.00432  -0.2128  0.0013  0.0843  -2.4360   0.0000   0.3773
   6.500   1.6564   0.01046   0.00498  -0.2119  0.0012  0.1526  -2.8190   0.0000   0.3664
   7.000   1.7077   0.01081   0.00534  -0.2113  0.0012  0.1760  -3.0155   0.0000   0.3613
   7.500   1.7583   0.01119   0.00572  -0.2105  0.0012  0.1955  -3.2150   0.0000   0.3564
   8.000   1.8074   0.01160   0.00612  -0.2095  0.0012  0.1949  -3.4162   0.0000   0.3517
   8.500   1.8568   0.01201   0.00658  -0.2086  0.0012  0.2639  -3.6219   0.0000   0.3472
   9.000   1.9047   0.01246   0.00706  -0.2075  0.0012  0.3075  -3.8832   0.0000   0.3429
   9.500   1.9501   0.01297   0.00757  -0.2058  0.0011  0.3246  -4.1965   0.0000   0.3386
  10.000   1.9967   0.01346   0.00818  -0.2046  0.0011  0.4335  -4.7700   0.0000   0.3345
  10.500   2.0320   0.01406   0.00879  -0.2009  0.0011  0.4446  -5.3103   0.0000   0.3300
  11.000   2.0622   0.01474   0.00950  -0.1964  0.0011  0.4597  -5.8435   0.0000   0.3253
  11.500   2.0922   0.01555   0.01033  -0.1920  0.0010  0.4705  -6.4008   0.0000   0.3209
  12.000   2.1216   0.01649   0.01128  -0.1877  0.0010  0.4749  -6.9739   0.0000   0.3166
  12.500   2.1491   0.01758   0.01242  -0.1834  0.0010  0.5124  -7.5552   0.0000   0.3124
  13.000   2.1758   0.01884   0.01373  -0.1793  0.0010  0.5326  -8.1516   0.0000   0.3084
  13.500   2.2013   0.02029   0.01523  -0.1753  0.0009  0.5641  -8.7582   0.0000   0.3045
  14.000   2.2245   0.02196   0.01697  -0.1713  0.0009  0.6114  -9.3672   0.0000   0.3007
  14.500   2.2458   0.02390   0.01897  -0.1674  0.0009  0.6495  -9.9789   0.0000   0.2971
  15.000   2.2659   0.02614   0.02129  -0.1638  0.0009  0.6885  -10.5988   0.0000   0.2937
  15.500   2.2824   0.02878   0.02399  -0.1601  0.0008  0.7147  -11.2066   0.0000   0.2903
  16.000   2.2990   0.03165   0.02693  -0.1569  0.0008  0.7511  -11.8307   0.0000   0.2872
  16.500   2.3132   0.03499   0.03038  -0.1540  0.0007  0.8107  -12.4491   0.0000   0.2842
  17.500   2.2716   0.05003   0.04597  -0.1460  0.0015  1.0000  -13.0088   0.0000   0.2791
  18.000   2.2744   0.05541   0.05141  -0.1441  0.0020  1.0000  -13.5847   0.0000   0.2768
  18.500   2.2709   0.06172   0.05781  -0.1425  0.0023  1.0000  -14.0715   0.0000   0.2748
  19.000   2.2637   0.06868   0.06487  -0.1413  0.0025  1.0000  -14.5239   0.0000   0.2730
  19.500   2.2526   0.07635   0.07263  -0.1407  0.0027  1.0000  -14.9385   0.0000   0.2715


