xflr5 v6.59

 Calculated polar for: WORTMANN FX 63-137 AIRFOIL

 1 1 Reynolds number fixed          Mach number fixed         

 xtrf =   1.000 (top)        1.000 (bottom)
 Mach =   0.000     Re =     3.500 e 6     Ncrit =   9.000

  alpha     CL        CD       CDp       Cm    Top Xtr Bot Xtr   Cpmin    Chinge    XCp    
 ------- -------- --------- --------- -------- ------- ------- -------- --------- ---------
 -18.000   -0.2372   0.18821   0.18689   -0.0707   0.9477   0.0045   -1.4027   0.0000   -0.1001   
 -17.900   -0.2180   0.18483   0.18336   -0.0770   0.9231   0.0045   -1.3993   0.0000   -0.1605   
 -17.800   -0.2104   0.18312   0.18136   -0.0792   0.8684   0.0045   -1.4003   0.0000   -0.1852   
 -17.700   -0.2069   0.18187   0.18001   -0.0798   0.8478   0.0045   -1.4034   0.0000   -0.1953   
 -17.600   -0.2036   0.18060   0.17870   -0.0804   0.8371   0.0045   -1.4067   0.0000   -0.2053   
 -17.500   -0.2003   0.17934   0.17739   -0.0810   0.8280   0.0045   -1.4103   0.0000   -0.2154   
 -17.400   -0.1971   0.17805   0.17608   -0.0816   0.8228   0.0045   -1.4140   0.0000   -0.2259   
 -17.300   -0.1938   0.17678   0.17478   -0.0822   0.8136   0.0045   -1.4178   0.0000   -0.2366   
 -17.200   -0.1907   0.17552   0.17347   -0.0828   0.8038   0.0045   -1.4218   0.0000   -0.2474   
 -17.100   -0.1875   0.17424   0.17216   -0.0834   0.7987   0.0045   -1.4260   0.0000   -0.2588   
 -17.000   -0.1843   0.17295   0.17086   -0.0840   0.7939   0.0045   -1.4303   0.0000   -0.2705   
 -16.900   -0.1811   0.17167   0.16954   -0.0846   0.7880   0.0045   -1.4348   0.0000   -0.2824   
 -16.800   -0.1780   0.17039   0.16823   -0.0851   0.7823   0.0045   -1.4395   0.0000   -0.2947   
 -16.700   -0.1748   0.16910   0.16692   -0.0857   0.7777   0.0045   -1.4445   0.0000   -0.3076   
 -16.600   -0.1716   0.16779   0.16561   -0.0863   0.7758   0.0045   -1.4496   0.0000   -0.3211   
 -16.500   -0.1684   0.16648   0.16429   -0.0869   0.7733   0.0045   -1.4550   0.0000   -0.3349   
 -16.400   -0.1653   0.16518   0.16298   -0.0875   0.7691   0.0045   -1.4606   0.0000   -0.3490   
 -16.300   -0.1623   0.16390   0.16167   -0.0880   0.7619   0.0045   -1.4665   0.0000   -0.3632   
 -16.200   -0.1594   0.16264   0.16036   -0.0885   0.7513   0.0045   -1.4726   0.0000   -0.3772   
 -16.100   -0.1564   0.16135   0.15905   -0.0891   0.7457   0.0045   -1.4791   0.0000   -0.3923   
 -16.000   -0.1535   0.16006   0.15773   -0.0896   0.7407   0.0045   -1.4859   0.0000   -0.4078   
 -15.900   -0.1506   0.15877   0.15642   -0.0902   0.7351   0.0045   -1.4930   0.0000   -0.4236   
 -15.800   -0.1477   0.15750   0.15511   -0.0907   0.7282   0.0045   -1.5006   0.0000   -0.4396   
 -15.700   -0.1449   0.15621   0.15380   -0.0912   0.7216   0.0045   -1.5086   0.0000   -0.4565   
 -15.600   -0.1420   0.15489   0.15248   -0.0917   0.7194   0.0045   -1.5172   0.0000   -0.4745   
 -15.500   -0.1391   0.15358   0.15116   -0.0923   0.7168   0.0045   -1.5264   0.0000   -0.4928   
 -15.000   -0.1586   0.13633   0.13401   -0.0963   0.7344   0.0037   -3.0796   0.0000   -0.4299   
 -14.900   -0.1552   0.13527   0.13292   -0.0968   0.7293   0.0038   -3.0491   0.0000   -0.4475   
 -14.800   -0.1518   0.13420   0.13183   -0.0973   0.7227   0.0038   -3.0188   0.0000   -0.4659   
 -14.700   -0.1484   0.13311   0.13073   -0.0979   0.7198   0.0039   -2.9884   0.0000   -0.4858   
 -14.600   -0.1449   0.13202   0.12964   -0.0984   0.7171   0.0040   -2.9579   0.0000   -0.5065   
 -10.500   -0.0409   0.08296   0.07997   -0.1211   0.5269   0.0126   -2.4097   0.0000   -2.9126   
 -10.400   -0.0368   0.08216   0.07916   -0.1215   0.5239   0.0128   -2.3667   0.0000   -3.2732   
 -10.300   -0.0336   0.08150   0.07843   -0.1217   0.5043   0.0130   -2.3260   0.0000   -3.6078   
 -10.200   -0.0296   0.08076   0.07767   -0.1221   0.4968   0.0134   -2.2816   0.0000   -4.1457   
 -10.100   -0.0253   0.08004   0.07692   -0.1225   0.4921   0.0138   -2.2354   0.0000   -4.8990   
 -10.000   -0.0209   0.07934   0.07621   -0.1228   0.4874   0.0142   -2.1882   0.0000   -6.0016   
 -9.900   -0.0162   0.07868   0.07552   -0.1231   0.4826   0.0148   -2.1404   0.0000   -7.8029   
 -9.800   -0.0113   0.07803   0.07486   -0.1235   0.4776   0.0153   -2.0926   0.0000   -11.3658   
 -9.700   -0.0061   0.07738   0.07419   -0.1238   0.4726   0.0158   -2.0466   0.0000   -21.1761   
 -9.600   -0.0010   0.07668   0.07349   -0.1241   0.4680   0.0161   -2.0040   0.0000   -128.3736   
 -9.500   0.0044   0.07600   0.07280   -0.1245   0.4675   0.0164   -1.9597   0.0000   30.2758   
 -8.900   -0.1276   0.00916   0.00377   -0.1970   0.5308   0.0097   -5.5732   0.0000   -1.3523   
 -8.600   -0.0924   0.00912   0.00357   -0.1972   0.5226   0.0064   -5.2421   0.0000   -1.9617   
 -8.500   -0.0819   0.00916   0.00351   -0.1972   0.4990   0.0063   -5.1395   0.0000   -2.2451   
 -8.400   -0.0701   0.00911   0.00342   -0.1973   0.4926   0.0063   -5.0316   0.0000   -2.6663   
 -8.300   -0.0583   0.00907   0.00334   -0.1975   0.4864   0.0063   -4.9249   0.0000   -3.2530   
 -8.200   -0.0467   0.00904   0.00327   -0.1976   0.4801   0.0062   -4.8193   0.0000   -4.1288   
 -8.100   -0.0349   0.00900   0.00320   -0.1978   0.4735   0.0062   -4.7138   0.0000   -5.6101   
 -8.000   -0.0229   0.00896   0.00313   -0.1980   0.4675   0.0062   -4.6083   0.0000   -8.6736   
 -7.900   -0.0108   0.00890   0.00305   -0.1982   0.4659   0.0062   -4.5030   0.0000   -18.6830   
 -7.800   0.0013   0.00885   0.00299   -0.1984   0.4641   0.0061   -4.3987   0.0000   160.5941   
 -7.700   0.0133   0.00880   0.00292   -0.1986   0.4620   0.0061   -4.2961   0.0000   15.6151   
 -7.600   0.0255   0.00874   0.00286   -0.1988   0.4613   0.0061   -4.2189   0.0000   8.2953   
 -7.500   0.0359   0.00882   0.00285   -0.1987   0.4364   0.0060   -4.1483   0.0000   5.9599   
 -7.400   0.0476   0.00880   0.00279   -0.1988   0.4296   0.0060   -4.0734   0.0000   4.5531   
 -7.300   0.0593   0.00879   0.00274   -0.1989   0.4243   0.0060   -3.9989   0.0000   3.7035   
 -7.200   0.0710   0.00878   0.00270   -0.1991   0.4188   0.0059   -3.9251   0.0000   3.1368   
 -7.100   0.0827   0.00876   0.00266   -0.1992   0.4132   0.0059   -3.8516   0.0000   2.7289   
 -7.000   0.0945   0.00874   0.00262   -0.1993   0.4071   0.0059   -3.7781   0.0000   2.4194   
 -6.900   0.1065   0.00871   0.00256   -0.1995   0.4053   0.0059   -3.7039   0.0000   2.1748   
 -6.800   0.1185   0.00867   0.00252   -0.1997   0.4022   0.0059   -3.6305   0.0000   1.9805   
 -6.700   0.1305   0.00864   0.00248   -0.1998   0.4011   0.0059   -3.5572   0.0000   1.8217   
 -6.600   0.1425   0.00861   0.00244   -0.2000   0.3999   0.0059   -3.4842   0.0000   1.6899   
 -6.500   0.1545   0.00858   0.00241   -0.2002   0.3982   0.0059   -3.4115   0.0000   1.5789   
 -6.400   0.1665   0.00855   0.00238   -0.2003   0.3970   0.0059   -3.3390   0.0000   1.4837   
 -6.200   0.1887   0.00864   0.00236   -0.2003   0.3698   0.0059   -3.2007   0.0000   1.3376   
 -6.100   0.2004   0.00864   0.00234   -0.2004   0.3654   0.0058   -3.1299   0.0000   1.2742   
 -6.000   0.2120   0.00864   0.00232   -0.2005   0.3610   0.0058   -3.0597   0.0000   1.2180   
 -5.900   0.2236   0.00865   0.00231   -0.2006   0.3567   0.0058   -2.9900   0.0000   1.1678   
 -5.800   0.2352   0.00865   0.00229   -0.2007   0.3522   0.0058   -2.9197   0.0000   1.1225   
 -5.700   0.2469   0.00865   0.00228   -0.2008   0.3475   0.0057   -2.8484   0.0000   1.0813   
 -5.600   0.2587   0.00865   0.00226   -0.2009   0.3424   0.0057   -2.7756   0.0000   1.0437   
 -5.500   0.2705   0.00864   0.00226   -0.2010   0.3391   0.0057   -2.6986   0.0000   1.0092   
 -5.400   0.2811   0.00873   0.00241   -0.2009   0.3384   0.0057   -2.5450   0.0000   0.9798   
 -5.300   0.2929   0.00871   0.00240   -0.2010   0.3375   0.0056   -2.4778   0.0000   0.9503   
 -5.200   0.3049   0.00869   0.00238   -0.2012   0.3365   0.0056   -2.4132   0.0000   0.9232   
 -5.100   0.3168   0.00868   0.00236   -0.2013   0.3350   0.0056   -2.3508   0.0000   0.8981   
 -5.000   0.3287   0.00866   0.00233   -0.2015   0.3340   0.0056   -2.2900   0.0000   0.8747   
 -4.800   0.3509   0.00876   0.00234   -0.2015   0.3078   0.0055   -2.1781   0.0000   0.8347   
 -4.700   0.3626   0.00876   0.00232   -0.2016   0.3036   0.0055   -2.1226   0.0000   0.8159   
 -4.600   0.3743   0.00876   0.00230   -0.2017   0.2996   0.0055   -2.0687   0.0000   0.7983   
 -4.500   0.3859   0.00877   0.00228   -0.2018   0.2955   0.0055   -2.0162   0.0000   0.7818   
 -4.400   0.3976   0.00878   0.00225   -0.2019   0.2909   0.0054   -1.9661   0.0000   0.7662   
 -4.300   0.4094   0.00877   0.00222   -0.2020   0.2864   0.0054   -1.9160   0.0000   0.7514   
 -4.200   0.4213   0.00876   0.00220   -0.2022   0.2816   0.0054   -1.8674   0.0000   0.7374   
 -4.100   0.4333   0.00875   0.00217   -0.2023   0.2787   0.0054   -1.8205   0.0000   0.7241   
 -4.000   0.4453   0.00872   0.00214   -0.2025   0.2780   0.0054   -1.7764   0.0000   0.7114   
 -3.900   0.4578   0.00867   0.00206   -0.2027   0.2772   0.0054   -1.7691   0.0000   0.6992   
 -3.800   0.4699   0.00865   0.00203   -0.2029   0.2763   0.0055   -1.7410   0.0000   0.6878   
 -3.700   0.4819   0.00864   0.00201   -0.2031   0.2751   0.0057   -1.7114   0.0000   0.6770   
 -3.600   0.4948   0.00855   0.00198   -0.2035   0.2742   0.0140   -1.7278   0.0000   0.6665   
 -3.400   0.5165   0.00871   0.00205   -0.2034   0.2497   0.0148   -1.5983   0.0000   0.6484   
 -3.300   0.5279   0.00873   0.00207   -0.2034   0.2466   0.0152   -1.5288   0.0000   0.6397   
 -3.200   0.5393   0.00876   0.00209   -0.2034   0.2436   0.0155   -1.4572   0.0000   0.6314   
 -3.100   0.5505   0.00880   0.00211   -0.2035   0.2407   0.0157   -1.3846   0.0000   0.6235   
 -3.000   0.5617   0.00884   0.00214   -0.2035   0.2377   0.0160   -1.3133   0.0000   0.6159   
 -2.900   0.5731   0.00887   0.00216   -0.2035   0.2346   0.0162   -1.2450   0.0000   0.6085   
 -2.800   0.5845   0.00890   0.00218   -0.2036   0.2315   0.0164   -1.1805   0.0000   0.6015   
 -2.700   0.5961   0.00891   0.00219   -0.2037   0.2279   0.0165   -1.1202   0.0000   0.5946   
 -2.600   0.6077   0.00892   0.00220   -0.2038   0.2246   0.0166   -1.0649   0.0000   0.5880   
 -2.500   0.6195   0.00892   0.00219   -0.2039   0.2222   0.0166   -1.0162   0.0000   0.5816   
 -2.400   0.6315   0.00890   0.00215   -0.2041   0.2217   0.0165   -0.9819   0.0000   0.5754   
 -2.300   0.6416   0.00907   0.00218   -0.2039   0.1926   0.0160   -0.9833   0.0000   0.5698   
 -2.200   0.6525   0.00915   0.00221   -0.2038   0.1856   0.0162   -0.9272   0.0000   0.5642   
 -2.100   0.6638   0.00919   0.00223   -0.2038   0.1819   0.0163   -0.9239   0.0000   0.5587   
 -2.000   0.6753   0.00921   0.00224   -0.2039   0.1794   0.0164   -0.9326   0.0000   0.5534   
 -1.900   0.6868   0.00922   0.00225   -0.2040   0.1766   0.0165   -0.9413   0.0000   0.5483   
 -1.800   0.6984   0.00924   0.00226   -0.2041   0.1740   0.0166   -0.9500   0.0000   0.5433   
 -1.700   0.7100   0.00925   0.00227   -0.2042   0.1716   0.0167   -0.9588   0.0000   0.5385   
 -1.600   0.7216   0.00926   0.00228   -0.2043   0.1703   0.0168   -0.9682   0.0000   0.5338   
 -1.500   0.7332   0.00927   0.00229   -0.2044   0.1699   0.0168   -0.9786   0.0000   0.5292   
 -1.400   0.7448   0.00928   0.00229   -0.2044   0.1696   0.0169   -0.9890   0.0000   0.5248   
 -1.300   0.7565   0.00929   0.00230   -0.2045   0.1692   0.0169   -0.9993   0.0000   0.5206   
 -1.200   0.7681   0.00930   0.00231   -0.2046   0.1687   0.0170   -1.0097   0.0000   0.5164   
 -1.100   0.7797   0.00932   0.00231   -0.2047   0.1683   0.0170   -1.0201   0.0000   0.5124   
 -1.000   0.7913   0.00933   0.00232   -0.2048   0.1677   0.0170   -1.0305   0.0000   0.5085   
 -0.900   0.8029   0.00935   0.00233   -0.2049   0.1670   0.0171   -1.0409   0.0000   0.5047   
 -0.800   0.8144   0.00936   0.00235   -0.2049   0.1659   0.0171   -1.0514   0.0000   0.5010   
 -0.600   0.8357   0.00954   0.00245   -0.2048   0.1462   0.0186   -1.0720   0.0000   0.4941   
 -0.500   0.8469   0.00960   0.00247   -0.2048   0.1427   0.0187   -1.0823   0.0000   0.4907   
 -0.400   0.8579   0.00966   0.00251   -0.2048   0.1389   0.0189   -1.0925   0.0000   0.4874   
 -0.300   0.8690   0.00971   0.00253   -0.2048   0.1358   0.0189   -1.1027   0.0000   0.4842   
 -0.200   0.8803   0.00974   0.00255   -0.2048   0.1339   0.0190   -1.1130   0.0000   0.4811   
 -0.100   0.8916   0.00978   0.00257   -0.2048   0.1318   0.0190   -1.1234   0.0000   0.4780   
 0.000   0.9030   0.00981   0.00260   -0.2048   0.1297   0.0189   -1.1337   0.0000   0.4750   
 0.100   0.9143   0.00984   0.00262   -0.2049   0.1275   0.0187   -1.1441   0.0000   0.4721   
 0.200   0.9256   0.00986   0.00265   -0.2049   0.1256   0.0185   -1.1544   0.0000   0.4692   
 0.300   0.9370   0.00989   0.00268   -0.2049   0.1241   0.0183   -1.1648   0.0000   0.4664   
 0.400   0.9483   0.00992   0.00271   -0.2050   0.1239   0.0182   -1.1752   0.0000   0.4637   
 0.500   0.9596   0.00995   0.00273   -0.2050   0.1236   0.0181   -1.1857   0.0000   0.4611   
 0.600   0.9709   0.00998   0.00276   -0.2050   0.1233   0.0179   -1.1961   0.0000   0.4585   
 0.700   0.9822   0.01000   0.00279   -0.2051   0.1229   0.0179   -1.2074   0.0000   0.4559   
 0.800   0.9935   0.01004   0.00283   -0.2051   0.1225   0.0178   -1.2198   0.0000   0.4534   
 0.900   1.0048   0.01007   0.00286   -0.2051   0.1222   0.0181   -1.2321   0.0000   0.4510   
 1.000   1.0160   0.01010   0.00290   -0.2051   0.1217   0.0182   -1.2445   0.0000   0.4486   
 1.100   1.0272   0.01013   0.00294   -0.2051   0.1211   0.0201   -1.2568   0.0000   0.4463   
 1.200   1.0380   0.01019   0.00297   -0.2051   0.1201   0.0246   -1.2690   0.0000   0.4440   
 1.300   1.0495   0.01021   0.00304   -0.2051   0.1193   0.0264   -1.2816   0.0000   0.4417   
 1.400   1.0591   0.01039   0.00317   -0.2049   0.1032   0.0344   -1.2953   0.0000   0.4396   
 1.500   1.0700   0.01044   0.00321   -0.2048   0.1020   0.0358   -1.3101   0.0000   0.4374   
 1.600   1.0810   0.01049   0.00325   -0.2048   0.1008   0.0366   -1.3251   0.0000   0.4353   
 1.700   1.0918   0.01055   0.00330   -0.2048   0.0996   0.0372   -1.3402   0.0000   0.4333   
 1.800   1.1027   0.01061   0.00335   -0.2047   0.0984   0.0377   -1.3554   0.0000   0.4312   
 1.900   1.1136   0.01067   0.00339   -0.2047   0.0972   0.0381   -1.3706   0.0000   0.4293   
 2.000   1.1245   0.01072   0.00344   -0.2046   0.0960   0.0383   -1.3857   0.0000   0.4273   
 2.100   1.1354   0.01077   0.00348   -0.2046   0.0946   0.0395   -1.4007   0.0000   0.4254   
 2.200   1.1463   0.01082   0.00352   -0.2046   0.0931   0.0418   -1.4159   0.0000   0.4235   
 2.300   1.1573   0.01087   0.00358   -0.2046   0.0917   0.0493   -1.4311   0.0000   0.4216   
 2.400   1.1682   0.01092   0.00364   -0.2045   0.0896   0.0516   -1.4463   0.0000   0.4198   
 2.500   1.1792   0.01097   0.00370   -0.2045   0.0843   0.0644   -1.4620   0.0000   0.4181   
 2.600   1.1901   0.01102   0.00376   -0.2045   0.0835   0.0672   -1.4769   0.0000   0.4163   
 2.700   1.2010   0.01107   0.00382   -0.2045   0.0820   0.0786   -1.4953   0.0000   0.4146   
 2.800   1.2122   0.01112   0.00389   -0.2046   0.0794   0.1000   -1.5201   0.0000   0.4129   
 2.900   1.2206   0.01137   0.00407   -0.2041   0.0641   0.1019   -1.5417   0.0000   0.4112   
 3.000   1.2308   0.01147   0.00414   -0.2039   0.0616   0.1034   -1.5599   0.0000   0.4096   
 3.100   1.2413   0.01154   0.00421   -0.2038   0.0593   0.1093   -1.5793   0.0000   0.4079   
 3.200   1.2520   0.01161   0.00428   -0.2037   0.0571   0.1160   -1.6002   0.0000   0.4063   
 3.300   1.2628   0.01166   0.00434   -0.2037   0.0549   0.1226   -1.6221   0.0000   0.4048   
 3.400   1.2741   0.01170   0.00441   -0.2038   0.0530   0.1437   -1.6448   0.0000   0.4033   
 3.500   1.2847   0.01176   0.00447   -0.2037   0.0517   0.1462   -1.6671   0.0000   0.4017   
 3.600   1.2954   0.01182   0.00453   -0.2036   0.0515   0.1551   -1.6904   0.0000   0.4002   
 3.700   1.3064   0.01186   0.00459   -0.2037   0.0512   0.1656   -1.7141   0.0000   0.3988   
 3.800   1.3178   0.01189   0.00466   -0.2038   0.0508   0.1925   -1.7384   0.0000   0.3974   
 3.900   1.3281   0.01196   0.00472   -0.2036   0.0516   0.1791   -1.7632   0.0000   0.3959   
 4.000   1.3390   0.01200   0.00479   -0.2036   0.0515   0.1944   -1.7974   0.0000   0.3945   
 4.100   1.3497   0.01206   0.00485   -0.2036   0.0513   0.2057   -1.8316   0.0000   0.3931   
 4.200   1.3608   0.01210   0.00493   -0.2036   0.0511   0.2221   -1.8664   0.0000   0.3918   
 4.300   1.3721   0.01213   0.00500   -0.2037   0.0507   0.2486   -1.9019   0.0000   0.3905   
 4.400   1.3829   0.01219   0.00508   -0.2037   0.0501   0.2656   -1.9370   0.0000   0.3892   
 4.500   1.3946   0.01222   0.00518   -0.2040   0.0489   0.3052   -1.9737   0.0000   0.3879   
 4.600   1.4045   0.01232   0.00528   -0.2038   0.0469   0.3122   -2.0083   0.0000   0.3866   
 4.700   1.4150   0.01242   0.00540   -0.2037   0.0444   0.3352   -2.0436   0.0000   0.3854   
 4.800   1.4258   0.01250   0.00552   -0.2038   0.0419   0.3668   -2.0794   0.0000   0.3841   
 4.900   1.4360   0.01258   0.00561   -0.2036   0.0398   0.3781   -2.1142   0.0000   0.3829   
 5.100   1.4576   0.01270   0.00580   -0.2037   0.0381   0.4169   -2.1866   0.0000   0.3805   
 5.200   1.4683   0.01276   0.00589   -0.2036   0.0379   0.4354   -2.2232   0.0000   0.3793   
 5.300   1.4794   0.01281   0.00599   -0.2037   0.0376   0.4672   -2.2608   0.0000   0.3782   
 5.400   1.4903   0.01286   0.00609   -0.2038   0.0374   0.4966   -2.2983   0.0000   0.3770   
 5.500   1.5002   0.01295   0.00618   -0.2036   0.0370   0.5006   -2.3346   0.0000   0.3758   
 5.600   1.5101   0.01304   0.00627   -0.2034   0.0366   0.5056   -2.3710   0.0000   0.3747   
 5.700   1.5200   0.01313   0.00637   -0.2032   0.0361   0.5112   -2.4078   0.0000   0.3735   
 5.800   1.5297   0.01323   0.00647   -0.2030   0.0352   0.5163   -2.4449   0.0000   0.3723   
 6.100   1.5476   0.01431   0.00741   -0.2002   0.0045   0.5283   -2.5285   0.0000   0.3685   
 6.200   1.5567   0.01444   0.00754   -0.1998   0.0043   0.5303   -2.5647   0.0000   0.3674   
 6.300   1.5657   0.01456   0.00766   -0.1995   0.0041   0.5317   -2.6009   0.0000   0.3663   
 6.400   1.5747   0.01468   0.00778   -0.1991   0.0039   0.5339   -2.6370   0.0000   0.3651   
 6.500   1.5838   0.01480   0.00791   -0.1988   0.0037   0.5429   -2.6730   0.0000   0.3640   
 6.600   1.5930   0.01492   0.00804   -0.1985   0.0035   0.5522   -2.7092   0.0000   0.3630   
 6.700   1.6020   0.01504   0.00817   -0.1981   0.0034   0.5595   -2.7451   0.0000   0.3619   
 6.800   1.6108   0.01516   0.00830   -0.1977   0.0032   0.5635   -2.7807   0.0000   0.3608   
 6.900   1.6194   0.01528   0.00842   -0.1973   0.0030   0.5653   -2.8160   0.0000   0.3597   
 7.000   1.6281   0.01541   0.00855   -0.1969   0.0029   0.5700   -2.8515   0.0000   0.3586   
 7.100   1.6363   0.01553   0.00868   -0.1964   0.0027   0.5759   -2.8863   0.0000   0.3576   
 7.200   1.6439   0.01565   0.00882   -0.1958   0.0025   0.5816   -2.9200   0.0000   0.3564   
 7.300   1.6511   0.01578   0.00896   -0.1951   0.0023   0.5873   -2.9532   0.0000   0.3553   
 7.400   1.6583   0.01591   0.00910   -0.1944   0.0021   0.5927   -2.9867   0.0000   0.3542   
 7.500   1.6656   0.01605   0.00924   -0.1937   0.0020   0.5970   -3.0204   0.0000   0.3531   
 7.600   1.6730   0.01618   0.00939   -0.1930   0.0018   0.6078   -3.0546   0.0000   0.3521   
 7.700   1.6804   0.01632   0.00955   -0.1924   0.0017   0.6179   -3.0891   0.0000   0.3510   
 7.800   1.6877   0.01646   0.00971   -0.1917   0.0015   0.6248   -3.1234   0.0000   0.3499   
 7.900   1.6948   0.01662   0.00986   -0.1910   0.0014   0.6287   -3.1575   0.0000   0.3489   
 8.000   1.7019   0.01677   0.01003   -0.1904   0.0014   0.6360   -3.1917   0.0000   0.3478   
 8.100   1.7090   0.01693   0.01021   -0.1897   0.0013   0.6448   -3.2262   0.0000   0.3468   
 8.200   1.7160   0.01710   0.01039   -0.1890   0.0013   0.6511   -3.2604   0.0000   0.3458   
 8.300   1.7229   0.01727   0.01058   -0.1883   0.0013   0.6546   -3.2946   0.0000   0.3448   
 8.400   1.7297   0.01744   0.01077   -0.1876   0.0013   0.6597   -3.3286   0.0000   0.3437   
 8.500   1.7366   0.01762   0.01096   -0.1869   0.0013   0.6688   -3.3628   0.0000   0.3427   
 8.600   1.7434   0.01780   0.01116   -0.1862   0.0013   0.6770   -3.3971   0.0000   0.3417   
 8.700   1.7502   0.01799   0.01136   -0.1855   0.0013   0.6827   -3.4313   0.0000   0.3407   
 8.800   1.7569   0.01818   0.01157   -0.1848   0.0013   0.6868   -3.4655   0.0000   0.3398   
 8.900   1.7633   0.01839   0.01178   -0.1840   0.0013   0.6897   -3.4993   0.0000   0.3388   
 9.000   1.7696   0.01860   0.01200   -0.1833   0.0013   0.6923   -3.5328   0.0000   0.3378   
 9.100   1.7760   0.01881   0.01223   -0.1826   0.0013   0.6988   -3.5668   0.0000   0.3368   
 9.200   1.7824   0.01903   0.01246   -0.1818   0.0013   0.7046   -3.6008   0.0000   0.3359   
 9.300   1.7886   0.01925   0.01270   -0.1811   0.0013   0.7098   -3.6349   0.0000   0.3349   
 9.400   1.7944   0.01950   0.01296   -0.1803   0.0013   0.7146   -3.6784   0.0000   0.3339   
 9.500   1.8001   0.01974   0.01322   -0.1795   0.0013   0.7190   -3.7218   0.0000   0.3330   
 9.700   1.8123   0.02025   0.01377   -0.1780   0.0013   0.7345   -3.8104   0.0000   0.3311   
 9.800   1.8180   0.02052   0.01407   -0.1773   0.0013   0.7425   -3.8537   0.0000   0.3302   
 9.900   1.8234   0.02081   0.01438   -0.1765   0.0013   0.7486   -3.8964   0.0000   0.3293   
 10.000   1.8291   0.02111   0.01469   -0.1757   0.0013   0.7573   -3.9399   0.0000   0.3284   
 10.100   1.8350   0.02140   0.01502   -0.1750   0.0013   0.7670   -3.9836   0.0000   0.3275   
 10.200   1.8403   0.02172   0.01536   -0.1742   0.0013   0.7755   -4.0259   0.0000   0.3266   
 10.300   1.8457   0.02205   0.01573   -0.1735   0.0012   0.7869   -4.0683   0.0000   0.3257   
 10.400   1.8511   0.02238   0.01609   -0.1728   0.0012   0.7988   -4.1108   0.0000   0.3249   
 10.500   1.8566   0.02272   0.01647   -0.1721   0.0013   0.8099   -4.1533   0.0000   0.3240   
 10.600   1.8616   0.02309   0.01690   -0.1713   0.0013   0.8235   -4.1935   0.0000   0.3232   
 10.700   1.8666   0.02347   0.01733   -0.1706   0.0013   0.8384   -4.2340   0.0000   0.3223   
 10.800   1.8718   0.02385   0.01777   -0.1699   0.0013   0.8584   -4.2748   0.0000   0.3215   
 10.900   1.8774   0.02424   0.01825   -0.1693   0.0013   0.8970   -4.3380   0.0000   0.3207   
