XFLR5 v6.02 Beta

 Calculated polar for: WORTMANN FX 63-137

 1 1 Reynolds number fixed          Mach number fixed         

 xtrf =   1.000 (top)        1.000 (bottom)
 Mach =   0.000     Re =    67.000 e 6     Ncrit =   9.000

  alpha     CL        CD       CDp       CM    Top Xtr Bot Xtr   Cpmin    Chinge    XCp    
 ------- -------- --------- --------- -------- ------- ------- -------- --------- ---------
 -22.000  -0.3931   0.20378   0.20135  -0.0617  0.2212  0.0014  -6.5981   0.0000   0.0422
 -21.500  -0.3758   0.19858   0.19612  -0.0653  0.2210  0.0014  -6.3839   0.0000   0.0250
 -21.000  -0.3586   0.19332   0.19085  -0.0688  0.2210  0.0014  -6.1746   0.0000   0.0063
 -20.500  -0.3416   0.18805   0.18553  -0.0722  0.1945  0.0014  -5.9714   0.0000  -0.0138
 -20.000  -0.3246   0.18271   0.18016  -0.0755  0.1701  0.0014  -5.7739   0.0000  -0.0359
 -19.500  -0.3076   0.17730   0.17472  -0.0789  0.1693  0.0015  -5.5822   0.0000  -0.0606
 -17.500  -1.0968   0.01302   0.00911  -0.1904  0.3042  0.0017  -22.1729   0.0000   0.0515
 -17.000  -1.0425   0.01228   0.00833  -0.1916  0.2968  0.0017  -21.0108   0.0000   0.0418
 -16.500  -0.9871   0.01161   0.00763  -0.1928  0.2897  0.0018  -19.8606   0.0000   0.0308
 -16.000  -0.9307   0.01101   0.00701  -0.1939  0.2828  0.0019  -18.7277   0.0000   0.0181
 -15.500  -0.8736   0.01046   0.00643  -0.1949  0.2789  0.0020  -17.6156   0.0000   0.0036
 -15.000  -0.8167   0.01000   0.00590  -0.1958  0.2492  0.0022  -16.5348   0.0000  -0.0129
 -14.500  -0.7591   0.00956   0.00541  -0.1967  0.2221  0.0023  -15.4768   0.0000  -0.0322
 -14.000  -0.7006   0.00914   0.00496  -0.1977  0.2214  0.0024  -14.4403   0.0000  -0.0554
 -13.500  -0.6423   0.00879   0.00456  -0.1985  0.1970  0.0025  -13.5192   0.0000  -0.0826
 -13.000  -0.5833   0.00844   0.00416  -0.1995  0.1899  0.0027  -12.6227   0.0000  -0.1159
 -12.000  -0.4649   0.00783   0.00348  -0.2013  0.1469  0.0031  -10.9055   0.0000  -0.2087
 -11.000  -0.3453   0.00728   0.00287  -0.2031  0.1439  0.0037  -9.2825   0.0000  -0.3683
 -10.500  -0.2856   0.00708   0.00264  -0.2039  0.1390  0.0039  -8.5118   0.0000  -0.4979
 -10.000  -0.2258   0.00690   0.00244  -0.2047  0.1339  0.0040  -7.7704   0.0000  -0.6964
  -9.500  -0.1660   0.00675   0.00227  -0.2055  0.1289  0.0041  -7.0589   0.0000  -1.0385
  -9.000  -0.1061   0.00662   0.00212  -0.2063  0.1238  0.0041  -6.3771   0.0000  -1.7667
  -8.500  -0.0462   0.00650   0.00198  -0.2070  0.1236  0.0041  -5.7231   0.0000  -4.3818
  -8.000   0.0136   0.00639   0.00186  -0.2078  0.1233  0.0042  -5.0987   0.0000  16.0161
  -7.500   0.0734   0.00630   0.00176  -0.2085  0.1228  0.0042  -4.5041   0.0000   3.1741
  -7.000   0.1332   0.00622   0.00166  -0.2092  0.1227  0.0043  -4.0419   0.0000   1.8634
  -6.500   0.1923   0.00621   0.00160  -0.2097  0.1023  0.0043  -3.6521   0.0000   1.3679
  -6.000   0.2518   0.00617   0.00154  -0.2104  0.0993  0.0043  -3.2759   0.0000   1.1047
  -5.500   0.3112   0.00615   0.00149  -0.2110  0.0966  0.0044  -2.9150   0.0000   0.9421
  -5.000   0.3706   0.00613   0.00146  -0.2116  0.0940  0.0044  -2.5693   0.0000   0.8316
  -4.500   0.4298   0.00612   0.00144  -0.2121  0.0880  0.0044  -2.2391   0.0000   0.7518
  -4.000   0.4890   0.00612   0.00142  -0.2127  0.0843  0.0045  -1.9245   0.0000   0.6913
  -3.500   0.5481   0.00613   0.00142  -0.2133  0.0842  0.0045  -1.6258   0.0000   0.6438
  -3.000   0.6070   0.00615   0.00143  -0.2138  0.0841  0.0046  -1.3430   0.0000   0.6056
  -2.500   0.6658   0.00618   0.00145  -0.2143  0.0838  0.0046  -1.0755   0.0000   0.5742
  -2.000   0.7228   0.00636   0.00154  -0.2144  0.0486  0.0048  -0.9623   0.0000   0.5480
  -1.500   0.7810   0.00644   0.00160  -0.2148  0.0455  0.0056  -1.0128   0.0000   0.5255
  -1.000   0.8391   0.00651   0.00166  -0.2152  0.0430  0.0066  -1.0651   0.0000   0.5061
  -0.500   0.8970   0.00660   0.00173  -0.2155  0.0408  0.0073  -1.1178   0.0000   0.4892
   0.000   0.9547   0.00669   0.00181  -0.2159  0.0386  0.0078  -1.1707   0.0000   0.4742
   0.500   1.0122   0.00679   0.00191  -0.2162  0.0381  0.0097  -1.2257   0.0000   0.4610
   1.000   1.0697   0.00689   0.00200  -0.2165  0.0398  0.0169  -1.2909   0.0000   0.4491
   1.500   1.1268   0.00701   0.00211  -0.2167  0.0389  0.0171  -1.3667   0.0000   0.4383
   2.500   1.2365   0.00761   0.00259  -0.2163  0.0015  0.0371  -1.5317   0.0000   0.4195
   3.500   1.3475   0.00801   0.00296  -0.2163  0.0013  0.0390  -1.7657   0.0000   0.4036
   4.000   1.4025   0.00824   0.00317  -0.2162  0.0013  0.0417  -1.9123   0.0000   0.3965
   4.500   1.4571   0.00847   0.00339  -0.2160  0.0013  0.0474  -2.0912   0.0000   0.3899
   5.500   1.5651   0.00899   0.00389  -0.2156  0.0013  0.0730  -2.4619   0.0000   0.3778
   6.000   1.6186   0.00926   0.00418  -0.2153  0.0012  0.1061  -2.6536   0.0000   0.3722
   6.500   1.6712   0.00957   0.00447  -0.2149  0.0012  0.1181  -2.8487   0.0000   0.3670
   7.500   1.7747   0.01023   0.00512  -0.2137  0.0012  0.1465  -3.2496   0.0000   0.3571
   8.000   1.8252   0.01060   0.00548  -0.2129  0.0012  0.1462  -3.4543   0.0000   0.3524
   8.500   1.8748   0.01099   0.00586  -0.2120  0.0012  0.1592  -3.6618   0.0000   0.3479
   9.000   1.9242   0.01138   0.00628  -0.2111  0.0012  0.2149  -3.9399   0.0000   0.3436
   9.500   1.9723   0.01181   0.00673  -0.2100  0.0012  0.2491  -4.3236   0.0000   0.3394
  10.000   2.0196   0.01226   0.00722  -0.2088  0.0012  0.3077  -4.9089   0.0000   0.3353
  10.500   2.0644   0.01276   0.00774  -0.2071  0.0011  0.3370  -5.5122   0.0000   0.3313
  11.500   2.1348   0.01394   0.00894  -0.1998  0.0011  0.3693  -6.6843   0.0000   0.3226
  12.500   2.1925   0.01554   0.01055  -0.1907  0.0010  0.3700  -7.8681   0.0000   0.3139
  13.000   2.2215   0.01651   0.01160  -0.1865  0.0009  0.4332  -8.4920   0.0000   0.3098
  14.000   2.2388   0.02101   0.01629  -0.1728  0.0014  0.4663  -9.4353   0.0000   0.3009
  14.500   2.2545   0.02307   0.01842  -0.1679  0.0015  0.4886  -10.0014   0.0000   0.2970
  15.000   2.2708   0.02545   0.02085  -0.1636  0.0020  0.5128  -10.6215   0.0000   0.2934
  15.500   2.2892   0.02789   0.02336  -0.1600  0.0025  0.5474  -11.2505   0.0000   0.2901
  16.000   2.3021   0.03092   0.02646  -0.1563  0.0029  0.5653  -11.8405   0.0000   0.2868
  16.500   2.3128   0.03437   0.02998  -0.1529  0.0032  0.5976  -12.4229   0.0000   0.2838
  17.000   2.3197   0.03830   0.03399  -0.1496  0.0036  0.6290  -12.9841   0.0000   0.2808
  17.500   2.3225   0.04276   0.03854  -0.1464  0.0041  0.6506  -13.5160   0.0000   0.2780
  18.000   2.3248   0.04778   0.04365  -0.1439  0.0044  0.6802  -14.0541   0.0000   0.2755
  18.500   2.3246   0.05335   0.04930  -0.1418  0.0045  0.7032  -14.5779   0.0000   0.2732
  19.000   2.3214   0.05965   0.05572  -0.1403  0.0046  0.7428  -15.0804   0.0000   0.2712
  19.500   2.3289   0.06464   0.06080  -0.1392  0.0046  0.7798  -15.6970   0.0000   0.2690
  20.000   2.3203   0.07199   0.06827  -0.1386  0.0046  0.8207  -16.1591   0.0000   0.2674
  20.500   2.3073   0.07984   0.07623  -0.1384  0.0047  0.8505  -16.5788   0.0000   0.2661


