XFLR5 v6.02 Beta

 Calculated polar for: WORTMANN FX 63-137

 1 1 Reynolds number fixed          Mach number fixed         

 xtrf =   1.000 (top)        1.000 (bottom)
 Mach =   0.000     Re =    63.250 e 6     Ncrit =   9.000

  alpha     CL        CD       CDp       CM    Top Xtr Bot Xtr   Cpmin    Chinge    XCp    
 ------- -------- --------- --------- -------- ------- ------- -------- --------- ---------
 -22.500  -0.3798   0.22038   0.21797  -0.0557  0.2213  0.0013  -4.6636   0.0000   0.0540
 -22.000  -0.3615   0.21659   0.21416  -0.0594  0.2210  0.0013  -4.4761   0.0000   0.0360
 -21.500  -0.3440   0.21134   0.20890  -0.0630  0.2209  0.0013  -4.3006   0.0000   0.0165
 -21.000  -0.3269   0.20602   0.20351  -0.0664  0.1739  0.0013  -4.1322   0.0000  -0.0042
 -20.500  -0.3095   0.20057   0.19804  -0.0698  0.1696  0.0013  -3.9687   0.0000  -0.0279
 -20.000  -0.2922   0.19506   0.19251  -0.0732  0.1692  0.0013  -3.8127   0.0000  -0.0542
 -19.500  -0.2749   0.18947   0.18690  -0.0766  0.1696  0.0013  -3.6652   0.0000  -0.0837
 -19.000  -0.2577   0.18380   0.18122  -0.0798  0.1694  0.0013  -3.5278   0.0000  -0.1167
 -18.000  -1.1490   0.01405   0.01021  -0.1886  0.3381  0.0016  -23.3235   0.0000   0.0603
 -17.500  -1.0968   0.01317   0.00927  -0.1900  0.3102  0.0017  -22.1646   0.0000   0.0518
 -17.000  -1.0427   0.01241   0.00845  -0.1913  0.3019  0.0018  -21.0057   0.0000   0.0421
 -16.500  -0.9874   0.01174   0.00774  -0.1925  0.2948  0.0019  -19.8587   0.0000   0.0311
 -16.000  -0.9311   0.01112   0.00710  -0.1936  0.2879  0.0020  -18.7277   0.0000   0.0185
 -15.500  -0.8741   0.01056   0.00651  -0.1947  0.2835  0.0021  -17.6169   0.0000   0.0040
 -14.500  -0.7597   0.00964   0.00546  -0.1965  0.2246  0.0024  -15.4798   0.0000  -0.0317
 -14.000  -0.7012   0.00921   0.00500  -0.1975  0.2217  0.0025  -14.4436   0.0000  -0.0548
 -13.000  -0.5839   0.00849   0.00419  -0.1993  0.1928  0.0028  -12.6256   0.0000  -0.1153
 -11.000  -0.3459   0.00732   0.00289  -0.2030  0.1459  0.0038  -9.2829   0.0000  -0.3667
 -10.500  -0.2862   0.00713   0.00267  -0.2038  0.1409  0.0039  -8.5131   0.0000  -0.4954
 -10.000  -0.2265   0.00696   0.00247  -0.2046  0.1357  0.0040  -7.7724   0.0000  -0.6925
  -9.500  -0.1667   0.00681   0.00230  -0.2053  0.1306  0.0041  -7.0610   0.0000  -1.0315
  -9.000  -0.1069   0.00667   0.00214  -0.2061  0.1239  0.0041  -6.3795   0.0000  -1.7507
  -8.500  -0.0470   0.00655   0.00200  -0.2068  0.1236  0.0041  -5.7255   0.0000  -4.3033
  -8.000   0.0128   0.00645   0.00188  -0.2076  0.1234  0.0042  -5.1011   0.0000  16.9275
  -7.500   0.0727   0.00635   0.00178  -0.2083  0.1230  0.0042  -4.5065   0.0000   3.2017
  -7.000   0.1324   0.00628   0.00168  -0.2090  0.1228  0.0043  -4.0431   0.0000   1.8712
  -6.500   0.1916   0.00625   0.00161  -0.2096  0.1034  0.0043  -3.6531   0.0000   1.3711
  -6.000   0.2511   0.00622   0.00155  -0.2102  0.1003  0.0043  -3.2770   0.0000   1.1064
  -5.500   0.3105   0.00619   0.00151  -0.2108  0.0975  0.0044  -2.9162   0.0000   0.9431
  -5.000   0.3698   0.00618   0.00147  -0.2114  0.0950  0.0044  -2.5706   0.0000   0.8323
  -4.500   0.4291   0.00617   0.00145  -0.2120  0.0898  0.0045  -2.2404   0.0000   0.7522
  -4.000   0.4882   0.00617   0.00144  -0.2125  0.0843  0.0045  -1.9259   0.0000   0.6916
  -3.500   0.5473   0.00618   0.00144  -0.2131  0.0842  0.0045  -1.6273   0.0000   0.6441
  -3.000   0.6063   0.00620   0.00145  -0.2136  0.0841  0.0046  -1.3444   0.0000   0.6058
  -2.500   0.6650   0.00623   0.00147  -0.2141  0.0839  0.0046  -1.0769   0.0000   0.5743
  -2.000   0.7221   0.00640   0.00155  -0.2143  0.0504  0.0049  -0.9619   0.0000   0.5481
  -1.500   0.7802   0.00648   0.00161  -0.2146  0.0465  0.0058  -1.0123   0.0000   0.5256
  -1.000   0.8383   0.00656   0.00167  -0.2150  0.0440  0.0068  -1.0646   0.0000   0.5061
  -0.500   0.8961   0.00665   0.00175  -0.2154  0.0417  0.0074  -1.1172   0.0000   0.4892
   0.000   0.9539   0.00675   0.00183  -0.2157  0.0394  0.0080  -1.1701   0.0000   0.4742
   0.500   1.0114   0.00685   0.00192  -0.2160  0.0382  0.0099  -1.2251   0.0000   0.4610
   1.000   1.0689   0.00695   0.00202  -0.2163  0.0405  0.0170  -1.2902   0.0000   0.4491
   1.500   1.1259   0.00707   0.00213  -0.2165  0.0395  0.0171  -1.3659   0.0000   0.4383
   2.000   1.1825   0.00722   0.00226  -0.2167  0.0373  0.0209  -1.4421   0.0000   0.4285
   2.500   1.2356   0.00767   0.00262  -0.2161  0.0015  0.0371  -1.5307   0.0000   0.4195
   3.500   1.3465   0.00808   0.00299  -0.2161  0.0013  0.0393  -1.7644   0.0000   0.4036
   4.000   1.4015   0.00830   0.00320  -0.2160  0.0013  0.0421  -1.9105   0.0000   0.3965
   4.500   1.4560   0.00854   0.00342  -0.2158  0.0013  0.0480  -2.0893   0.0000   0.3898
   5.000   1.5103   0.00879   0.00367  -0.2156  0.0013  0.0665  -2.2725   0.0000   0.3836
   5.500   1.5639   0.00906   0.00393  -0.2153  0.0013  0.0739  -2.4597   0.0000   0.3777
   6.000   1.6173   0.00934   0.00422  -0.2151  0.0012  0.1081  -2.6512   0.0000   0.3722
   6.500   1.6699   0.00965   0.00451  -0.2146  0.0012  0.1200  -2.8461   0.0000   0.3669
   8.500   1.8732   0.01108   0.00592  -0.2117  0.0012  0.1643  -3.6583   0.0000   0.3479
   9.000   1.9226   0.01147   0.00635  -0.2108  0.0012  0.2198  -3.9350   0.0000   0.3436
   9.500   1.9704   0.01191   0.00680  -0.2096  0.0012  0.2493  -4.3124   0.0000   0.3393
  10.000   2.0174   0.01237   0.00730  -0.2084  0.0011  0.3106  -4.8962   0.0000   0.3353
  11.500   2.1304   0.01408   0.00905  -0.1990  0.0011  0.3699  -6.6552   0.0000   0.3224
  12.000   2.1592   0.01483   0.00982  -0.1943  0.0010  0.3700  -7.2352   0.0000   0.3180
  12.500   2.1888   0.01570   0.01070  -0.1900  0.0010  0.3739  -7.8409   0.0000   0.3137
  13.000   2.2177   0.01669   0.01175  -0.1859  0.0010  0.4347  -8.4632   0.0000   0.3097
  13.500   2.2447   0.01788   0.01298  -0.1817  0.0009  0.4698  -9.0933   0.0000   0.3057
  16.000   2.2984   0.03127   0.02679  -0.1560  0.0027  0.5857  -11.8088   0.0000   0.2868
  16.500   2.3094   0.03475   0.03037  -0.1527  0.0030  0.6263  -12.3938   0.0000   0.2838
  17.000   2.3153   0.03870   0.03438  -0.1493  0.0034  0.6429  -12.9450   0.0000   0.2808
  17.500   2.3181   0.04326   0.03903  -0.1462  0.0039  0.6626  -13.4766   0.0000   0.2781
  18.000   2.3200   0.04836   0.04422  -0.1437  0.0042  0.6911  -14.0097   0.0000   0.2756
  18.500   2.3197   0.05402   0.04998  -0.1417  0.0044  0.7218  -14.5312   0.0000   0.2733
  19.000   2.3164   0.06035   0.05642  -0.1403  0.0045  0.7652  -15.0310   0.0000   0.2713
  19.500   2.3119   0.06710   0.06329  -0.1393  0.0046  0.8042  -15.5247   0.0000   0.2695
  20.000   2.3159   0.07281   0.06910  -0.1388  0.0046  0.8501  -16.1122   0.0000   0.2676


