XFLR5 v6.02 Beta

 Calculated polar for: WORTMANN FX 63-137

 1 1 Reynolds number fixed          Mach number fixed         

 xtrf =   1.000 (top)        1.000 (bottom)
 Mach =   0.000     Re =    73.250 e 6     Ncrit =   9.000

  alpha     CL        CD       CDp       CM    Top Xtr Bot Xtr   Cpmin    Chinge    XCp    
 ------- -------- --------- --------- -------- ------- ------- -------- --------- ---------
 -23.000  -1.1832   0.07084   0.06783  -0.1397  0.4017  0.0014  -27.3300   0.0000   0.0918
 -22.500  -1.2546   0.05551   0.05235  -0.1516  0.4015  0.0014  -28.4200   0.0000   0.0916
 -22.000  -1.2959   0.04453   0.04125  -0.1602  0.4014  0.0014  -28.8399   0.0000   0.0909
 -21.000  -1.3258   0.03009   0.02664  -0.1716  0.4013  0.0014  -28.5789   0.0000   0.0886
 -20.500  -1.3171   0.02597   0.02247  -0.1744  0.4013  0.0014  -27.9990   0.0000   0.0870
 -20.000  -1.3023   0.02243   0.01888  -0.1767  0.4012  0.0014  -27.3173   0.0000   0.0851
 -19.500  -1.2907   0.01931   0.01572  -0.1775  0.4011  0.0014  -26.6622   0.0000   0.0846
 -19.000  -1.2530   0.01673   0.01309  -0.1816  0.4010  0.0014  -25.6747   0.0000   0.0781
 -18.500  -1.2003   0.01453   0.01082  -0.1880  0.3713  0.0014  -24.5159   0.0000   0.0672
 -18.000  -1.1501   0.01359   0.00975  -0.1895  0.3051  0.0015  -23.3594   0.0000   0.0597
 -17.500  -1.0968   0.01278   0.00889  -0.1909  0.2964  0.0016  -22.1847   0.0000   0.0511
 -17.000  -1.0422   0.01206   0.00814  -0.1921  0.2891  0.0016  -21.0167   0.0000   0.0413
 -16.500  -0.9865   0.01142   0.00747  -0.1932  0.2820  0.0017  -19.8628   0.0000   0.0302
 -16.000  -0.9299   0.01084   0.00686  -0.1943  0.2785  0.0018  -18.7273   0.0000   0.0175
 -15.500  -0.8728   0.01030   0.00630  -0.1953  0.2782  0.0019  -17.6135   0.0000   0.0029
 -15.000  -0.8162   0.00988   0.00579  -0.1961  0.2359  0.0020  -16.5357   0.0000  -0.0134
 -14.500  -0.7581   0.00944   0.00532  -0.1971  0.2217  0.0022  -15.4724   0.0000  -0.0330
 -14.000  -0.6996   0.00903   0.00488  -0.1980  0.2210  0.0023  -14.4353   0.0000  -0.0563
 -13.500  -0.6414   0.00869   0.00449  -0.1988  0.1918  0.0024  -13.5143   0.0000  -0.0835
 -13.000  -0.5824   0.00835   0.00411  -0.1997  0.1836  0.0025  -12.6177   0.0000  -0.1169
 -12.000  -0.4640   0.00776   0.00344  -0.2015  0.1433  0.0029  -10.9006   0.0000  -0.2101
 -11.500  -0.4041   0.00745   0.00312  -0.2025  0.1446  0.0033  -10.0770   0.0000  -0.2786
 -11.000  -0.3444   0.00721   0.00284  -0.2034  0.1408  0.0036  -9.2808   0.0000  -0.3706
 -10.500  -0.2845   0.00699   0.00260  -0.2042  0.1361  0.0039  -8.5099   0.0000  -0.5016
 -10.000  -0.2247   0.00682   0.00240  -0.2050  0.1312  0.0040  -7.7674   0.0000  -0.7024
  -9.500  -0.1648   0.00667   0.00224  -0.2058  0.1261  0.0040  -7.0554   0.0000  -1.0492
  -9.000  -0.1050   0.00653   0.00208  -0.2066  0.1237  0.0041  -6.3735   0.0000  -1.7915
  -8.500  -0.0451   0.00641   0.00195  -0.2073  0.1234  0.0041  -5.7194   0.0000  -4.5063
  -8.000   0.0147   0.00631   0.00183  -0.2080  0.1231  0.0042  -5.0950   0.0000  14.8077
  -7.500   0.0746   0.00622   0.00173  -0.2088  0.1228  0.0042  -4.5003   0.0000   3.1326
  -7.000   0.1339   0.00619   0.00165  -0.2093  0.1034  0.0043  -4.0421   0.0000   1.8567
  -6.500   0.1934   0.00614   0.00157  -0.2100  0.1006  0.0043  -3.6505   0.0000   1.3630
  -6.000   0.2529   0.00610   0.00151  -0.2106  0.0978  0.0043  -3.2741   0.0000   1.1020
  -5.500   0.3123   0.00607   0.00147  -0.2112  0.0952  0.0044  -2.9130   0.0000   0.9404
  -5.000   0.3717   0.00605   0.00144  -0.2118  0.0921  0.0044  -2.5672   0.0000   0.8306
  -4.500   0.4310   0.00605   0.00142  -0.2124  0.0854  0.0044  -2.2370   0.0000   0.7510
  -4.000   0.4902   0.00605   0.00140  -0.2130  0.0842  0.0045  -1.9223   0.0000   0.6907
  -3.500   0.5493   0.00605   0.00140  -0.2135  0.0841  0.0045  -1.6236   0.0000   0.6435
  -3.000   0.6082   0.00607   0.00141  -0.2140  0.0840  0.0046  -1.3408   0.0000   0.6054
  -2.500   0.6670   0.00610   0.00143  -0.2145  0.0838  0.0046  -1.0734   0.0000   0.5740
  -2.000   0.7239   0.00629   0.00152  -0.2147  0.0468  0.0047  -0.9630   0.0000   0.5479
  -1.500   0.7822   0.00636   0.00158  -0.2151  0.0439  0.0054  -1.0136   0.0000   0.5254
  -1.000   0.8403   0.00644   0.00164  -0.2154  0.0416  0.0063  -1.0660   0.0000   0.5060
  -0.500   0.8982   0.00652   0.00171  -0.2158  0.0394  0.0070  -1.1187   0.0000   0.4891
   0.000   0.9560   0.00661   0.00179  -0.2161  0.0382  0.0075  -1.1716   0.0000   0.4742
   0.500   1.0135   0.00671   0.00188  -0.2164  0.0381  0.0093  -1.2267   0.0000   0.4610
   1.000   1.0711   0.00681   0.00198  -0.2168  0.0387  0.0169  -1.2921   0.0000   0.4491
   1.500   1.1281   0.00693   0.00208  -0.2170  0.0382  0.0171  -1.3679   0.0000   0.4384
   2.000   1.1832   0.00721   0.00229  -0.2168  0.0225  0.0201  -1.4424   0.0000   0.4285
   2.500   1.2380   0.00751   0.00256  -0.2166  0.0014  0.0370  -1.5333   0.0000   0.4195
   3.000   1.2937   0.00771   0.00273  -0.2166  0.0013  0.0379  -1.6495   0.0000   0.4113
   3.500   1.3491   0.00791   0.00292  -0.2166  0.0013  0.0386  -1.7677   0.0000   0.4037
   4.000   1.4041   0.00813   0.00313  -0.2165  0.0013  0.0410  -1.9151   0.0000   0.3966
   4.500   1.4587   0.00837   0.00334  -0.2164  0.0013  0.0466  -2.0942   0.0000   0.3899
   5.500   1.5669   0.00888   0.00384  -0.2159  0.0013  0.0717  -2.4653   0.0000   0.3779
   6.000   1.6205   0.00915   0.00412  -0.2157  0.0012  0.1037  -2.6573   0.0000   0.3723
   6.500   1.6731   0.00945   0.00440  -0.2152  0.0012  0.1151  -2.8526   0.0000   0.3670
   7.500   1.7770   0.01010   0.00505  -0.2142  0.0012  0.1461  -3.2543   0.0000   0.3572
   8.000   1.8276   0.01046   0.00539  -0.2134  0.0012  0.1458  -3.4594   0.0000   0.3525
   8.500   1.8773   0.01085   0.00577  -0.2125  0.0012  0.1525  -3.6673   0.0000   0.3480
   9.000   1.9269   0.01124   0.00618  -0.2116  0.0012  0.2074  -3.9475   0.0000   0.3437
   9.500   1.9753   0.01165   0.00663  -0.2106  0.0012  0.2491  -4.3405   0.0000   0.3396
  10.000   2.0221   0.01211   0.00709  -0.2092  0.0012  0.2763  -4.9249   0.0000   0.3354
  10.500   2.0676   0.01260   0.00761  -0.2077  0.0011  0.3243  -5.5329   0.0000   0.3314
  11.000   2.1103   0.01314   0.00815  -0.2056  0.0011  0.3342  -6.1541   0.0000   0.3274
  11.500   2.1405   0.01374   0.00877  -0.2009  0.0011  0.3432  -6.7230   0.0000   0.3228
  12.000   2.1691   0.01446   0.00949  -0.1961  0.0010  0.3468  -7.3039   0.0000   0.3184
  13.000   2.2260   0.01626   0.01134  -0.1872  0.0009  0.3877  -8.5265   0.0000   0.3099
  14.000   2.2453   0.02063   0.01596  -0.1737  0.0017  0.4574  -9.4874   0.0000   0.3011
  15.000   2.2801   0.02477   0.02020  -0.1647  0.0024  0.4984  -10.7047   0.0000   0.2936
  15.500   2.2955   0.02738   0.02288  -0.1607  0.0028  0.5303  -11.3030   0.0000   0.2902
  16.000   2.3079   0.03039   0.02595  -0.1568  0.0032  0.5499  -11.8889   0.0000   0.2869
  16.500   2.3183   0.03381   0.02943  -0.1532  0.0036  0.5687  -12.4699   0.0000   0.2838
  17.000   2.3262   0.03767   0.03337  -0.1500  0.0039  0.6014  -13.0404   0.0000   0.2808
  17.500   2.3301   0.04196   0.03775  -0.1468  0.0044  0.6287  -13.5846   0.0000   0.2780
  18.000   2.3322   0.04688   0.04274  -0.1442  0.0046  0.6495  -14.1227   0.0000   0.2754
  18.500   2.3328   0.05232   0.04827  -0.1420  0.0046  0.6777  -14.6572   0.0000   0.2731
  19.000   2.3294   0.05846   0.05451  -0.1402  0.0046  0.7018  -15.1609   0.0000   0.2710
  19.500   2.3364   0.06355   0.05970  -0.1391  0.0047  0.7464  -15.7744   0.0000   0.2688


