XFLR5 v6.02 Beta

 Calculated polar for: WORTMANN FX 63-137

 1 1 Reynolds number fixed          Mach number fixed         

 xtrf =   1.000 (top)        1.000 (bottom)
 Mach =   0.000     Re =    21.000 e 6     Ncrit =   9.000

  alpha     CL        CD       CDp       CM    Top Xtr Bot Xtr   Cpmin    Chinge    XCp    
 ------- -------- --------- --------- -------- ------- ------- -------- --------- ---------
 -21.000  -1.0926   0.05985   0.05704  -0.1431  0.6963  0.0028  -24.1498   0.0000   0.0835
 -20.000  -1.1678   0.03724   0.03407  -0.1621  0.6767  0.0028  -24.9137   0.0000   0.0799
 -19.500  -1.1689   0.03148   0.02820  -0.1668  0.6591  0.0029  -24.5723   0.0000   0.0775
 -19.000  -1.1658   0.02640   0.02295  -0.1709  0.6244  0.0030  -24.1448   0.0000   0.0750
 -18.500  -1.1513   0.02274   0.01919  -0.1734  0.6030  0.0030  -23.5195   0.0000   0.0724
 -18.000  -1.1330   0.01951   0.01588  -0.1756  0.5967  0.0031  -22.8373   0.0000   0.0692
 -17.500  -1.0904   0.01681   0.01312  -0.1808  0.5948  0.0032  -21.8672   0.0000   0.0591
 -16.500  -0.9890   0.01400   0.00992  -0.1875  0.4666  0.0034  -19.7229   0.0000   0.0366
 -16.000  -0.9343   0.01313   0.00900  -0.1891  0.4652  0.0035  -18.6173   0.0000   0.0242
 -15.500  -0.8796   0.01244   0.00823  -0.1902  0.4441  0.0035  -17.5365   0.0000   0.0106
 -15.000  -0.8237   0.01182   0.00752  -0.1914  0.4250  0.0036  -16.4702   0.0000  -0.0053
 -14.500  -0.7669   0.01125   0.00690  -0.1925  0.4113  0.0036  -15.4223   0.0000  -0.0238
 -14.000  -0.7113   0.01085   0.00634  -0.1932  0.3554  0.0037  -14.4162   0.0000  -0.0444
 -13.500  -0.6545   0.01045   0.00581  -0.1940  0.3053  0.0037  -13.4385   0.0000  -0.0694
 -13.000  -0.5964   0.01004   0.00534  -0.1950  0.2927  0.0038  -12.5425   0.0000  -0.1003
 -12.500  -0.5375   0.00965   0.00490  -0.1960  0.2803  0.0038  -11.6665   0.0000  -0.1386
 -11.000  -0.3695   0.01824   0.01450  -0.1858  0.2221  0.0039  -8.5676   0.0000  -0.2797
 -10.000  -0.2425   0.00835   0.00327  -0.2002  0.1921  0.0041  -7.6561   0.0000  -0.6124
  -9.500  -0.1829   0.00814   0.00302  -0.2011  0.1834  0.0041  -6.9524   0.0000  -0.8947
  -9.000  -0.1228   0.00792   0.00276  -0.2020  0.1702  0.0041  -6.3097   0.0000  -1.4571
  -8.500  -0.0628   0.00774   0.00255  -0.2028  0.1694  0.0042  -5.6639   0.0000  -3.0931
  -8.000  -0.0028   0.00758   0.00237  -0.2037  0.1684  0.0042  -5.0539   0.0000  -75.5176
  -7.500   0.0566   0.00749   0.00222  -0.2044  0.1461  0.0042  -4.4811   0.0000   3.9722
  -7.000   0.1162   0.00740   0.00209  -0.2051  0.1419  0.0043  -4.0188   0.0000   2.0638
  -6.500   0.1759   0.00731   0.00197  -0.2058  0.1372  0.0043  -3.6451   0.0000   1.4496
  -6.000   0.2356   0.00724   0.00188  -0.2065  0.1321  0.0043  -3.2802   0.0000   1.1469
  -5.500   0.2952   0.00718   0.00181  -0.2072  0.1266  0.0044  -2.9211   0.0000   0.9668
  -5.000   0.3547   0.00714   0.00175  -0.2079  0.1240  0.0044  -2.5801   0.0000   0.8472
  -4.500   0.4141   0.00711   0.00171  -0.2085  0.1235  0.0045  -2.2575   0.0000   0.7620
  -3.500   0.5314   0.00718   0.00171  -0.2095  0.1021  0.0046  -1.6527   0.0000   0.6491
  -3.000   0.5898   0.00724   0.00172  -0.2099  0.0956  0.0068  -1.3722   0.0000   0.6095
  -2.500   0.6484   0.00728   0.00175  -0.2104  0.0922  0.0077  -1.1042   0.0000   0.5769
  -2.000   0.7068   0.00733   0.00178  -0.2109  0.0865  0.0080  -0.9525   0.0000   0.5498
  -1.500   0.7652   0.00739   0.00183  -0.2113  0.0843  0.0097  -1.0023   0.0000   0.5267
  -1.000   0.8235   0.00744   0.00188  -0.2118  0.0837  0.0150  -1.0546   0.0000   0.5069
  -0.500   0.8813   0.00753   0.00196  -0.2121  0.0828  0.0154  -1.1070   0.0000   0.4896
   0.000   0.9388   0.00763   0.00205  -0.2124  0.0819  0.0157  -1.1596   0.0000   0.4744
   0.500   0.9941   0.00791   0.00224  -0.2123  0.0595  0.0160  -1.2117   0.0000   0.4610
   1.000   1.0535   0.00784   0.00225  -0.2130  0.0817  0.0172  -1.2769   0.0000   0.4489
   1.500   1.1084   0.00813   0.00246  -0.2128  0.0636  0.0176  -1.3504   0.0000   0.4380
   2.000   1.1642   0.00833   0.00263  -0.2129  0.0543  0.0228  -1.4257   0.0000   0.4281
   2.500   1.2151   0.00895   0.00311  -0.2119  0.0044  0.0377  -1.5093   0.0000   0.4190
   3.000   1.2699   0.00920   0.00333  -0.2118  0.0033  0.0393  -1.6196   0.0000   0.4106
   3.500   1.3245   0.00945   0.00358  -0.2116  0.0027  0.0488  -1.7359   0.0000   0.4029
   4.500   1.4324   0.01000   0.00411  -0.2111  0.0025  0.0671  -2.0474   0.0000   0.3890
   5.000   1.4854   0.01030   0.00441  -0.2107  0.0019  0.0794  -2.2271   0.0000   0.3827
   5.500   1.5382   0.01062   0.00473  -0.2102  0.0014  0.1049  -2.4111   0.0000   0.3768
   6.000   1.5916   0.01091   0.00511  -0.2100  0.0013  0.1939  -2.6006   0.0000   0.3712
   6.500   1.6425   0.01129   0.00548  -0.2093  0.0012  0.2065  -2.7910   0.0000   0.3659
   7.000   1.6936   0.01166   0.00588  -0.2086  0.0012  0.2486  -2.9860   0.0000   0.3608
   8.000   1.7904   0.01255   0.00677  -0.2063  0.0012  0.2654  -3.3796   0.0000   0.3511
   8.500   1.8403   0.01297   0.00731  -0.2056  0.0012  0.3859  -3.5850   0.0000   0.3467
   9.000   1.8856   0.01349   0.00786  -0.2040  0.0012  0.4088  -3.8277   0.0000   0.3422
   9.500   1.9290   0.01406   0.00846  -0.2020  0.0011  0.4353  -4.0966   0.0000   0.3378
  10.000   1.9629   0.01467   0.00915  -0.1981  0.0011  0.5021  -4.5719   0.0000   0.3331
  10.500   1.9939   0.01541   0.00991  -0.1938  0.0011  0.5155  -5.0767   0.0000   0.3284
  11.000   2.0250   0.01627   0.01081  -0.1897  0.0011  0.5317  -5.6039   0.0000   0.3239
  11.500   2.0551   0.01725   0.01184  -0.1857  0.0011  0.5636  -6.1468   0.0000   0.3195
  12.000   2.0831   0.01841   0.01304  -0.1815  0.0010  0.5874  -6.7021   0.0000   0.3153
  12.500   2.1109   0.01973   0.01443  -0.1777  0.0010  0.6274  -7.2786   0.0000   0.3113
  13.000   2.1364   0.02126   0.01602  -0.1738  0.0010  0.6599  -7.8557   0.0000   0.3074
  13.500   2.1576   0.02309   0.01793  -0.1696  0.0009  0.6932  -8.4208   0.0000   0.3035
  14.000   2.1779   0.02522   0.02013  -0.1658  0.0009  0.7310  -8.9962   0.0000   0.2999
  14.500   2.1981   0.02762   0.02263  -0.1624  0.0009  0.7786  -9.5875   0.0000   0.2965
  15.000   2.2176   0.03037   0.02550  -0.1594  0.0009  0.8558  -10.1891   0.0000   0.2933
  16.000   2.2488   0.03691   0.03231  -0.1539  0.0008  1.0000  -11.3777   0.0000   0.2873
  16.500   2.2577   0.04077   0.03622  -0.1509  0.0008  1.0000  -11.9369   0.0000   0.2844
  17.000   2.2640   0.04517   0.04069  -0.1482  0.0008  1.0000  -12.4851   0.0000   0.2817
  17.500   2.2743   0.04936   0.04494  -0.1460  0.0007  1.0000  -13.0799   0.0000   0.2791
  18.000   2.2758   0.05482   0.05047  -0.1440  0.0007  1.0000  -13.6069   0.0000   0.2767
  18.500   2.2742   0.06084   0.05657  -0.1423  0.0007  1.0000  -14.1121   0.0000   0.2746
  19.000   2.2703   0.06731   0.06313  -0.1411  0.0006  1.0000  -14.6003   0.0000   0.2727
  19.500   2.2632   0.07433   0.07024  -0.1403  0.0006  1.0000  -15.0628   0.0000   0.2711
  20.000   2.2632   0.08013   0.07610  -0.1396  0.0005  1.0000  -15.6037   0.0000   0.2693


