XFLR5 v6.02 Beta

 Calculated polar for: WORTMANN FX 63-137

 1 1 Reynolds number fixed          Mach number fixed         

 xtrf =   1.000 (top)        1.000 (bottom)
 Mach =   0.000     Re =    40.250 e 6     Ncrit =   9.000

  alpha     CL        CD       CDp       CM    Top Xtr Bot Xtr   Cpmin    Chinge    XCp    
 ------- -------- --------- --------- -------- ------- ------- -------- --------- ---------
 -21.000  -1.2233   0.04183   0.03852  -0.1605  0.5009  0.0018  -26.7046   0.0000   0.0853
 -20.500  -1.2312   0.03541   0.03197  -0.1654  0.4833  0.0018  -26.4685   0.0000   0.0838
 -20.000  -1.2373   0.02939   0.02586  -0.1701  0.4761  0.0019  -26.1814   0.0000   0.0823
 -19.500  -1.2275   0.02525   0.02166  -0.1730  0.4704  0.0019  -25.6131   0.0000   0.0802
 -19.000  -1.2143   0.02149   0.01784  -0.1754  0.4669  0.0020  -24.9848   0.0000   0.0780
 -18.500  -1.1929   0.01853   0.01483  -0.1777  0.4660  0.0021  -24.2373   0.0000   0.0747
 -17.500  -1.0963   0.01446   0.01048  -0.1873  0.3668  0.0022  -22.0948   0.0000   0.0543
 -17.000  -1.0437   0.01348   0.00943  -0.1890  0.3536  0.0023  -20.9647   0.0000   0.0446
 -16.500  -0.9893   0.01262   0.00854  -0.1905  0.3440  0.0025  -19.8345   0.0000   0.0336
 -16.000  -0.9336   0.01187   0.00774  -0.1918  0.3388  0.0026  -18.7157   0.0000   0.0210
 -15.500  -0.8769   0.01118   0.00703  -0.1931  0.3382  0.0028  -17.6134   0.0000   0.0066
 -15.000  -0.8196   0.01057   0.00639  -0.1943  0.3376  0.0029  -16.5311   0.0000  -0.0101
 -14.500  -0.7634   0.01013   0.00582  -0.1951  0.2783  0.0031  -15.4899   0.0000  -0.0285
 -14.000  -0.7057   0.00969   0.00531  -0.1960  0.2498  0.0033  -14.4628   0.0000  -0.0508
 -13.500  -0.6475   0.00930   0.00486  -0.1969  0.2319  0.0034  -13.5374   0.0000  -0.0774
 -13.000  -0.5885   0.00891   0.00444  -0.1979  0.2229  0.0036  -12.6342   0.0000  -0.1101
 -12.000  -0.4708   0.00834   0.00375  -0.1996  0.1715  0.0038  -10.9118   0.0000  -0.1995
 -11.500  -0.4112   0.00807   0.00345  -0.2005  0.1717  0.0039  -10.0835   0.0000  -0.2647
 -11.000  -0.3516   0.00783   0.00318  -0.2014  0.1700  0.0039  -9.2865   0.0000  -0.3522
 -10.500  -0.2918   0.00761   0.00294  -0.2022  0.1695  0.0040  -8.5178   0.0000  -0.4759
 -10.000  -0.2320   0.00741   0.00272  -0.2031  0.1688  0.0040  -7.7778   0.0000  -0.6638
  -9.500  -0.1726   0.00727   0.00253  -0.2038  0.1462  0.0041  -7.0712   0.0000  -0.9784
  -9.000  -0.1131   0.00714   0.00235  -0.2045  0.1358  0.0041  -6.3936   0.0000  -1.6265
  -8.500  -0.0533   0.00701   0.00220  -0.2053  0.1306  0.0041  -5.7406   0.0000  -3.7393
  -8.000   0.0066   0.00689   0.00206  -0.2060  0.1255  0.0042  -5.1169   0.0000  32.4837
  -7.500   0.0664   0.00679   0.00194  -0.2068  0.1239  0.0042  -4.5228   0.0000   3.4554
  -7.000   0.1262   0.00670   0.00183  -0.2075  0.1237  0.0043  -4.0502   0.0000   1.9391
  -6.500   0.1860   0.00663   0.00174  -0.2082  0.1234  0.0043  -3.6590   0.0000   1.3979
  -6.000   0.2456   0.00657   0.00167  -0.2089  0.1231  0.0043  -3.2831   0.0000   1.1201
  -5.500   0.3052   0.00652   0.00161  -0.2095  0.1225  0.0044  -2.9225   0.0000   0.9510
  -5.000   0.3640   0.00655   0.00158  -0.2100  0.1027  0.0044  -2.5787   0.0000   0.8380
  -4.500   0.4231   0.00655   0.00156  -0.2106  0.0997  0.0045  -2.2500   0.0000   0.7561
  -4.000   0.4820   0.00657   0.00155  -0.2111  0.0927  0.0045  -1.9369   0.0000   0.6944
  -3.500   0.5410   0.00658   0.00155  -0.2117  0.0867  0.0046  -1.6387   0.0000   0.6460
  -3.000   0.5999   0.00660   0.00156  -0.2122  0.0844  0.0051  -1.3560   0.0000   0.6072
  -2.500   0.6586   0.00664   0.00158  -0.2127  0.0841  0.0048  -1.0882   0.0000   0.5753
  -2.000   0.7172   0.00668   0.00161  -0.2132  0.0839  0.0058  -0.9590   0.0000   0.5486
  -1.500   0.7744   0.00683   0.00170  -0.2134  0.0650  0.0072  -1.0085   0.0000   0.5260
  -1.000   0.8321   0.00694   0.00178  -0.2137  0.0521  0.0082  -1.0604   0.0000   0.5064
  -0.500   0.8897   0.00704   0.00186  -0.2140  0.0496  0.0092  -1.1128   0.0000   0.4894
   0.000   0.9472   0.00716   0.00195  -0.2143  0.0468  0.0099  -1.1654   0.0000   0.4743
   0.500   1.0046   0.00727   0.00206  -0.2145  0.0441  0.0157  -1.2198   0.0000   0.4610
   1.000   1.0620   0.00737   0.00215  -0.2148  0.0467  0.0170  -1.2842   0.0000   0.4490
   1.500   1.1187   0.00752   0.00228  -0.2150  0.0453  0.0172  -1.3595   0.0000   0.4382
   2.000   1.1752   0.00767   0.00242  -0.2152  0.0433  0.0197  -1.4356   0.0000   0.4284
   2.500   1.2277   0.00816   0.00281  -0.2145  0.0025  0.0374  -1.5225   0.0000   0.4193
   3.500   1.3381   0.00860   0.00321  -0.2144  0.0014  0.0426  -1.7535   0.0000   0.4033
   4.000   1.3927   0.00884   0.00344  -0.2142  0.0017  0.0459  -1.8955   0.0000   0.3962
   5.000   1.5008   0.00937   0.00395  -0.2137  0.0013  0.0671  -2.2552   0.0000   0.3833
   5.500   1.5541   0.00966   0.00423  -0.2134  0.0013  0.0818  -2.4411   0.0000   0.3774
   6.500   1.6594   0.01028   0.00488  -0.2125  0.0012  0.1465  -2.8251   0.0000   0.3665
   7.000   1.7107   0.01063   0.00522  -0.2119  0.0012  0.1632  -3.0217   0.0000   0.3614
   7.500   1.7617   0.01099   0.00560  -0.2112  0.0012  0.1945  -3.2222   0.0000   0.3566
   8.000   1.8112   0.01140   0.00599  -0.2102  0.0012  0.1944  -3.4242   0.0000   0.3519
   8.500   1.8606   0.01180   0.00644  -0.2093  0.0012  0.2489  -3.6303   0.0000   0.3474
   9.000   1.9084   0.01225   0.00690  -0.2081  0.0012  0.2785  -3.8940   0.0000   0.3430
   9.500   1.9548   0.01273   0.00740  -0.2067  0.0012  0.3081  -4.2230   0.0000   0.3387
  10.000   2.0012   0.01322   0.00798  -0.2054  0.0011  0.4055  -4.7977   0.0000   0.3347
  10.500   2.0433   0.01379   0.00857  -0.2032  0.0011  0.4327  -5.3782   0.0000   0.3305
  11.000   2.0698   0.01445   0.00925  -0.1978  0.0011  0.4351  -5.8932   0.0000   0.3256
  11.500   2.0996   0.01523   0.01004  -0.1933  0.0011  0.4476  -6.4503   0.0000   0.3211
  12.000   2.1296   0.01612   0.01094  -0.1891  0.0010  0.4516  -7.0298   0.0000   0.3169
  12.500   2.1588   0.01713   0.01202  -0.1850  0.0010  0.4976  -7.6245   0.0000   0.3127
  13.000   2.1856   0.01833   0.01326  -0.1808  0.0010  0.5229  -8.2239   0.0000   0.3087
  13.500   2.2101   0.01975   0.01471  -0.1765  0.0009  0.5326  -8.8262   0.0000   0.3047
  14.000   2.2334   0.02138   0.01640  -0.1724  0.0009  0.5676  -9.4383   0.0000   0.3009
  14.500   2.2549   0.02325   0.01836  -0.1685  0.0009  0.6279  -10.0537   0.0000   0.2973
  15.000   2.2744   0.02543   0.02060  -0.1646  0.0009  0.6542  -10.6715   0.0000   0.2938
  15.500   2.2924   0.02794   0.02317  -0.1611  0.0008  0.6897  -11.2945   0.0000   0.2904
  16.000   2.3078   0.03081   0.02611  -0.1576  0.0007  0.7173  -11.9107   0.0000   0.2872
  17.000   2.2714   0.04347   0.03915  -0.1471  0.0016  0.7814  -12.5074   0.0000   0.2811
  17.500   2.2736   0.04888   0.04469  -0.1450  0.0019  0.8458  -13.0580   0.0000   0.2787
  18.000   2.2863   0.05409   0.05014  -0.1447  0.0025  1.0000  -13.7017   0.0000   0.2767
  18.500   2.2819   0.06048   0.05661  -0.1429  0.0028  1.0000  -14.1772   0.0000   0.2747
  19.000   2.2763   0.06717   0.06339  -0.1416  0.0030  1.0000  -14.6462   0.0000   0.2728
  19.500   2.2762   0.07315   0.06943  -0.1406  0.0033  1.0000  -15.1730   0.0000   0.2709


