XFLR5 v6.02 Beta

 Calculated polar for: WORTMANN FX 63-137

 1 1 Reynolds number fixed          Mach number fixed         

 xtrf =   1.000 (top)        1.000 (bottom)
 Mach =   0.000     Re =    31.250 e 6     Ncrit =   9.000

  alpha     CL        CD       CDp       CM    Top Xtr Bot Xtr   Cpmin    Chinge    XCp    
 ------- -------- --------- --------- -------- ------- ------- -------- --------- ---------
 -20.500  -1.1941   0.03970   0.03638  -0.1613  0.5561  0.0022  -25.7911   0.0000   0.0824
 -20.000  -1.2071   0.03266   0.02922  -0.1670  0.5356  0.0022  -25.6471   0.0000   0.0810
 -19.500  -1.2032   0.02780   0.02427  -0.1706  0.5310  0.0023  -25.1915   0.0000   0.0790
 -19.000  -1.1938   0.02347   0.01988  -0.1738  0.5308  0.0023  -24.6426   0.0000   0.0766
 -18.500  -1.1817   0.02006   0.01642  -0.1753  0.5306  0.0024  -24.0266   0.0000   0.0751
 -18.000  -1.1455   0.01734   0.01358  -0.1796  0.4990  0.0025  -23.1130   0.0000   0.0676
 -17.500  -1.0933   0.01500   0.01112  -0.1862  0.4653  0.0026  -22.0219   0.0000   0.0548
 -17.000  -1.0434   0.01395   0.00991  -0.1879  0.4011  0.0027  -20.9309   0.0000   0.0456
 -16.500  -0.9893   0.01299   0.00891  -0.1896  0.4007  0.0029  -19.8081   0.0000   0.0345
 -16.000  -0.9350   0.01224   0.00807  -0.1909  0.3701  0.0030  -18.7065   0.0000   0.0224
 -15.500  -0.8789   0.01154   0.00731  -0.1921  0.3635  0.0032  -17.6102   0.0000   0.0082
 -15.000  -0.8221   0.01093   0.00666  -0.1933  0.3540  0.0034  -16.5324   0.0000  -0.0081
 -14.500  -0.7645   0.01040   0.00608  -0.1944  0.3383  0.0035  -15.4746   0.0000  -0.0272
 -14.000  -0.7081   0.01003   0.00558  -0.1951  0.2786  0.0036  -14.4583   0.0000  -0.0485
 -13.500  -0.6495   0.00961   0.00512  -0.1961  0.2771  0.0037  -13.5128   0.0000  -0.0751
 -13.000  -0.5915   0.00928   0.00471  -0.1969  0.2447  0.0037  -12.6199   0.0000  -0.1065
 -12.500  -0.5326   0.00895   0.00433  -0.1978  0.2361  0.0038  -11.7457   0.0000  -0.1457
 -12.000  -0.4743   0.00871   0.00399  -0.1985  0.1895  0.0038  -10.9034   0.0000  -0.1939
 -11.500  -0.4146   0.00841   0.00369  -0.1995  0.1959  0.0039  -10.0731   0.0000  -0.2581
 -11.000  -0.3553   0.00818   0.00339  -0.2003  0.1814  0.0039  -9.2803   0.0000  -0.3428
 -10.500  -0.2956   0.00794   0.00313  -0.2012  0.1739  0.0040  -8.5126   0.0000  -0.4630
 -10.000  -0.2358   0.00773   0.00289  -0.2020  0.1700  0.0040  -7.7734   0.0000  -0.6447
  -9.500  -0.1759   0.00754   0.00268  -0.2029  0.1693  0.0041  -7.0646   0.0000  -0.9506
  -9.000  -0.1166   0.00741   0.00249  -0.2036  0.1457  0.0041  -6.3917   0.0000  -1.5625
  -8.500  -0.0569   0.00728   0.00232  -0.2044  0.1400  0.0041  -5.7412   0.0000  -3.4668
  -8.000   0.0029   0.00716   0.00217  -0.2051  0.1348  0.0042  -5.1195   0.0000  74.2495
  -7.500   0.0627   0.00705   0.00204  -0.2059  0.1298  0.0042  -4.5269   0.0000   3.6325
  -7.000   0.1225   0.00696   0.00192  -0.2066  0.1262  0.0043  -4.0510   0.0000   1.9834
  -6.500   0.1822   0.00688   0.00183  -0.2073  0.1240  0.0043  -3.6611   0.0000   1.4165
  -6.000   0.2419   0.00682   0.00175  -0.2080  0.1236  0.0043  -3.2863   0.0000   1.1298
  -5.500   0.3015   0.00677   0.00168  -0.2087  0.1233  0.0044  -2.9266   0.0000   0.9567
  -5.000   0.3610   0.00673   0.00163  -0.2093  0.1228  0.0044  -2.5801   0.0000   0.8408
  -4.500   0.4203   0.00671   0.00160  -0.2099  0.1222  0.0045  -2.2521   0.0000   0.7578
  -4.000   0.4786   0.00678   0.00161  -0.2103  0.1009  0.0045  -1.9418   0.0000   0.6959
  -3.500   0.5372   0.00682   0.00161  -0.2108  0.0912  0.0046  -1.6450   0.0000   0.6472
  -3.000   0.5961   0.00685   0.00162  -0.2113  0.0880  0.0056  -1.3626   0.0000   0.6080
  -2.500   0.6548   0.00688   0.00164  -0.2118  0.0852  0.0056  -1.0950   0.0000   0.5759
  -2.000   0.7133   0.00692   0.00167  -0.2123  0.0842  0.0066  -0.9566   0.0000   0.5490
  -1.000   0.8298   0.00705   0.00178  -0.2131  0.0823  0.0093  -1.0590   0.0000   0.5065
  -0.500   0.8862   0.00726   0.00191  -0.2132  0.0581  0.0148  -1.1103   0.0000   0.4895
   0.000   0.9437   0.00737   0.00201  -0.2135  0.0511  0.0153  -1.1629   0.0000   0.4744
   0.500   1.0007   0.00751   0.00212  -0.2137  0.0486  0.0159  -1.2168   0.0000   0.4610
   1.000   1.0581   0.00761   0.00222  -0.2140  0.0506  0.0171  -1.2809   0.0000   0.4490
   1.500   1.1149   0.00774   0.00235  -0.2142  0.0501  0.0173  -1.3562   0.0000   0.4381
   2.000   1.1710   0.00792   0.00250  -0.2143  0.0469  0.0208  -1.4318   0.0000   0.4283
   2.500   1.2229   0.00846   0.00292  -0.2135  0.0031  0.0375  -1.5175   0.0000   0.4192
   3.000   1.2782   0.00868   0.00313  -0.2134  0.0023  0.0382  -1.6299   0.0000   0.4108
   3.500   1.3330   0.00892   0.00334  -0.2133  0.0018  0.0448  -1.7470   0.0000   0.4032
   4.000   1.3875   0.00917   0.00359  -0.2131  0.0022  0.0484  -1.8866   0.0000   0.3960
   5.500   1.5484   0.01001   0.00442  -0.2123  0.0013  0.1020  -2.4302   0.0000   0.3771
   6.000   1.6013   0.01031   0.00475  -0.2119  0.0012  0.1462  -2.6198   0.0000   0.3716
   6.500   1.6529   0.01066   0.00509  -0.2113  0.0012  0.1627  -2.8121   0.0000   0.3662
   7.000   1.7044   0.01101   0.00547  -0.2107  0.0012  0.1948  -3.0085   0.0000   0.3612
   7.500   1.7543   0.01141   0.00586  -0.2098  0.0012  0.2073  -3.2066   0.0000   0.3563
   8.000   1.8031   0.01184   0.00627  -0.2087  0.0012  0.2023  -3.4070   0.0000   0.3515
   8.500   1.8533   0.01223   0.00676  -0.2080  0.0012  0.3073  -3.6139   0.0000   0.3471
   9.000   1.8998   0.01272   0.00725  -0.2065  0.0012  0.3247  -3.8691   0.0000   0.3427
  10.000   1.9907   0.01374   0.00841  -0.2035  0.0011  0.4557  -4.7342   0.0000   0.3343
  10.500   2.0222   0.01437   0.00905  -0.1991  0.0011  0.4663  -5.2503   0.0000   0.3295
  11.000   2.0525   0.01510   0.00980  -0.1946  0.0011  0.4808  -5.7812   0.0000   0.3249
  11.500   2.0832   0.01595   0.01069  -0.1904  0.0011  0.4994  -6.3393   0.0000   0.3205
  12.000   2.1123   0.01693   0.01170  -0.1862  0.0010  0.5245  -6.9084   0.0000   0.3163
  12.500   2.1396   0.01808   0.01288  -0.1819  0.0010  0.5327  -7.4868   0.0000   0.3121
  13.000   2.1666   0.01939   0.01424  -0.1780  0.0010  0.5636  -8.0822   0.0000   0.3081
  13.500   2.1919   0.02090   0.01581  -0.1740  0.0009  0.5978  -8.6851   0.0000   0.3043
  14.000   2.2126   0.02273   0.01771  -0.1698  0.0009  0.6431  -9.2731   0.0000   0.3005
  14.500   2.2329   0.02485   0.01991  -0.1660  0.0009  0.6871  -9.8737   0.0000   0.2969
  15.000   2.2515   0.02725   0.02237  -0.1623  0.0009  0.7127  -10.4781   0.0000   0.2935
  15.500   2.2685   0.02999   0.02520  -0.1589  0.0008  0.7500  -11.0858   0.0000   0.2902
  16.000   2.2847   0.03307   0.02837  -0.1559  0.0008  0.8060  -11.7020   0.0000   0.2872
  16.500   2.3042   0.03657   0.03213  -0.1544  0.0008  1.0000  -12.3632   0.0000   0.2846
  17.000   2.3124   0.04045   0.03606  -0.1513  0.0007  1.0000  -12.9402   0.0000   0.2817
  19.000   2.2508   0.07020   0.06634  -0.1410  0.0020  1.0000  -14.3936   0.0000   0.2732
  19.500   2.2399   0.07786   0.07410  -0.1405  0.0022  1.0000  -14.8112   0.0000   0.2717


