XFLR5 v6.02 Beta

 Calculated polar for: WORTMANN FX 63-137

 1 1 Reynolds number fixed          Mach number fixed         

 xtrf =   1.000 (top)        1.000 (bottom)
 Mach =   0.000     Re =    78.000 e 6     Ncrit =   9.000

  alpha     CL        CD       CDp       CM    Top Xtr Bot Xtr   Cpmin    Chinge    XCp    
 ------- -------- --------- --------- -------- ------- ------- -------- --------- ---------
 -22.500  -1.2841   0.05164   0.04845  -0.1549  0.4013  0.0014  -28.9987   0.0000   0.0922
 -22.000  -1.3176   0.04177   0.03848  -0.1628  0.4013  0.0014  -29.2531   0.0000   0.0913
 -21.000  -1.3324   0.02941   0.02597  -0.1722  0.4012  0.0014  -28.6974   0.0000   0.0889
 -20.500  -1.3227   0.02536   0.02187  -0.1750  0.4012  0.0014  -28.0996   0.0000   0.0872
 -20.000  -1.3099   0.02157   0.01803  -0.1776  0.4011  0.0014  -27.4497   0.0000   0.0853
 -19.000  -1.2550   0.01628   0.01262  -0.1826  0.3700  0.0014  -25.7217   0.0000   0.0776
 -18.500  -1.2008   0.01427   0.01055  -0.1886  0.3648  0.0014  -24.5343   0.0000   0.0668
 -18.000  -1.1503   0.01340   0.00956  -0.1899  0.2992  0.0014  -23.3720   0.0000   0.0594
 -17.500  -1.0967   0.01261   0.00873  -0.1912  0.2911  0.0015  -22.1914   0.0000   0.0508
 -17.000  -1.0419   0.01191   0.00801  -0.1924  0.2838  0.0016  -21.0200   0.0000   0.0409
 -16.500  -0.9860   0.01128   0.00735  -0.1935  0.2786  0.0017  -19.8639   0.0000   0.0298
 -16.000  -0.9294   0.01071   0.00676  -0.1946  0.2782  0.0018  -18.7270   0.0000   0.0171
 -15.500  -0.8722   0.01019   0.00621  -0.1956  0.2779  0.0019  -17.6120   0.0000   0.0024
 -15.000  -0.8156   0.00978   0.00572  -0.1963  0.2272  0.0020  -16.5339   0.0000  -0.0139
 -14.500  -0.7575   0.00935   0.00526  -0.1973  0.2214  0.0021  -15.4694   0.0000  -0.0336
 -13.500  -0.6408   0.00862   0.00444  -0.1990  0.1888  0.0023  -13.5108   0.0000  -0.0841
 -13.000  -0.5818   0.00829   0.00408  -0.1999  0.1781  0.0024  -12.6136   0.0000  -0.1177
 -12.000  -0.4634   0.00771   0.00341  -0.2017  0.1411  0.0028  -10.8969   0.0000  -0.2111
 -11.500  -0.4035   0.00741   0.00310  -0.2026  0.1424  0.0032  -10.0740   0.0000  -0.2798
 -11.000  -0.3437   0.00716   0.00283  -0.2035  0.1387  0.0034  -9.2785   0.0000  -0.3722
 -10.500  -0.2838   0.00694   0.00258  -0.2044  0.1341  0.0037  -8.5086   0.0000  -0.5041
 -10.000  -0.2239   0.00676   0.00238  -0.2052  0.1294  0.0040  -7.7653   0.0000  -0.7066
  -9.500  -0.1640   0.00661   0.00221  -0.2060  0.1245  0.0040  -7.0530   0.0000  -1.0567
  -9.000  -0.1042   0.00647   0.00206  -0.2068  0.1236  0.0041  -6.3709   0.0000  -1.8090
  -8.500  -0.0443   0.00636   0.00193  -0.2075  0.1233  0.0041  -5.7167   0.0000  -4.5963
  -8.000   0.0155   0.00626   0.00181  -0.2082  0.1229  0.0042  -5.0923   0.0000  14.0779
  -7.000   0.1346   0.00613   0.00163  -0.2095  0.1022  0.0043  -4.0410   0.0000   1.8491
  -6.500   0.1941   0.00609   0.00156  -0.2102  0.0995  0.0043  -3.6493   0.0000   1.3597
  -6.000   0.2536   0.00605   0.00150  -0.2108  0.0968  0.0043  -3.2728   0.0000   1.1001
  -5.500   0.3131   0.00602   0.00146  -0.2114  0.0943  0.0044  -2.9115   0.0000   0.9393
  -5.000   0.3725   0.00600   0.00142  -0.2120  0.0905  0.0044  -2.5658   0.0000   0.8298
  -4.500   0.4318   0.00599   0.00140  -0.2126  0.0844  0.0044  -2.2356   0.0000   0.7505
  -4.000   0.4910   0.00599   0.00139  -0.2132  0.0842  0.0045  -1.9208   0.0000   0.6904
  -3.500   0.5501   0.00600   0.00139  -0.2137  0.0841  0.0045  -1.6221   0.0000   0.6432
  -3.000   0.6090   0.00602   0.00140  -0.2142  0.0840  0.0046  -1.3393   0.0000   0.6052
  -2.500   0.6678   0.00605   0.00142  -0.2147  0.0838  0.0046  -1.0719   0.0000   0.5739
  -2.000   0.7247   0.00624   0.00151  -0.2148  0.0457  0.0046  -0.9635   0.0000   0.5478
  -1.500   0.7830   0.00631   0.00156  -0.2152  0.0429  0.0053  -1.0142   0.0000   0.5254
  -1.000   0.8411   0.00638   0.00162  -0.2156  0.0406  0.0061  -1.0666   0.0000   0.5060
  -0.500   0.8991   0.00647   0.00169  -0.2160  0.0385  0.0068  -1.1193   0.0000   0.4891
   0.000   0.9569   0.00656   0.00177  -0.2163  0.0381  0.0073  -1.1722   0.0000   0.4742
   0.500   1.0144   0.00666   0.00186  -0.2166  0.0381  0.0091  -1.2274   0.0000   0.4610
   1.000   1.0720   0.00675   0.00195  -0.2170  0.0382  0.0169  -1.2929   0.0000   0.4491
   1.500   1.1291   0.00687   0.00206  -0.2172  0.0382  0.0171  -1.3687   0.0000   0.4384
   2.000   1.1840   0.00717   0.00228  -0.2170  0.0184  0.0198  -1.4431   0.0000   0.4286
   2.500   1.2390   0.00745   0.00253  -0.2168  0.0013  0.0370  -1.5344   0.0000   0.4196
   3.000   1.2947   0.00764   0.00271  -0.2169  0.0013  0.0379  -1.6508   0.0000   0.4113
   3.500   1.3502   0.00785   0.00289  -0.2168  0.0013  0.0384  -1.7691   0.0000   0.4037
   4.000   1.4052   0.00807   0.00310  -0.2167  0.0013  0.0405  -1.9170   0.0000   0.3966
   4.500   1.4599   0.00830   0.00331  -0.2166  0.0013  0.0460  -2.0962   0.0000   0.3900
   5.000   1.5144   0.00854   0.00355  -0.2165  0.0013  0.0663  -2.2800   0.0000   0.3838
   5.500   1.5681   0.00880   0.00380  -0.2162  0.0013  0.0708  -2.4677   0.0000   0.3779
   6.000   1.6218   0.00907   0.00408  -0.2159  0.0012  0.1035  -2.6599   0.0000   0.3724
   6.500   1.6745   0.00937   0.00436  -0.2155  0.0012  0.1132  -2.8553   0.0000   0.3671
   7.000   1.7268   0.00968   0.00467  -0.2150  0.0012  0.1242  -3.0546   0.0000   0.3621
   7.500   1.7785   0.01001   0.00499  -0.2145  0.0012  0.1458  -3.2575   0.0000   0.3573
   8.000   1.8292   0.01037   0.00534  -0.2137  0.0012  0.1457  -3.4629   0.0000   0.3526
   8.500   1.8791   0.01075   0.00571  -0.2129  0.0012  0.1485  -3.6712   0.0000   0.3481
   9.000   1.9287   0.01113   0.00612  -0.2120  0.0012  0.2024  -3.9528   0.0000   0.3438
  10.000   2.0240   0.01201   0.00701  -0.2096  0.0012  0.2634  -4.9366   0.0000   0.3355
  10.500   2.0700   0.01248   0.00752  -0.2081  0.0011  0.3154  -5.5481   0.0000   0.3315
  11.000   2.1129   0.01302   0.00805  -0.2061  0.0011  0.3254  -6.1712   0.0000   0.3275
  11.500   2.1451   0.01361   0.00865  -0.2018  0.0011  0.3326  -6.7537   0.0000   0.3230
  12.000   2.1737   0.01430   0.00935  -0.1970  0.0010  0.3335  -7.3357   0.0000   0.3185
  12.500   2.2024   0.01511   0.01018  -0.1924  0.0010  0.3432  -7.9397   0.0000   0.3143
  13.000   2.2305   0.01607   0.01117  -0.1880  0.0009  0.3709  -8.5600   0.0000   0.3101
  14.000   2.2489   0.02041   0.01574  -0.1742  0.0020  0.4453  -9.5384   0.0000   0.3011
  14.500   2.2691   0.02213   0.01751  -0.1697  0.0021  0.4557  -10.1525   0.0000   0.2973
  15.000   2.2850   0.02440   0.01983  -0.1652  0.0026  0.4837  -10.7453   0.0000   0.2937
  15.500   2.2996   0.02702   0.02252  -0.1610  0.0030  0.5113  -11.3368   0.0000   0.2902
  16.000   2.3121   0.03003   0.02559  -0.1572  0.0035  0.5323  -11.9239   0.0000   0.2869
  16.500   2.3230   0.03339   0.02903  -0.1536  0.0039  0.5622  -12.5100   0.0000   0.2838
  17.000   2.3307   0.03720   0.03290  -0.1502  0.0041  0.5829  -13.0803   0.0000   0.2808
  17.500   2.3355   0.04137   0.03716  -0.1471  0.0045  0.6131  -13.6332   0.0000   0.2780
  18.000   2.3376   0.04626   0.04213  -0.1444  0.0046  0.6299  -14.1747   0.0000   0.2754
  18.500   2.3396   0.05145   0.04740  -0.1422  0.0046  0.6555  -14.7243   0.0000   0.2730
  19.000   2.3463   0.05631   0.05235  -0.1405  0.0047  0.6887  -15.3282   0.0000   0.2707
  19.500   2.3411   0.06281   0.05894  -0.1390  0.0047  0.7153  -15.8230   0.0000   0.2687
  20.000   2.3322   0.07002   0.06626  -0.1382  0.0047  0.7475  -16.2857   0.0000   0.2670
  20.500   2.3196   0.07786   0.07422  -0.1378  0.0047  0.7760  -16.7111   0.0000   0.2656
  22.000   2.2807   0.10187   0.09855  -0.1394  0.0047  0.8413  -17.9754   0.0000   0.2624
  22.500   2.2572   0.11186   0.10865  -0.1416  0.0047  0.8518  -18.2661   0.0000   0.2623


