xflr5 v6.59

 Calculated polar for: WORTMANN FX 63-137 AIRFOIL

 1 1 Reynolds number fixed          Mach number fixed         

 xtrf =   1.000 (top)        1.000 (bottom)
 Mach =   0.000     Re =     2.900 e 6     Ncrit =   9.000

  alpha     CL        CD       CDp       Cm    Top Xtr Bot Xtr   Cpmin    Chinge    XCp    
 ------- -------- --------- --------- -------- ------- ------- -------- --------- ---------
 -12.500   -0.1033   0.10299   0.10037   -0.1107   0.6720   0.0085   -2.9760   0.0000   -0.9176   
 -11.100   -0.0489   0.09142   0.08861   -0.1170   0.6125   0.0121   -2.3273   0.0000   -2.3176   
 -11.000   -0.0451   0.09063   0.08780   -0.1174   0.6082   0.0123   -2.2871   0.0000   -2.5392   
 -10.900   -0.0413   0.08986   0.08700   -0.1178   0.6033   0.0125   -2.2458   0.0000   -2.8073   
 -10.800   -0.0372   0.08908   0.08622   -0.1182   0.5991   0.0127   -2.2033   0.0000   -3.1469   
 -10.700   -0.0330   0.08830   0.08543   -0.1186   0.5969   0.0130   -2.1593   0.0000   -3.5950   
 -10.600   -0.0286   0.08752   0.08466   -0.1190   0.5957   0.0134   -2.1139   0.0000   -4.2049   
 -10.500   -0.0240   0.08676   0.08389   -0.1195   0.5942   0.0139   -2.0680   0.0000   -5.0674   
 -10.400   -0.0193   0.08599   0.08312   -0.1200   0.5922   0.0146   -2.0239   0.0000   -6.3729   
 -10.300   -0.0146   0.08516   0.08229   -0.1204   0.5897   0.0152   -1.9868   0.0000   -8.5102   
 -10.200   -0.0100   0.08426   0.08139   -0.1209   0.5890   0.0157   -1.9568   0.0000   -12.6173   
 -10.100   -0.0062   0.08353   0.08059   -0.1211   0.5717   0.0161   -1.9270   0.0000   -20.6934   
 -10.000   -0.0013   0.08285   0.07987   -0.1214   0.5622   0.0163   -1.8886   0.0000   -98.2821   
 -9.700   -0.2214   0.01014   0.00512   -0.1945   0.6697   0.0066   -6.5152   0.0000   -0.6669   
 -9.600   -0.2095   0.01002   0.00497   -0.1948   0.6664   0.0065   -6.3775   0.0000   -0.7199   
 -9.500   -0.1974   0.00991   0.00483   -0.1951   0.6630   0.0065   -6.2493   0.0000   -0.7797   
 -9.400   -0.1853   0.00979   0.00468   -0.1954   0.6605   0.0065   -6.1328   0.0000   -0.8480   
 -9.300   -0.1732   0.00967   0.00453   -0.1957   0.6581   0.0064   -6.0177   0.0000   -0.9258   
 -9.200   -0.1613   0.00957   0.00440   -0.1959   0.6521   0.0064   -5.9034   0.0000   -1.0132   
 -9.100   -0.1509   0.00956   0.00429   -0.1958   0.6292   0.0064   -5.7972   0.0000   -1.0995   
 -9.000   -0.1395   0.00949   0.00416   -0.1960   0.6174   0.0063   -5.6867   0.0000   -1.2100   
 -8.900   -0.1283   0.00944   0.00405   -0.1961   0.6042   0.0063   -5.5781   0.0000   -1.3372   
 -8.800   -0.1164   0.00935   0.00393   -0.1964   0.5964   0.0063   -5.4664   0.0000   -1.5010   
 -8.700   -0.1042   0.00926   0.00382   -0.1966   0.5934   0.0063   -5.3545   0.0000   -1.7063   
 -8.600   -0.0922   0.00918   0.00371   -0.1968   0.5893   0.0062   -5.2438   0.0000   -1.9625   
 -8.500   -0.0801   0.00910   0.00361   -0.1971   0.5871   0.0062   -5.1335   0.0000   -2.2993   
 -8.400   -0.0696   0.00913   0.00355   -0.1970   0.5642   0.0062   -5.0319   0.0000   -2.6801   
 -8.300   -0.0578   0.00908   0.00346   -0.1972   0.5582   0.0062   -4.9248   0.0000   -3.2792   
 -8.200   -0.0461   0.00904   0.00338   -0.1973   0.5525   0.0061   -4.8187   0.0000   -4.1810   
 -8.100   -0.0344   0.00900   0.00331   -0.1975   0.5467   0.0061   -4.7138   0.0000   -5.6878   
 -8.000   -0.0227   0.00897   0.00323   -0.1976   0.5404   0.0061   -4.6096   0.0000   -8.7600   
 -7.900   -0.0108   0.00892   0.00316   -0.1978   0.5342   0.0061   -4.5054   0.0000   -18.7139   
 -7.800   0.0013   0.00886   0.00308   -0.1980   0.5317   0.0061   -4.4011   0.0000   154.6604   
 -7.700   0.0134   0.00881   0.00301   -0.1982   0.5301   0.0060   -4.2976   0.0000   15.4743   
 -7.600   0.0255   0.00876   0.00295   -0.1984   0.5278   0.0060   -4.2077   0.0000   8.2751   
 -7.500   0.0375   0.00871   0.00288   -0.1986   0.5250   0.0060   -4.1315   0.0000   5.7064   
 -7.400   0.0489   0.00871   0.00284   -0.1987   0.5138   0.0060   -4.0580   0.0000   4.4367   
 -7.300   0.0598   0.00875   0.00280   -0.1987   0.4971   0.0059   -3.9864   0.0000   3.6703   
 -7.200   0.0715   0.00873   0.00275   -0.1988   0.4909   0.0059   -3.9126   0.0000   3.1114   
 -7.100   0.0831   0.00872   0.00271   -0.1989   0.4848   0.0059   -3.8395   0.0000   2.7119   
 -7.000   0.0947   0.00871   0.00267   -0.1990   0.4785   0.0059   -3.7667   0.0000   2.4112   
 -6.900   0.1066   0.00868   0.00261   -0.1992   0.4758   0.0060   -3.6924   0.0000   2.1698   
 -6.800   0.1184   0.00866   0.00257   -0.1993   0.4696   0.0060   -3.6194   0.0000   1.9788   
 -6.700   0.1304   0.00863   0.00252   -0.1995   0.4666   0.0060   -3.5460   0.0000   1.8205   
 -6.600   0.1424   0.00859   0.00248   -0.1996   0.4651   0.0060   -3.4729   0.0000   1.6886   
 -6.500   0.1544   0.00856   0.00244   -0.1998   0.4630   0.0060   -3.4003   0.0000   1.5775   
 -6.400   0.1664   0.00853   0.00240   -0.2000   0.4608   0.0060   -3.3281   0.0000   1.4825   
 -6.300   0.1778   0.00855   0.00238   -0.2000   0.4508   0.0060   -3.2581   0.0000   1.4033   
 -6.200   0.1885   0.00862   0.00238   -0.2000   0.4329   0.0059   -3.1909   0.0000   1.3370   
 -6.100   0.2001   0.00862   0.00235   -0.2001   0.4274   0.0059   -3.1209   0.0000   1.2738   
 -6.000   0.2117   0.00862   0.00233   -0.2002   0.4222   0.0059   -3.0512   0.0000   1.2177   
 -5.900   0.2232   0.00863   0.00231   -0.2002   0.4168   0.0059   -2.9814   0.0000   1.1677   
 -5.800   0.2348   0.00863   0.00230   -0.2003   0.4112   0.0059   -2.9103   0.0000   1.1225   
 -5.700   0.2465   0.00863   0.00228   -0.2004   0.4051   0.0058   -2.8374   0.0000   1.0812   
 -5.600   0.2583   0.00862   0.00227   -0.2006   0.4020   0.0058   -2.7609   0.0000   1.0433   
 -5.500   0.2700   0.00862   0.00228   -0.2007   0.4008   0.0058   -2.6708   0.0000   1.0091   
 -5.400   0.2808   0.00869   0.00241   -0.2006   0.3994   0.0058   -2.5372   0.0000   0.9792   
 -5.300   0.2926   0.00868   0.00239   -0.2007   0.3974   0.0058   -2.4701   0.0000   0.9499   
 -5.200   0.3046   0.00866   0.00237   -0.2009   0.3961   0.0058   -2.4053   0.0000   0.9227   
 -5.100   0.3154   0.00873   0.00239   -0.2008   0.3803   0.0058   -2.3456   0.0000   0.8993   
 -5.000   0.3265   0.00877   0.00238   -0.2008   0.3681   0.0057   -2.2868   0.0000   0.8769   
 -4.900   0.3381   0.00877   0.00236   -0.2009   0.3636   0.0057   -2.2279   0.0000   0.8553   
 -4.800   0.3498   0.00878   0.00235   -0.2010   0.3592   0.0057   -2.1706   0.0000   0.8352   
 -4.700   0.3614   0.00879   0.00233   -0.2011   0.3548   0.0057   -2.1148   0.0000   0.8165   
 -4.600   0.3731   0.00879   0.00231   -0.2012   0.3502   0.0057   -2.0602   0.0000   0.7988   
 -4.500   0.3848   0.00879   0.00228   -0.2014   0.3450   0.0057   -2.0067   0.0000   0.7821   
 -4.400   0.3967   0.00877   0.00224   -0.2015   0.3402   0.0057   -1.9552   0.0000   0.7663   
 -4.300   0.4087   0.00875   0.00221   -0.2017   0.3386   0.0057   -1.9036   0.0000   0.7513   
 -4.200   0.4207   0.00873   0.00218   -0.2018   0.3378   0.0057   -1.8534   0.0000   0.7372   
 -4.100   0.4328   0.00871   0.00216   -0.2020   0.3367   0.0057   -1.8049   0.0000   0.7238   
 -4.000   0.4448   0.00869   0.00213   -0.2022   0.3354   0.0058   -1.7584   0.0000   0.7112   
 -3.900   0.4567   0.00867   0.00210   -0.2023   0.3335   0.0058   -1.7143   0.0000   0.6993   
 -3.800   0.4688   0.00865   0.00207   -0.2025   0.3330   0.0060   -1.6731   0.0000   0.6879   
 -3.700   0.4809   0.00865   0.00200   -0.2027   0.3097   0.0142   -1.7753   0.0000   0.6772   
 -3.600   0.4922   0.00868   0.00202   -0.2028   0.3047   0.0147   -1.7031   0.0000   0.6672   
 -3.500   0.5035   0.00871   0.00204   -0.2028   0.3006   0.0151   -1.6275   0.0000   0.6578   
 -3.400   0.5146   0.00876   0.00208   -0.2028   0.2966   0.0155   -1.5492   0.0000   0.6488   
 -3.300   0.5256   0.00882   0.00212   -0.2028   0.2924   0.0158   -1.4704   0.0000   0.6402   
 -3.200   0.5368   0.00886   0.00215   -0.2028   0.2881   0.0161   -1.3937   0.0000   0.6319   
 -3.100   0.5481   0.00889   0.00219   -0.2028   0.2832   0.0164   -1.3206   0.0000   0.6239   
 -3.000   0.5596   0.00890   0.00222   -0.2029   0.2794   0.0166   -1.2509   0.0000   0.6162   
 -2.900   0.5712   0.00891   0.00224   -0.2030   0.2782   0.0167   -1.1837   0.0000   0.6088   
 -2.800   0.5827   0.00893   0.00228   -0.2031   0.2774   0.0169   -1.1166   0.0000   0.6017   
 -2.400   0.6301   0.00890   0.00221   -0.2036   0.2733   0.0170   -0.9231   0.0000   0.5754   
 -2.200   0.6505   0.00920   0.00222   -0.2033   0.2270   0.0167   -0.9114   0.0000   0.5644   
 -2.100   0.6619   0.00922   0.00223   -0.2033   0.2214   0.0168   -0.9204   0.0000   0.5588   
 -2.000   0.6735   0.00923   0.00224   -0.2034   0.2198   0.0169   -0.9293   0.0000   0.5535   
 -1.900   0.6850   0.00925   0.00226   -0.2035   0.2176   0.0170   -0.9382   0.0000   0.5483   
 -1.800   0.6967   0.00926   0.00227   -0.2036   0.2170   0.0171   -0.9470   0.0000   0.5433   
 -1.000   0.7867   0.00961   0.00240   -0.2038   0.1788   0.0187   -1.0260   0.0000   0.5088   
 -0.900   0.7982   0.00963   0.00241   -0.2039   0.1760   0.0187   -1.0366   0.0000   0.5050   
 -0.800   0.8097   0.00965   0.00242   -0.2040   0.1732   0.0189   -1.0471   0.0000   0.5013   
 -0.700   0.8213   0.00966   0.00243   -0.2040   0.1710   0.0191   -1.0576   0.0000   0.4976   
 -0.600   0.8329   0.00968   0.00243   -0.2041   0.1701   0.0192   -1.0681   0.0000   0.4941   
 -0.500   0.8444   0.00970   0.00244   -0.2042   0.1696   0.0194   -1.0785   0.0000   0.4907   
 -0.400   0.8559   0.00972   0.00246   -0.2042   0.1686   0.0194   -1.0890   0.0000   0.4874   
 -0.300   0.8673   0.00974   0.00248   -0.2043   0.1671   0.0194   -1.0995   0.0000   0.4842   
 -0.200   0.8786   0.00978   0.00250   -0.2043   0.1652   0.0193   -1.1099   0.0000   0.4810   
 -0.100   0.8886   0.00992   0.00259   -0.2041   0.1505   0.0191   -1.1203   0.0000   0.4780   
 0.000   0.8995   0.00999   0.00264   -0.2041   0.1450   0.0190   -1.1306   0.0000   0.4750   
 0.100   0.9106   0.01004   0.00267   -0.2041   0.1430   0.0188   -1.1409   0.0000   0.4721   
 0.200   0.9217   0.01009   0.00270   -0.2041   0.1410   0.0187   -1.1513   0.0000   0.4692   
 0.300   0.9328   0.01014   0.00274   -0.2040   0.1390   0.0186   -1.1615   0.0000   0.4665   
 0.400   0.9438   0.01019   0.00278   -0.2040   0.1369   0.0185   -1.1718   0.0000   0.4637   
 0.500   0.9549   0.01023   0.00281   -0.2040   0.1349   0.0184   -1.1821   0.0000   0.4611   
 0.600   0.9661   0.01027   0.00285   -0.2040   0.1326   0.0183   -1.1924   0.0000   0.4585   
 0.700   0.9772   0.01031   0.00289   -0.2040   0.1302   0.0183   -1.2027   0.0000   0.4559   
 0.800   0.9884   0.01035   0.00292   -0.2040   0.1278   0.0183   -1.2148   0.0000   0.4534   
 0.900   0.9996   0.01039   0.00296   -0.2040   0.1261   0.0187   -1.2272   0.0000   0.4510   
 1.000   1.0108   0.01042   0.00300   -0.2040   0.1245   0.0191   -1.2396   0.0000   0.4486   
 1.100   1.0217   0.01047   0.00302   -0.2040   0.1239   0.0228   -1.2518   0.0000   0.4462   
 1.200   1.0332   0.01049   0.00310   -0.2040   0.1236   0.0265   -1.2643   0.0000   0.4439   
 1.300   1.0446   0.01051   0.00313   -0.2041   0.1232   0.0349   -1.2768   0.0000   0.4417   
 1.400   1.0558   0.01054   0.00317   -0.2041   0.1228   0.0362   -1.2892   0.0000   0.4395   
 1.500   1.0670   0.01058   0.00321   -0.2042   0.1223   0.0370   -1.3016   0.0000   0.4373   
 1.600   1.0781   0.01062   0.00324   -0.2042   0.1218   0.0376   -1.3140   0.0000   0.4352   
 1.700   1.0892   0.01066   0.00328   -0.2042   0.1210   0.0380   -1.3284   0.0000   0.4332   
 1.800   1.1002   0.01070   0.00332   -0.2041   0.1198   0.0383   -1.3437   0.0000   0.4311   
 1.900   1.1112   0.01074   0.00337   -0.2041   0.1188   0.0390   -1.3590   0.0000   0.4291   
 2.000   1.1202   0.01095   0.00351   -0.2037   0.1030   0.0404   -1.3784   0.0000   0.4272   
 2.100   1.1310   0.01101   0.00356   -0.2037   0.1017   0.0424   -1.3933   0.0000   0.4253   
 2.200   1.1417   0.01108   0.00361   -0.2036   0.1004   0.0455   -1.4084   0.0000   0.4234   
 2.300   1.1529   0.01112   0.00369   -0.2037   0.0991   0.0632   -1.4240   0.0000   0.4215   
 2.400   1.1636   0.01119   0.00375   -0.2036   0.0978   0.0656   -1.4393   0.0000   0.4197   
 2.500   1.1742   0.01126   0.00381   -0.2035   0.0961   0.0695   -1.4547   0.0000   0.4179   
 2.600   1.1848   0.01134   0.00388   -0.2034   0.0908   0.0822   -1.4706   0.0000   0.4162   
 2.700   1.1960   0.01139   0.00395   -0.2035   0.0852   0.1033   -1.4866   0.0000   0.4145   
 2.800   1.2069   0.01144   0.00401   -0.2035   0.0839   0.1123   -1.5065   0.0000   0.4128   
 2.900   1.2178   0.01149   0.00407   -0.2035   0.0830   0.1195   -1.5308   0.0000   0.4111   
 3.000   1.2292   0.01152   0.00414   -0.2036   0.0816   0.1431   -1.5554   0.0000   0.4095   
 3.100   1.2398   0.01159   0.00421   -0.2035   0.0792   0.1454   -1.5795   0.0000   0.4079   
 3.200   1.2483   0.01183   0.00438   -0.2030   0.0653   0.1524   -1.6031   0.0000   0.4063   
 3.300   1.2588   0.01191   0.00447   -0.2030   0.0631   0.1647   -1.6226   0.0000   0.4047   
 3.400   1.2700   0.01197   0.00455   -0.2031   0.0610   0.1925   -1.6423   0.0000   0.4032   
 3.500   1.2804   0.01205   0.00462   -0.2029   0.0590   0.1959   -1.6622   0.0000   0.4017   
 3.600   1.2912   0.01210   0.00469   -0.2029   0.0569   0.2112   -1.6834   0.0000   0.4002   
 3.700   1.3027   0.01214   0.00477   -0.2031   0.0548   0.2393   -1.7060   0.0000   0.3988   
 3.800   1.3134   0.01220   0.00484   -0.2030   0.0531   0.2489   -1.7284   0.0000   0.3973   
 3.900   1.3241   0.01224   0.00490   -0.2030   0.0560   0.2478   -1.7551   0.0000   0.3959   
 4.000   1.3349   0.01230   0.00498   -0.2030   0.0550   0.2633   -1.7889   0.0000   0.3945   
 4.100   1.3469   0.01231   0.00506   -0.2033   0.0537   0.3046   -1.8245   0.0000   0.3932   
 4.200   1.3574   0.01238   0.00514   -0.2032   0.0525   0.3108   -1.8580   0.0000   0.3918   
 4.300   1.3686   0.01241   0.00522   -0.2033   0.0517   0.3346   -1.8930   0.0000   0.3905   
 4.400   1.3801   0.01244   0.00530   -0.2034   0.0515   0.3666   -1.9289   0.0000   0.3893   
 4.500   1.3907   0.01251   0.00538   -0.2034   0.0513   0.3782   -1.9637   0.0000   0.3879   
 4.700   1.4123   0.01262   0.00557   -0.2034   0.0502   0.4147   -2.0349   0.0000   0.3854   
 4.800   1.4228   0.01270   0.00567   -0.2033   0.0489   0.4307   -2.0705   0.0000   0.3841   
 4.900   1.4326   0.01281   0.00578   -0.2031   0.0470   0.4377   -2.1054   0.0000   0.3829   
 5.000   1.4426   0.01292   0.00591   -0.2030   0.0449   0.4531   -2.1407   0.0000   0.3816   
 5.100   1.4525   0.01303   0.00603   -0.2028   0.0429   0.4685   -2.1758   0.0000   0.3804   
 5.200   1.4630   0.01311   0.00616   -0.2028   0.0412   0.4954   -2.2117   0.0000   0.3792   
 5.300   1.4730   0.01320   0.00626   -0.2026   0.0396   0.5079   -2.2469   0.0000   0.3780   
 5.400   1.4833   0.01328   0.00637   -0.2025   0.0383   0.5215   -2.2826   0.0000   0.3768   
 5.500   1.4932   0.01337   0.00646   -0.2023   0.0380   0.5252   -2.3185   0.0000   0.3756   
 5.600   1.5030   0.01346   0.00655   -0.2021   0.0378   0.5278   -2.3545   0.0000   0.3744   
 5.700   1.5127   0.01356   0.00664   -0.2018   0.0375   0.5299   -2.3906   0.0000   0.3733   
 5.800   1.5223   0.01365   0.00673   -0.2016   0.0372   0.5317   -2.4268   0.0000   0.3721   
 5.900   1.5319   0.01375   0.00683   -0.2013   0.0368   0.5338   -2.4631   0.0000   0.3709   
 6.000   1.5375   0.01413   0.00715   -0.2004   0.0257   0.5413   -2.5024   0.0000   0.3697   
 6.100   1.5448   0.01439   0.00736   -0.1997   0.0202   0.5455   -2.5196   0.0000   0.3685   
 6.200   1.5537   0.01452   0.00750   -0.1993   0.0170   0.5502   -2.5496   0.0000   0.3673   
 6.300   1.5630   0.01463   0.00762   -0.1990   0.0164   0.5563   -2.5846   0.0000   0.3662   
 6.500   1.5750   0.01527   0.00822   -0.1972   0.0044   0.5644   -2.6528   0.0000   0.3637   
 6.600   1.5837   0.01540   0.00836   -0.1968   0.0042   0.5722   -2.6886   0.0000   0.3626   
 6.700   1.5925   0.01553   0.00851   -0.1964   0.0041   0.5819   -2.7248   0.0000   0.3615   
 6.800   1.6008   0.01566   0.00866   -0.1959   0.0039   0.5882   -2.7603   0.0000   0.3604   
 6.900   1.6085   0.01579   0.00880   -0.1953   0.0037   0.5927   -2.7943   0.0000   0.3593   
 7.000   1.6155   0.01593   0.00893   -0.1946   0.0036   0.5964   -2.8269   0.0000   0.3581   
 7.100   1.6228   0.01606   0.00908   -0.1939   0.0034   0.6041   -2.8601   0.0000   0.3570   
 7.200   1.6305   0.01619   0.00923   -0.1933   0.0032   0.6140   -2.8939   0.0000   0.3559   
 7.300   1.6379   0.01633   0.00938   -0.1927   0.0030   0.6217   -2.9273   0.0000   0.3548   
 7.400   1.6452   0.01647   0.00953   -0.1920   0.0028   0.6268   -2.9603   0.0000   0.3537   
 7.500   1.6523   0.01661   0.00968   -0.1913   0.0026   0.6304   -2.9934   0.0000   0.3526   
 7.600   1.6599   0.01676   0.00984   -0.1907   0.0024   0.6400   -3.0273   0.0000   0.3516   
 7.700   1.6674   0.01690   0.01000   -0.1901   0.0022   0.6475   -3.0613   0.0000   0.3505   
 7.800   1.6747   0.01706   0.01017   -0.1894   0.0020   0.6535   -3.0951   0.0000   0.3495   
 7.900   1.6817   0.01722   0.01033   -0.1887   0.0018   0.6582   -3.1287   0.0000   0.3484   
 8.000   1.6886   0.01738   0.01051   -0.1880   0.0016   0.6629   -3.1624   0.0000   0.3474   
 8.100   1.6958   0.01755   0.01069   -0.1874   0.0014   0.6708   -3.1964   0.0000   0.3463   
 8.200   1.7026   0.01773   0.01088   -0.1867   0.0014   0.6768   -3.2302   0.0000   0.3453   
 8.300   1.7093   0.01792   0.01108   -0.1860   0.0013   0.6819   -3.2638   0.0000   0.3443   
 8.400   1.7161   0.01810   0.01129   -0.1852   0.0014   0.6860   -3.2977   0.0000   0.3433   
 8.500   1.7227   0.01830   0.01150   -0.1845   0.0014   0.6891   -3.3316   0.0000   0.3422   
 8.600   1.7292   0.01850   0.01171   -0.1838   0.0013   0.6915   -3.3652   0.0000   0.3412   
 8.700   1.7357   0.01871   0.01193   -0.1831   0.0013   0.6977   -3.3989   0.0000   0.3402   
 8.800   1.7422   0.01892   0.01216   -0.1824   0.0013   0.7037   -3.4327   0.0000   0.3393   
 8.900   1.7487   0.01914   0.01240   -0.1816   0.0013   0.7090   -3.4665   0.0000   0.3383   
 9.000   1.7549   0.01937   0.01264   -0.1809   0.0013   0.7139   -3.5000   0.0000   0.3373   
 9.100   1.7608   0.01961   0.01290   -0.1801   0.0013   0.7184   -3.5329   0.0000   0.3363   
 10.100   1.8191   0.02240   0.01594   -0.1728   0.0013   0.8056   -3.9298   0.0000   0.3271   
 10.200   1.8249   0.02272   0.01631   -0.1721   0.0013   0.8191   -3.9726   0.0000   0.3263   
 10.300   1.8304   0.02306   0.01668   -0.1714   0.0013   0.8322   -4.0144   0.0000   0.3254   
 10.400   1.8358   0.02342   0.01709   -0.1707   0.0013   0.8503   -4.0557   0.0000   0.3246   
