XFLR5 v6.02 Beta

 Calculated polar for: WORTMANN FX 63-137

 1 1 Reynolds number fixed          Mach number fixed         

 xtrf =   1.000 (top)        1.000 (bottom)
 Mach =   0.000     Re =    52.000 e 6     Ncrit =   9.000

  alpha     CL        CD       CDp       CM    Top Xtr Bot Xtr   Cpmin    Chinge    XCp    
 ------- -------- --------- --------- -------- ------- ------- -------- --------- ---------
 -21.000  -1.2666   0.03662   0.03324  -0.1655  0.4657  0.0015  -27.5081   0.0000   0.0865
 -20.500  -1.2696   0.03110   0.02762  -0.1695  0.4378  0.0016  -27.1580   0.0000   0.0852
 -20.000  -1.2672   0.02618   0.02262  -0.1731  0.4326  0.0016  -26.7049   0.0000   0.0836
 -19.500  -1.2526   0.02262   0.01900  -0.1754  0.4279  0.0016  -26.0431   0.0000   0.0815
 -19.000  -1.2398   0.01947   0.01579  -0.1765  0.4232  0.0017  -25.3908   0.0000   0.0805
 -18.500  -1.2008   0.01684   0.01310  -0.1811  0.4168  0.0018  -24.4134   0.0000   0.0730
 -18.000  -1.1477   0.01472   0.01088  -0.1872  0.3753  0.0018  -23.2748   0.0000   0.0614
 -17.500  -1.0964   0.01372   0.00978  -0.1889  0.3383  0.0019  -22.1334   0.0000   0.0528
 -16.500  -0.9874   0.01210   0.00810  -0.1917  0.3377  0.0021  -19.8389   0.0000   0.0319
 -16.000  -0.9323   0.01147   0.00740  -0.1928  0.3059  0.0022  -18.7234   0.0000   0.0197
 -15.500  -0.8757   0.01087   0.00675  -0.1939  0.3013  0.0024  -17.6188   0.0000   0.0053
 -15.000  -0.8184   0.01032   0.00617  -0.1950  0.2920  0.0025  -16.5365   0.0000  -0.0113
 -14.500  -0.7617   0.00989   0.00563  -0.1958  0.2390  0.0027  -15.4890   0.0000  -0.0301
 -14.000  -0.7033   0.00943   0.00514  -0.1968  0.2297  0.0028  -14.4549   0.0000  -0.0529
 -13.500  -0.6446   0.00903   0.00470  -0.1978  0.2214  0.0029  -13.5306   0.0000  -0.0802
 -13.000  -0.5854   0.00864   0.00429  -0.1988  0.2208  0.0031  -12.6314   0.0000  -0.1134
 -12.500  -0.5270   0.00834   0.00391  -0.1996  0.1725  0.0033  -11.7644   0.0000  -0.1533
 -11.500  -0.4077   0.00774   0.00326  -0.2015  0.1695  0.0038  -10.0817   0.0000  -0.2716
 -11.000  -0.3480   0.00751   0.00300  -0.2024  0.1690  0.0039  -9.2834   0.0000  -0.3612
 -10.500  -0.2882   0.00730   0.00278  -0.2032  0.1688  0.0040  -8.5137   0.0000  -0.4884
 -10.000  -0.2290   0.00716   0.00257  -0.2039  0.1424  0.0040  -7.7776   0.0000  -0.6794
  -9.500  -0.1693   0.00701   0.00239  -0.2047  0.1369  0.0041  -7.0675   0.0000  -1.0079
  -9.000  -0.1095   0.00687   0.00223  -0.2054  0.1269  0.0041  -6.3868   0.0000  -1.6964
  -8.500  -0.0496   0.00675   0.00208  -0.2062  0.1240  0.0041  -5.7330   0.0000  -4.0479
  -8.000   0.0102   0.00663   0.00195  -0.2069  0.1237  0.0042  -5.1088   0.0000  21.1679
  -7.500   0.0700   0.00654   0.00184  -0.2077  0.1234  0.0042  -4.5142   0.0000   3.3031
  -7.000   0.1298   0.00645   0.00174  -0.2084  0.1232  0.0043  -4.0467   0.0000   1.8990
  -6.500   0.1895   0.00639   0.00166  -0.2091  0.1228  0.0043  -3.6549   0.0000   1.3807
  -5.500   0.3080   0.00635   0.00156  -0.2102  0.1009  0.0044  -2.9200   0.0000   0.9468
  -5.000   0.3673   0.00634   0.00152  -0.2108  0.0981  0.0044  -2.5747   0.0000   0.8348
  -4.500   0.4265   0.00633   0.00149  -0.2114  0.0950  0.0045  -2.2447   0.0000   0.7539
  -4.000   0.4856   0.00634   0.00148  -0.2119  0.0856  0.0045  -1.9308   0.0000   0.6928
  -3.500   0.5446   0.00635   0.00148  -0.2125  0.0843  0.0046  -1.6322   0.0000   0.6449
  -3.000   0.6036   0.00637   0.00149  -0.2130  0.0842  0.0047  -1.3494   0.0000   0.6064
  -2.500   0.6623   0.00640   0.00151  -0.2135  0.0840  0.0046  -1.0817   0.0000   0.5747
  -2.000   0.7209   0.00645   0.00155  -0.2140  0.0831  0.0053  -0.9613   0.0000   0.5482
  -1.500   0.7777   0.00664   0.00165  -0.2141  0.0504  0.0063  -1.0106   0.0000   0.5257
  -1.000   0.8356   0.00673   0.00172  -0.2144  0.0475  0.0073  -1.0628   0.0000   0.5063
  -0.500   0.8934   0.00682   0.00180  -0.2148  0.0449  0.0081  -1.1153   0.0000   0.4893
   0.000   0.9509   0.00693   0.00189  -0.2151  0.0424  0.0087  -1.1680   0.0000   0.4743
   0.500   1.0086   0.00703   0.00198  -0.2154  0.0401  0.0155  -1.2228   0.0000   0.4610
   1.000   1.0659   0.00713   0.00208  -0.2157  0.0430  0.0170  -1.2876   0.0000   0.4490
   1.500   1.1228   0.00726   0.00220  -0.2159  0.0419  0.0171  -1.3631   0.0000   0.4383
   2.000   1.1795   0.00740   0.00233  -0.2161  0.0402  0.0192  -1.4394   0.0000   0.4285
   2.500   1.2322   0.00788   0.00270  -0.2154  0.0019  0.0372  -1.5272   0.0000   0.4194
   3.500   1.3430   0.00830   0.00308  -0.2153  0.0013  0.0405  -1.7598   0.0000   0.4035
   4.000   1.3978   0.00853   0.00330  -0.2152  0.0014  0.0437  -1.9042   0.0000   0.3964
   4.500   1.4522   0.00878   0.00353  -0.2150  0.0013  0.0499  -2.0825   0.0000   0.3897
   5.000   1.5063   0.00903   0.00379  -0.2148  0.0013  0.0668  -2.2652   0.0000   0.3835
   5.500   1.5597   0.00932   0.00405  -0.2145  0.0013  0.0771  -2.4518   0.0000   0.3776
   6.000   1.6130   0.00960   0.00435  -0.2142  0.0012  0.1146  -2.6428   0.0000   0.3720
   7.000   1.7173   0.01025   0.00500  -0.2132  0.0012  0.1467  -3.0352   0.0000   0.3617
   7.500   1.7682   0.01061   0.00535  -0.2124  0.0012  0.1595  -3.2359   0.0000   0.3568
   8.000   1.8181   0.01099   0.00572  -0.2116  0.0012  0.1560  -3.4393   0.0000   0.3521
   8.500   1.8678   0.01138   0.00613  -0.2107  0.0012  0.1953  -3.6464   0.0000   0.3477
   9.000   1.9168   0.01180   0.00658  -0.2097  0.0012  0.2494  -3.9181   0.0000   0.3433
   9.500   1.9635   0.01227   0.00704  -0.2083  0.0012  0.2650  -4.2733   0.0000   0.3391
  10.000   2.0112   0.01271   0.00759  -0.2072  0.0011  0.3692  -4.8578   0.0000   0.3350
  10.500   2.0542   0.01326   0.00813  -0.2052  0.0011  0.3761  -5.4475   0.0000   0.3309
  11.000   2.0874   0.01387   0.00875  -0.2011  0.0011  0.3876  -6.0073   0.0000   0.3264
  11.500   2.1172   0.01455   0.00944  -0.1965  0.0011  0.3974  -6.5676   0.0000   0.3218
  12.000   2.1463   0.01537   0.01027  -0.1920  0.0010  0.3993  -7.1458   0.0000   0.3175
  12.500   2.1760   0.01629   0.01124  -0.1879  0.0010  0.4332  -7.7488   0.0000   0.3133
  13.000   2.2038   0.01738   0.01240  -0.1837  0.0010  0.4902  -8.3595   0.0000   0.3092
  13.500   2.2297   0.01866   0.01370  -0.1794  0.0009  0.4991  -8.9771   0.0000   0.3053
  14.000   2.2536   0.02013   0.01520  -0.1751  0.0009  0.5080  -9.5993   0.0000   0.3014
  15.500   2.2640   0.03001   0.02544  -0.1577  0.0015  0.6099  -11.0005   0.0000   0.2899
  16.000   2.2755   0.03335   0.02887  -0.1542  0.0019  0.6364  -11.5888   0.0000   0.2867
  16.500   2.2885   0.03676   0.03235  -0.1513  0.0022  0.6654  -12.2111   0.0000   0.2838
  17.000   2.2940   0.04089   0.03656  -0.1481  0.0026  0.6917  -12.7578   0.0000   0.2809
  17.500   2.2962   0.04581   0.04158  -0.1454  0.0030  0.7207  -13.2804   0.0000   0.2783
  18.000   2.3063   0.05021   0.04608  -0.1435  0.0035  0.7716  -13.8850   0.0000   0.2758
  18.500   2.3054   0.05621   0.05220  -0.1418  0.0038  0.8209  -14.3974   0.0000   0.2737
  19.000   2.3098   0.06306   0.05932  -0.1423  0.0041  1.0000  -14.9694   0.0000   0.2722
  19.500   2.3011   0.07022   0.06656  -0.1412  0.0042  1.0000  -15.4188   0.0000   0.2705


