XFLR5 v6.02 Beta

 Calculated polar for: WORTMANN FX 63-137

 1 1 Reynolds number fixed          Mach number fixed         

 xtrf =   1.000 (top)        1.000 (bottom)
 Mach =   0.000     Re =    79.750 e 6     Ncrit =   9.000

  alpha     CL        CD       CDp       CM    Top Xtr Bot Xtr   Cpmin    Chinge    XCp    
 ------- -------- --------- --------- -------- ------- ------- -------- --------- ---------
 -20.500  -1.3247   0.02513   0.02164  -0.1752  0.4011  0.0014  -28.1367   0.0000   0.0873
 -20.000  -1.3115   0.02140   0.01786  -0.1777  0.4011  0.0014  -27.4784   0.0000   0.0854
 -19.500  -1.2969   0.01851   0.01491  -0.1786  0.3766  0.0014  -26.7761   0.0000   0.0844
 -19.000  -1.2554   0.01615   0.01249  -0.1829  0.3678  0.0014  -25.7327   0.0000   0.0774
 -18.500  -1.2010   0.01419   0.01047  -0.1887  0.3626  0.0014  -24.5408   0.0000   0.0667
 -18.000  -1.1504   0.01333   0.00949  -0.1900  0.2973  0.0014  -23.3759   0.0000   0.0593
 -17.500  -1.0967   0.01255   0.00868  -0.1913  0.2893  0.0015  -22.1936   0.0000   0.0506
 -17.000  -1.0418   0.01186   0.00796  -0.1925  0.2819  0.0016  -21.0211   0.0000   0.0408
 -16.500  -0.9859   0.01123   0.00731  -0.1936  0.2785  0.0016  -19.8643   0.0000   0.0297
 -16.000  -0.9292   0.01067   0.00672  -0.1947  0.2780  0.0017  -18.7269   0.0000   0.0169
 -15.500  -0.8720   0.01016   0.00618  -0.1957  0.2777  0.0018  -17.6115   0.0000   0.0023
 -15.000  -0.8154   0.00975   0.00569  -0.1964  0.2240  0.0019  -16.5332   0.0000  -0.0141
 -14.500  -0.7572   0.00932   0.00523  -0.1974  0.2213  0.0021  -15.4683   0.0000  -0.0338
 -13.500  -0.6405   0.00860   0.00442  -0.1991  0.1878  0.0023  -13.5096   0.0000  -0.0843
 -13.000  -0.5815   0.00826   0.00406  -0.2000  0.1760  0.0024  -12.6121   0.0000  -0.1179
 -12.500  -0.5226   0.00797   0.00373  -0.2009  0.1466  0.0026  -11.7421   0.0000  -0.1591
 -12.000  -0.4632   0.00769   0.00340  -0.2017  0.1403  0.0028  -10.8955   0.0000  -0.2115
 -11.500  -0.4033   0.00739   0.00309  -0.2027  0.1417  0.0031  -10.0728   0.0000  -0.2802
 -11.000  -0.3435   0.00715   0.00282  -0.2036  0.1380  0.0034  -9.2774   0.0000  -0.3728
 -10.500  -0.2836   0.00693   0.00258  -0.2045  0.1335  0.0037  -8.5079   0.0000  -0.5049
 -10.000  -0.2236   0.00674   0.00237  -0.2053  0.1287  0.0039  -7.7647   0.0000  -0.7080
  -9.500  -0.1637   0.00658   0.00220  -0.2061  0.1241  0.0040  -7.0522   0.0000  -1.0593
  -9.000  -0.1039   0.00645   0.00205  -0.2068  0.1236  0.0041  -6.3700   0.0000  -1.8152
  -8.500  -0.0440   0.00634   0.00192  -0.2076  0.1233  0.0041  -5.7157   0.0000  -4.6285
  -8.000   0.0158   0.00624   0.00180  -0.2083  0.1229  0.0042  -5.0913   0.0000  13.8374
  -7.500   0.0752   0.00618   0.00172  -0.2089  0.1054  0.0042  -4.4993   0.0000   3.1104
  -7.000   0.1349   0.00612   0.00162  -0.2096  0.1018  0.0043  -4.0406   0.0000   1.8465
  -6.500   0.1944   0.00607   0.00155  -0.2102  0.0991  0.0043  -3.6489   0.0000   1.3585
  -6.000   0.2539   0.00603   0.00149  -0.2109  0.0964  0.0043  -3.2723   0.0000   1.0995
  -5.500   0.3134   0.00600   0.00145  -0.2115  0.0940  0.0044  -2.9110   0.0000   0.9389
  -5.000   0.3728   0.00598   0.00142  -0.2121  0.0899  0.0044  -2.5652   0.0000   0.8296
  -4.500   0.4321   0.00598   0.00140  -0.2127  0.0843  0.0044  -2.2351   0.0000   0.7503
  -4.000   0.4913   0.00598   0.00138  -0.2132  0.0842  0.0045  -1.9202   0.0000   0.6903
  -3.500   0.5504   0.00598   0.00138  -0.2138  0.0841  0.0045  -1.6216   0.0000   0.6431
  -3.000   0.6093   0.00600   0.00139  -0.2143  0.0840  0.0046  -1.3387   0.0000   0.6051
  -2.500   0.6681   0.00603   0.00141  -0.2148  0.0837  0.0046  -1.0714   0.0000   0.5738
  -2.000   0.7250   0.00622   0.00151  -0.2149  0.0453  0.0046  -0.9637   0.0000   0.5477
  -1.500   0.7833   0.00629   0.00156  -0.2153  0.0425  0.0052  -1.0144   0.0000   0.5253
  -1.000   0.8414   0.00636   0.00162  -0.2157  0.0403  0.0060  -1.0668   0.0000   0.5060
  -0.500   0.8994   0.00645   0.00169  -0.2161  0.0383  0.0067  -1.1195   0.0000   0.4891
   0.000   0.9572   0.00654   0.00176  -0.2164  0.0381  0.0072  -1.1724   0.0000   0.4742
   0.500   1.0147   0.00664   0.00185  -0.2167  0.0380  0.0090  -1.2276   0.0000   0.4610
   1.000   1.0723   0.00673   0.00195  -0.2170  0.0382  0.0169  -1.2932   0.0000   0.4491
   1.500   1.1294   0.00685   0.00205  -0.2173  0.0382  0.0171  -1.3690   0.0000   0.4384
   2.000   1.1843   0.00715   0.00227  -0.2171  0.0173  0.0196  -1.4435   0.0000   0.4286
   2.500   1.2393   0.00743   0.00253  -0.2169  0.0013  0.0369  -1.5349   0.0000   0.4196
   3.000   1.2951   0.00762   0.00270  -0.2169  0.0013  0.0379  -1.6513   0.0000   0.4113
   3.500   1.3505   0.00782   0.00288  -0.2169  0.0013  0.0384  -1.7696   0.0000   0.4037
   4.000   1.4056   0.00804   0.00309  -0.2168  0.0013  0.0404  -1.9177   0.0000   0.3966
   4.500   1.4603   0.00827   0.00330  -0.2167  0.0013  0.0458  -2.0970   0.0000   0.3900
   5.500   1.5686   0.00877   0.00379  -0.2163  0.0013  0.0704  -2.4685   0.0000   0.3779
   6.000   1.6222   0.00904   0.00406  -0.2160  0.0012  0.1035  -2.6607   0.0000   0.3724
   6.500   1.6750   0.00934   0.00434  -0.2156  0.0012  0.1125  -2.8563   0.0000   0.3671
   7.000   1.7273   0.00965   0.00465  -0.2151  0.0012  0.1235  -3.0557   0.0000   0.3621
   9.500   1.9777   0.01152   0.00652  -0.2110  0.0012  0.2280  -4.3541   0.0000   0.3396
  10.000   2.0248   0.01197   0.00698  -0.2097  0.0012  0.2590  -4.9411   0.0000   0.3355
  10.500   2.0709   0.01244   0.00749  -0.2083  0.0011  0.3122  -5.5535   0.0000   0.3315
  11.000   2.1138   0.01298   0.00802  -0.2062  0.0011  0.3223  -6.1773   0.0000   0.3275
  11.500   2.1469   0.01356   0.00861  -0.2022  0.0011  0.3295  -6.7657   0.0000   0.3231
  12.000   2.1752   0.01425   0.00930  -0.1972  0.0010  0.3304  -7.3463   0.0000   0.3186
  12.500   2.2041   0.01505   0.01013  -0.1927  0.0010  0.3383  -7.9513   0.0000   0.3143
  13.000   2.2324   0.01599   0.01110  -0.1883  0.0009  0.3700  -8.5738   0.0000   0.3102
  14.000   2.2517   0.02024   0.01558  -0.1746  0.0021  0.4411  -9.5645   0.0000   0.3012
  14.500   2.2710   0.02200   0.01738  -0.1699  0.0022  0.4508  -10.1695   0.0000   0.2974
  15.000   2.2872   0.02424   0.01968  -0.1654  0.0027  0.4746  -10.7627   0.0000   0.2937
  15.500   2.3013   0.02689   0.02239  -0.1612  0.0031  0.5039  -11.3511   0.0000   0.2902
  16.000   2.3137   0.02989   0.02547  -0.1573  0.0036  0.5311  -11.9376   0.0000   0.2869
  16.500   2.3243   0.03324   0.02887  -0.1537  0.0039  0.5531  -12.5214   0.0000   0.2838
  17.000   2.3324   0.03702   0.03273  -0.1503  0.0042  0.5736  -13.0954   0.0000   0.2808
  17.500   2.3374   0.04115   0.03695  -0.1472  0.0046  0.5993  -13.6508   0.0000   0.2780
  18.000   2.3397   0.04604   0.04191  -0.1445  0.0046  0.6287  -14.1950   0.0000   0.2754
  18.500   2.3502   0.05015   0.04609  -0.1424  0.0046  0.6510  -14.8265   0.0000   0.2728
  19.000   2.3481   0.05606   0.05210  -0.1405  0.0047  0.6823  -15.3460   0.0000   0.2706
  19.500   2.3426   0.06255   0.05867  -0.1390  0.0047  0.7050  -15.8391   0.0000   0.2686
  20.000   2.3339   0.06974   0.06597  -0.1381  0.0047  0.7384  -16.3030   0.0000   0.2669
  20.500   2.3214   0.07758   0.07394  -0.1378  0.0047  0.7693  -16.7304   0.0000   0.2655
  21.000   2.3038   0.08587   0.08235  -0.1378  0.0047  0.7972  -17.1060   0.0000   0.2644
  21.500   2.2834   0.09516   0.09175  -0.1387  0.0047  0.8159  -17.4438   0.0000   0.2636
  22.000   2.2827   0.10152   0.09819  -0.1393  0.0047  0.8322  -17.9986   0.0000   0.2623
  22.500   2.2589   0.11147   0.10825  -0.1414  0.0047  0.8427  -18.2865   0.0000   0.2622


