XFLR5 v6.02 Beta

 Calculated polar for: WORTMANN FX 63-137

 1 1 Reynolds number fixed          Mach number fixed         

 xtrf =   1.000 (top)        1.000 (bottom)
 Mach =   0.000     Re =    23.000 e 6     Ncrit =   9.000

  alpha     CL        CD       CDp       CM    Top Xtr Bot Xtr   Cpmin    Chinge    XCp    
 ------- -------- --------- --------- -------- ------- ------- -------- --------- ---------
 -21.500  -0.9849   0.08112   0.07837  -0.1278  0.6227  0.0027  -22.3118   0.0000   0.0813
 -21.000  -1.1197   0.05582   0.05289  -0.1469  0.6710  0.0026  -24.6947   0.0000   0.0836
 -20.500  -1.1574   0.04458   0.04150  -0.1561  0.6628  0.0027  -25.0825   0.0000   0.0821
 -20.000  -1.1761   0.03623   0.03303  -0.1632  0.6582  0.0027  -25.0738   0.0000   0.0801
 -19.500  -1.1787   0.03043   0.02705  -0.1679  0.6194  0.0028  -24.7516   0.0000   0.0779
 -19.000  -1.1727   0.02571   0.02221  -0.1716  0.5967  0.0028  -24.2703   0.0000   0.0755
 -17.500  -1.0928   0.01625   0.01249  -0.1822  0.5587  0.0031  -21.9327   0.0000   0.0583
 -17.000  -1.0419   0.01466   0.01066  -0.1864  0.4805  0.0032  -20.8562   0.0000   0.0468
 -16.500  -0.9887   0.01365   0.00959  -0.1882  0.4650  0.0033  -19.7459   0.0000   0.0358
 -16.000  -0.9355   0.01289   0.00871  -0.1894  0.4284  0.0034  -18.6558   0.0000   0.0240
 -15.500  -0.8800   0.01219   0.00795  -0.1907  0.4189  0.0035  -17.5649   0.0000   0.0101
 -15.000  -0.8234   0.01157   0.00728  -0.1919  0.4057  0.0036  -16.4899   0.0000  -0.0060
 -14.500  -0.7659   0.01099   0.00666  -0.1931  0.4012  0.0036  -15.4349   0.0000  -0.0249
 -14.000  -0.7104   0.01062   0.00613  -0.1937  0.3380  0.0037  -14.4286   0.0000  -0.0456
 -13.500  -0.6537   0.01025   0.00562  -0.1945  0.2927  0.0037  -13.4691   0.0000  -0.0705
 -13.000  -0.5951   0.00983   0.00517  -0.1955  0.2798  0.0038  -12.5703   0.0000  -0.1020
 -12.500  -0.5360   0.00945   0.00474  -0.1965  0.2777  0.0038  -11.6946   0.0000  -0.1407
 -12.000  -0.4780   0.00918   0.00437  -0.1972  0.2417  0.0039  -10.8537   0.0000  -0.1877
 -11.500  -0.4183   0.00885   0.00402  -0.1982  0.2467  0.0039  -10.0148   0.0000  -0.2505
 -11.000  -0.3593   0.00860   0.00371  -0.1991  0.2211  0.0040  -9.2209   0.0000  -0.3327
 -10.500  -0.3004   0.00840   0.00342  -0.1998  0.1941  0.0040  -8.4560   0.0000  -0.4472
 -10.000  -0.2409   0.00818   0.00316  -0.2007  0.1858  0.0041  -7.7178   0.0000  -0.6201
  -9.500  -0.1811   0.00797   0.00291  -0.2015  0.1772  0.0041  -7.0141   0.0000  -0.9088
  -9.000  -0.1210   0.00777   0.00268  -0.2024  0.1696  0.0041  -6.3528   0.0000  -1.4858
  -8.500  -0.0611   0.00760   0.00248  -0.2033  0.1687  0.0042  -5.7053   0.0000  -3.1956
  -7.500   0.0580   0.00739   0.00217  -0.2047  0.1421  0.0042  -4.5086   0.0000   3.8850
  -7.000   0.1177   0.00729   0.00204  -0.2055  0.1381  0.0043  -4.0381   0.0000   2.0441
  -6.500   0.1774   0.00721   0.00194  -0.2062  0.1335  0.0043  -3.6545   0.0000   1.4416
  -6.000   0.2371   0.00714   0.00185  -0.2069  0.1283  0.0043  -3.2844   0.0000   1.1428
  -5.500   0.2967   0.00708   0.00178  -0.2076  0.1241  0.0044  -2.9253   0.0000   0.9643
  -5.000   0.3562   0.00704   0.00172  -0.2082  0.1237  0.0044  -2.5817   0.0000   0.8456
  -4.500   0.4156   0.00701   0.00168  -0.2089  0.1232  0.0045  -2.2568   0.0000   0.7610
  -4.000   0.4748   0.00700   0.00166  -0.2095  0.1227  0.0045  -1.9449   0.0000   0.6976
  -3.000   0.5913   0.00715   0.00170  -0.2103  0.0937  0.0064  -1.3703   0.0000   0.6091
  -2.500   0.6499   0.00719   0.00172  -0.2108  0.0904  0.0073  -1.1021   0.0000   0.5767
  -2.000   0.7083   0.00724   0.00175  -0.2112  0.0851  0.0077  -0.9535   0.0000   0.5496
  -1.500   0.7667   0.00729   0.00180  -0.2117  0.0842  0.0093  -1.0034   0.0000   0.5266
  -1.000   0.8250   0.00734   0.00186  -0.2121  0.0834  0.0149  -1.0557   0.0000   0.5068
  -0.500   0.8828   0.00743   0.00194  -0.2125  0.0826  0.0154  -1.1081   0.0000   0.4896
   0.000   0.9391   0.00764   0.00208  -0.2125  0.0654  0.0156  -1.1598   0.0000   0.4744
   0.500   0.9957   0.00782   0.00221  -0.2127  0.0551  0.0160  -1.2129   0.0000   0.4610
   1.000   1.0531   0.00791   0.00231  -0.2130  0.0621  0.0171  -1.2765   0.0000   0.4489
   1.500   1.1096   0.00806   0.00245  -0.2131  0.0592  0.0174  -1.3516   0.0000   0.4381
   2.000   1.1659   0.00822   0.00259  -0.2132  0.0516  0.0223  -1.4273   0.0000   0.4282
   2.500   1.2170   0.00883   0.00306  -0.2123  0.0041  0.0377  -1.5113   0.0000   0.4190
   3.000   1.2719   0.00908   0.00329  -0.2121  0.0030  0.0387  -1.6220   0.0000   0.4107
   3.500   1.3265   0.00933   0.00352  -0.2120  0.0025  0.0478  -1.7385   0.0000   0.4029
   4.000   1.3808   0.00958   0.00378  -0.2118  0.0029  0.0518  -1.8748   0.0000   0.3958
   4.500   1.4346   0.00986   0.00405  -0.2115  0.0023  0.0668  -2.0513   0.0000   0.3891
   5.000   1.4877   0.01017   0.00434  -0.2111  0.0017  0.0771  -2.2312   0.0000   0.3828
   5.500   1.5406   0.01047   0.00466  -0.2107  0.0014  0.1034  -2.4156   0.0000   0.3768
   6.000   1.5934   0.01079   0.00502  -0.2104  0.0013  0.1662  -2.6045   0.0000   0.3713
   6.500   1.6451   0.01114   0.00539  -0.2098  0.0012  0.1958  -2.7962   0.0000   0.3660
   7.000   1.6958   0.01152   0.00579  -0.2090  0.0012  0.2236  -2.9907   0.0000   0.3609
   7.500   1.7458   0.01192   0.00621  -0.2082  0.0012  0.2643  -3.1884   0.0000   0.3560
   8.000   1.7935   0.01238   0.00665  -0.2069  0.0012  0.2499  -3.3863   0.0000   0.3512
   8.500   1.8436   0.01279   0.00718  -0.2062  0.0012  0.3700  -3.5923   0.0000   0.3468
   9.000   1.8890   0.01331   0.00771  -0.2046  0.0012  0.3896  -3.8376   0.0000   0.3423
   9.500   1.9335   0.01385   0.00830  -0.2028  0.0011  0.4318  -4.1096   0.0000   0.3380
  10.000   1.9700   0.01444   0.00898  -0.1995  0.0011  0.4989  -4.6129   0.0000   0.3334
  10.500   2.0007   0.01516   0.00970  -0.1950  0.0011  0.5016  -5.1186   0.0000   0.3286
  11.000   2.0314   0.01599   0.01056  -0.1908  0.0011  0.5215  -5.6454   0.0000   0.3241
  11.500   2.0621   0.01693   0.01155  -0.1868  0.0011  0.5508  -6.1935   0.0000   0.3198
  12.000   2.0894   0.01806   0.01271  -0.1825  0.0010  0.5653  -6.7486   0.0000   0.3155
  12.500   2.1168   0.01935   0.01406  -0.1785  0.0010  0.5966  -7.3224   0.0000   0.3114
  13.000   2.1430   0.02082   0.01560  -0.1747  0.0010  0.6388  -7.9055   0.0000   0.3075
  13.500   2.1670   0.02252   0.01738  -0.1708  0.0009  0.6868  -8.4927   0.0000   0.3037
  14.000   2.1868   0.02457   0.01949  -0.1668  0.0009  0.7105  -9.0674   0.0000   0.3000
  14.500   2.2066   0.02691   0.02192  -0.1632  0.0009  0.7507  -9.6574   0.0000   0.2965
  15.000   2.2247   0.02961   0.02472  -0.1599  0.0009  0.8061  -10.2500   0.0000   0.2933
  15.500   2.2482   0.03245   0.02782  -0.1580  0.0008  1.0000  -10.9038   0.0000   0.2904
  16.000   2.2602   0.03589   0.03131  -0.1548  0.0008  1.0000  -11.4791   0.0000   0.2873
  16.500   2.2732   0.03932   0.03479  -0.1519  0.0008  1.0000  -12.0762   0.0000   0.2844
  17.000   2.2795   0.04357   0.03910  -0.1490  0.0008  1.0000  -12.6285   0.0000   0.2816
  17.500   2.2841   0.04836   0.04395  -0.1466  0.0007  1.0000  -13.1752   0.0000   0.2790
  18.000   2.2857   0.05374   0.04941  -0.1445  0.0007  1.0000  -13.7065   0.0000   0.2767
  18.500   2.2842   0.05972   0.05547  -0.1427  0.0006  1.0000  -14.2153   0.0000   0.2745
  19.000   2.2828   0.06580   0.06163  -0.1414  0.0006  1.0000  -14.7328   0.0000   0.2725


