XFLR5 v6.02 Beta

 Calculated polar for: WORTMANN FX 63-137

 1 1 Reynolds number fixed          Mach number fixed         

 xtrf =   1.000 (top)        1.000 (bottom)
 Mach =   0.000     Re =    63.500 e 6     Ncrit =   9.000

  alpha     CL        CD       CDp       CM    Top Xtr Bot Xtr   Cpmin    Chinge    XCp    
 ------- -------- --------- --------- -------- ------- ------- -------- --------- ---------
 -22.500  -0.3797   0.22039   0.21797  -0.0557  0.2212  0.0013  -4.6613   0.0000   0.0540
 -22.000  -0.3614   0.21660   0.21417  -0.0594  0.2210  0.0013  -4.4740   0.0000   0.0359
 -21.500  -0.3439   0.21135   0.20891  -0.0630  0.2209  0.0013  -4.2986   0.0000   0.0164
 -21.000  -0.3268   0.20603   0.20352  -0.0664  0.1734  0.0013  -4.1304   0.0000  -0.0043
 -20.500  -0.3094   0.20058   0.19805  -0.0698  0.1696  0.0013  -3.9670   0.0000  -0.0280
 -20.000  -0.2921   0.19506   0.19252  -0.0732  0.1692  0.0013  -3.8112   0.0000  -0.0543
 -19.500  -0.2748   0.18947   0.18691  -0.0766  0.1696  0.0013  -3.6638   0.0000  -0.0838
 -19.000  -0.2577   0.18380   0.18122  -0.0798  0.1694  0.0013  -3.5265   0.0000  -0.1169
 -18.500  -0.2408   0.17802   0.17543  -0.0830  0.1691  0.0013  -3.4044   0.0000  -0.1541
 -18.000  -0.2243   0.17208   0.16948  -0.0862  0.1691  0.0014  -3.3048   0.0000  -0.1959
 -17.500  -0.5176   0.09695   0.09436  -0.1183  0.2213  0.0023  -11.7627   0.0000  -0.0193
 -16.500  -0.9874   0.01173   0.00773  -0.1925  0.2944  0.0019  -19.8589   0.0000   0.0311
 -16.000  -0.9311   0.01112   0.00709  -0.1936  0.2876  0.0020  -18.7277   0.0000   0.0185
 -15.500  -0.8741   0.01055   0.00650  -0.1947  0.2831  0.0021  -17.6168   0.0000   0.0040
 -14.500  -0.7596   0.00964   0.00546  -0.1965  0.2243  0.0024  -15.4796   0.0000  -0.0317
 -14.000  -0.7012   0.00920   0.00500  -0.1975  0.2217  0.0025  -14.4434   0.0000  -0.0548
 -13.000  -0.5838   0.00848   0.00419  -0.1993  0.1926  0.0028  -12.6254   0.0000  -0.1153
 -11.000  -0.3459   0.00732   0.00289  -0.2030  0.1458  0.0038  -9.2829   0.0000  -0.3668
 -10.500  -0.2862   0.00713   0.00267  -0.2038  0.1408  0.0039  -8.5130   0.0000  -0.4956
 -10.000  -0.2265   0.00696   0.00247  -0.2046  0.1356  0.0040  -7.7722   0.0000  -0.6927
  -9.500  -0.1666   0.00681   0.00230  -0.2053  0.1305  0.0041  -7.0609   0.0000  -1.0320
  -9.000  -0.1068   0.00667   0.00214  -0.2061  0.1239  0.0041  -6.3793   0.0000  -1.7518
  -8.500  -0.0469   0.00655   0.00200  -0.2069  0.1236  0.0041  -5.7253   0.0000  -4.3087
  -8.000   0.0129   0.00644   0.00188  -0.2076  0.1234  0.0042  -5.1010   0.0000  16.8613
  -7.500   0.0727   0.00635   0.00178  -0.2083  0.1230  0.0042  -4.5063   0.0000   3.1998
  -7.000   0.1325   0.00627   0.00168  -0.2090  0.1228  0.0043  -4.0430   0.0000   1.8707
  -6.500   0.1917   0.00625   0.00161  -0.2096  0.1033  0.0043  -3.6530   0.0000   1.3709
  -6.000   0.2511   0.00622   0.00155  -0.2102  0.1003  0.0043  -3.2769   0.0000   1.1063
  -5.500   0.3105   0.00619   0.00151  -0.2108  0.0975  0.0044  -2.9161   0.0000   0.9431
  -5.000   0.3699   0.00617   0.00147  -0.2114  0.0949  0.0044  -2.5706   0.0000   0.8323
  -4.500   0.4291   0.00616   0.00145  -0.2120  0.0896  0.0044  -2.2403   0.0000   0.7522
  -4.000   0.4883   0.00617   0.00144  -0.2125  0.0843  0.0045  -1.9258   0.0000   0.6916
  -3.500   0.5474   0.00618   0.00144  -0.2131  0.0842  0.0045  -1.6272   0.0000   0.6440
  -3.000   0.6063   0.00619   0.00145  -0.2136  0.0841  0.0046  -1.3443   0.0000   0.6058
  -2.500   0.6651   0.00623   0.00147  -0.2141  0.0839  0.0046  -1.0768   0.0000   0.5743
  -2.000   0.7222   0.00640   0.00155  -0.2143  0.0503  0.0049  -0.9620   0.0000   0.5481
  -1.500   0.7803   0.00648   0.00161  -0.2146  0.0465  0.0057  -1.0123   0.0000   0.5256
  -1.000   0.8383   0.00656   0.00167  -0.2150  0.0439  0.0067  -1.0646   0.0000   0.5061
  -0.500   0.8962   0.00665   0.00175  -0.2154  0.0416  0.0074  -1.1173   0.0000   0.4892
   0.000   0.9539   0.00674   0.00183  -0.2157  0.0394  0.0080  -1.1701   0.0000   0.4742
   0.500   1.0114   0.00684   0.00192  -0.2160  0.0382  0.0099  -1.2251   0.0000   0.4610
   1.000   1.0689   0.00694   0.00202  -0.2163  0.0404  0.0170  -1.2902   0.0000   0.4491
   1.500   1.1260   0.00707   0.00213  -0.2165  0.0395  0.0171  -1.3659   0.0000   0.4383
   2.500   1.2356   0.00766   0.00262  -0.2161  0.0015  0.0371  -1.5308   0.0000   0.4195
   3.500   1.3466   0.00807   0.00299  -0.2161  0.0013  0.0392  -1.7645   0.0000   0.4036
   4.000   1.4015   0.00830   0.00320  -0.2160  0.0013  0.0421  -1.9106   0.0000   0.3965
   4.500   1.4561   0.00854   0.00342  -0.2158  0.0013  0.0479  -2.0894   0.0000   0.3898
   5.500   1.5640   0.00906   0.00392  -0.2154  0.0013  0.0738  -2.4598   0.0000   0.3777
   6.000   1.6174   0.00933   0.00422  -0.2151  0.0012  0.1079  -2.6514   0.0000   0.3722
   6.500   1.6700   0.00964   0.00451  -0.2146  0.0012  0.1199  -2.8463   0.0000   0.3669
   7.500   1.7734   0.01031   0.00517  -0.2135  0.0012  0.1468  -3.2467   0.0000   0.3570
   8.000   1.8237   0.01068   0.00553  -0.2127  0.0012  0.1465  -3.4512   0.0000   0.3524
   8.500   1.8733   0.01107   0.00591  -0.2117  0.0012  0.1639  -3.6585   0.0000   0.3479
   9.000   1.9227   0.01147   0.00634  -0.2108  0.0012  0.2195  -3.9354   0.0000   0.3436
   9.500   1.9705   0.01190   0.00679  -0.2097  0.0012  0.2492  -4.3131   0.0000   0.3394
  10.000   2.0176   0.01236   0.00730  -0.2084  0.0011  0.3099  -4.8971   0.0000   0.3353
  11.000   2.1045   0.01343   0.00840  -0.2045  0.0011  0.3692  -6.1157   0.0000   0.3271
  11.500   2.1307   0.01407   0.00904  -0.1990  0.0011  0.3698  -6.6572   0.0000   0.3224
  12.000   2.1595   0.01482   0.00981  -0.1943  0.0010  0.3700  -7.2371   0.0000   0.3180
  12.500   2.1890   0.01569   0.01069  -0.1900  0.0010  0.3732  -7.8428   0.0000   0.3138
  13.000   2.2180   0.01668   0.01174  -0.1859  0.0010  0.4345  -8.4651   0.0000   0.3097
  13.500   2.2450   0.01786   0.01297  -0.1817  0.0009  0.4689  -9.0954   0.0000   0.3057
  14.500   2.2492   0.02345   0.01876  -0.1672  0.0012  0.4982  -9.9739   0.0000   0.2969
  16.500   2.3097   0.03473   0.03034  -0.1527  0.0030  0.6261  -12.3963   0.0000   0.2838
  17.000   2.3156   0.03867   0.03435  -0.1493  0.0034  0.6417  -12.9476   0.0000   0.2808
  17.500   2.3184   0.04322   0.03899  -0.1462  0.0039  0.6614  -13.4795   0.0000   0.2781
  18.000   2.3203   0.04832   0.04418  -0.1437  0.0042  0.6909  -14.0130   0.0000   0.2756
  18.500   2.3201   0.05397   0.04993  -0.1417  0.0044  0.7207  -14.5346   0.0000   0.2733
  19.000   2.3167   0.06030   0.05637  -0.1403  0.0046  0.7625  -15.0336   0.0000   0.2713
  19.500   2.3123   0.06704   0.06323  -0.1393  0.0046  0.8029  -15.5290   0.0000   0.2695
  20.000   2.3161   0.07275   0.06904  -0.1388  0.0046  0.8471  -16.1146   0.0000   0.2676


