XFLR5 v6.02 Beta

 Calculated polar for: WORTMANN FX 63-137

 1 1 Reynolds number fixed          Mach number fixed         

 xtrf =   1.000 (top)        1.000 (bottom)
 Mach =   0.000     Re =    33.000 e 6     Ncrit =   9.000

  alpha     CL        CD       CDp       CM    Top Xtr Bot Xtr   Cpmin    Chinge    XCp    
 ------- -------- --------- --------- -------- ------- ------- -------- --------- ---------
 -21.000  -1.1867   0.04654   0.04333  -0.1560  0.5592  0.0021  -26.0111   0.0000   0.0845
 -20.500  -1.2007   0.03890   0.03556  -0.1621  0.5364  0.0021  -25.9152   0.0000   0.0826
 -19.500  -1.2109   0.02684   0.02332  -0.1716  0.5307  0.0022  -25.3282   0.0000   0.0792
 -18.500  -1.1850   0.01983   0.01614  -0.1755  0.4980  0.0023  -24.0808   0.0000   0.0754
 -18.000  -1.1466   0.01710   0.01332  -0.1802  0.4877  0.0024  -23.1393   0.0000   0.0673
 -17.500  -1.0950   0.01493   0.01098  -0.1863  0.4249  0.0025  -22.0502   0.0000   0.0550
 -17.000  -1.0431   0.01383   0.00980  -0.1882  0.4008  0.0026  -20.9339   0.0000   0.0452
 -16.500  -0.9900   0.01295   0.00885  -0.1897  0.3730  0.0028  -19.8218   0.0000   0.0345
 -16.000  -0.9349   0.01216   0.00799  -0.1910  0.3623  0.0029  -18.7118   0.0000   0.0222
 -15.500  -0.8787   0.01147   0.00725  -0.1923  0.3558  0.0031  -17.6144   0.0000   0.0080
 -15.000  -0.8216   0.01085   0.00659  -0.1935  0.3463  0.0033  -16.5344   0.0000  -0.0085
 -14.000  -0.7074   0.00993   0.00550  -0.1953  0.2780  0.0036  -14.4586   0.0000  -0.0491
 -13.500  -0.6495   0.00956   0.00505  -0.1962  0.2490  0.0036  -13.5238   0.0000  -0.0753
 -13.000  -0.5910   0.00920   0.00464  -0.1971  0.2398  0.0037  -12.6248   0.0000  -0.1072
 -12.500  -0.5319   0.00887   0.00427  -0.1980  0.2313  0.0038  -11.7490   0.0000  -0.1467
 -12.000  -0.4736   0.00863   0.00393  -0.1988  0.1843  0.0038  -10.9070   0.0000  -0.1950
 -11.500  -0.4140   0.00834   0.00362  -0.1997  0.1893  0.0039  -10.0777   0.0000  -0.2593
 -11.000  -0.3545   0.00810   0.00334  -0.2005  0.1781  0.0039  -9.2831   0.0000  -0.3448
 -10.500  -0.2948   0.00787   0.00309  -0.2014  0.1708  0.0040  -8.5151   0.0000  -0.4658
 -10.000  -0.2350   0.00766   0.00285  -0.2023  0.1697  0.0040  -7.7757   0.0000  -0.6489
  -9.500  -0.1751   0.00747   0.00264  -0.2031  0.1690  0.0041  -7.0665   0.0000  -0.9576
  -9.000  -0.1158   0.00736   0.00246  -0.2038  0.1435  0.0041  -6.3932   0.0000  -1.5760
  -8.500  -0.0561   0.00723   0.00229  -0.2046  0.1379  0.0041  -5.7422   0.0000  -3.5216
  -8.000   0.0037   0.00710   0.00214  -0.2053  0.1328  0.0042  -5.1198   0.0000  57.9024
  -7.500   0.0635   0.00700   0.00202  -0.2061  0.1277  0.0042  -4.5267   0.0000   3.5919
  -7.000   0.1233   0.00690   0.00190  -0.2068  0.1245  0.0043  -4.0512   0.0000   1.9734
  -6.500   0.1831   0.00682   0.00181  -0.2075  0.1239  0.0043  -3.6609   0.0000   1.4123
  -6.000   0.2427   0.00676   0.00173  -0.2082  0.1235  0.0043  -3.2858   0.0000   1.1276
  -5.500   0.3023   0.00671   0.00167  -0.2089  0.1231  0.0044  -2.9259   0.0000   0.9554
  -5.000   0.3618   0.00668   0.00162  -0.2095  0.1226  0.0044  -2.5794   0.0000   0.8400
  -4.500   0.4204   0.00672   0.00162  -0.2100  0.1038  0.0045  -2.2534   0.0000   0.7578
  -4.000   0.4793   0.00674   0.00159  -0.2105  0.0993  0.0045  -1.9409   0.0000   0.6956
  -3.500   0.5380   0.00677   0.00160  -0.2110  0.0902  0.0046  -1.6436   0.0000   0.6470
  -3.000   0.5969   0.00679   0.00161  -0.2115  0.0870  0.0055  -1.3612   0.0000   0.6079
  -2.500   0.6556   0.00683   0.00163  -0.2120  0.0843  0.0052  -1.0933   0.0000   0.5758
  -2.000   0.7142   0.00687   0.00166  -0.2125  0.0841  0.0064  -0.9571   0.0000   0.5489
  -1.500   0.7725   0.00692   0.00170  -0.2129  0.0832  0.0078  -1.0073   0.0000   0.5261
  -1.000   0.8296   0.00708   0.00181  -0.2131  0.0663  0.0090  -1.0588   0.0000   0.5066
   0.000   0.9445   0.00732   0.00199  -0.2137  0.0506  0.0153  -1.1635   0.0000   0.4744
   0.500   1.0016   0.00746   0.00211  -0.2139  0.0476  0.0158  -1.2174   0.0000   0.4610
   1.000   1.0590   0.00755   0.00221  -0.2142  0.0499  0.0171  -1.2816   0.0000   0.4490
   1.500   1.1157   0.00770   0.00234  -0.2144  0.0487  0.0173  -1.3569   0.0000   0.4382
   2.000   1.1719   0.00787   0.00249  -0.2145  0.0460  0.0205  -1.4326   0.0000   0.4283
   2.500   1.2240   0.00840   0.00290  -0.2137  0.0030  0.0375  -1.5186   0.0000   0.4192
   3.000   1.2792   0.00862   0.00310  -0.2137  0.0022  0.0382  -1.6313   0.0000   0.4109
   3.500   1.3342   0.00885   0.00331  -0.2135  0.0017  0.0443  -1.7484   0.0000   0.4032
   4.000   1.3886   0.00910   0.00355  -0.2134  0.0021  0.0478  -1.8886   0.0000   0.3960
   5.000   1.4964   0.00964   0.00408  -0.2128  0.0013  0.0689  -2.2470   0.0000   0.3831
   6.000   1.6027   0.01023   0.00471  -0.2122  0.0012  0.1458  -2.6225   0.0000   0.3716
   6.500   1.6543   0.01058   0.00504  -0.2115  0.0012  0.1585  -2.8149   0.0000   0.3663
   7.500   1.7559   0.01132   0.00580  -0.2101  0.0012  0.2008  -3.2100   0.0000   0.3563
   8.000   1.8048   0.01174   0.00621  -0.2090  0.0012  0.1962  -3.4107   0.0000   0.3516
   9.000   1.9017   0.01261   0.00717  -0.2069  0.0012  0.3134  -3.8747   0.0000   0.3428
   9.500   1.9473   0.01312   0.00770  -0.2053  0.0011  0.3400  -4.1801   0.0000   0.3385
  10.000   1.9930   0.01363   0.00831  -0.2039  0.0011  0.4427  -4.7481   0.0000   0.3343
  10.500   2.0262   0.01424   0.00895  -0.1998  0.0011  0.4619  -5.2745   0.0000   0.3297
  11.000   2.0566   0.01495   0.00967  -0.1953  0.0011  0.4673  -5.8072   0.0000   0.3251
  11.500   2.0871   0.01579   0.01055  -0.1911  0.0011  0.4969  -6.3661   0.0000   0.3207
  12.000   2.1160   0.01675   0.01153  -0.1868  0.0010  0.5049  -6.9341   0.0000   0.3164
  12.500   2.1435   0.01788   0.01270  -0.1826  0.0010  0.5294  -7.5152   0.0000   0.3122
  13.000   2.1702   0.01917   0.01403  -0.1785  0.0010  0.5538  -8.1094   0.0000   0.3082
  13.500   2.1956   0.02065   0.01557  -0.1745  0.0009  0.5846  -8.7141   0.0000   0.3043
  14.000   2.2184   0.02237   0.01736  -0.1705  0.0009  0.6292  -9.3187   0.0000   0.3006
  14.500   2.2376   0.02447   0.01954  -0.1665  0.0009  0.6665  -9.9125   0.0000   0.2970
  15.000   2.2563   0.02684   0.02197  -0.1627  0.0009  0.6975  -10.5192   0.0000   0.2935
  15.500   2.2733   0.02956   0.02478  -0.1593  0.0008  0.7395  -11.1280   0.0000   0.2902
  16.000   2.2891   0.03258   0.02788  -0.1562  0.0008  0.7803  -11.7427   0.0000   0.2871
  16.500   2.3045   0.03607   0.03150  -0.1538  0.0007  0.8694  -12.3682   0.0000   0.2843
  17.000   2.3229   0.03945   0.03506  -0.1520  0.0007  1.0000  -13.0376   0.0000   0.2817
  18.000   2.2627   0.05672   0.05273  -0.1436  0.0017  1.0000  -13.4365   0.0000   0.2769
  18.500   2.2628   0.06263   0.05870  -0.1422  0.0020  1.0000  -13.9901   0.0000   0.2749
  19.000   2.2560   0.06959   0.06575  -0.1411  0.0022  1.0000  -14.4476   0.0000   0.2731
  19.500   2.2446   0.07730   0.07356  -0.1405  0.0024  1.0000  -14.8587   0.0000   0.2716


