XFLR5 v6.02 Beta

 Calculated polar for: WORTMANN FX 63-137

 1 1 Reynolds number fixed          Mach number fixed         

 xtrf =   1.000 (top)        1.000 (bottom)
 Mach =   0.000     Re =    50.000 e 6     Ncrit =   9.000

  alpha     CL        CD       CDp       CM    Top Xtr Bot Xtr   Cpmin    Chinge    XCp    
 ------- -------- --------- --------- -------- ------- ------- -------- --------- ---------
 -22.000  -0.3957   0.20426   0.20173  -0.0605  0.2323  0.0014  -6.5793   0.0000   0.0466
 -21.500  -0.3785   0.19905   0.19650  -0.0641  0.2267  0.0014  -6.3675   0.0000   0.0298
 -21.000  -0.3612   0.19379   0.19122  -0.0677  0.2222  0.0014  -6.1603   0.0000   0.0114
 -20.500  -0.3441   0.18844   0.18586  -0.0711  0.2217  0.0015  -5.9632   0.0000  -0.0086
 -20.000  -0.3271   0.18306   0.18046  -0.0746  0.2209  0.0017  -5.7681   0.0000  -0.0306
 -19.500  -0.3105   0.17773   0.17506  -0.0777  0.1749  0.0018  -5.5785   0.0000  -0.0539
 -19.000  -0.2936   0.17226   0.16957  -0.0810  0.1701  0.0020  -5.3932   0.0000  -0.0805
 -18.500  -0.2769   0.16674   0.16404  -0.0842  0.1751  0.0022  -5.2152   0.0000  -0.1101
 -18.000  -0.2604   0.16118   0.15847  -0.0873  0.1702  0.0023  -5.0440   0.0000  -0.1429
 -17.500  -0.2443   0.15562   0.15290  -0.0904  0.1699  0.0025  -4.8811   0.0000  -0.1793
 -17.000  -0.2290   0.15016   0.14743  -0.0933  0.1697  0.0027  -4.7283   0.0000  -0.2188
 -16.500  -0.2140   0.14475   0.14201  -0.0962  0.1694  0.0029  -4.5838   0.0000  -0.2629
 -16.000  -0.1985   0.13899   0.13625  -0.0991  0.1690  0.0031  -4.4435   0.0000  -0.3158
 -15.000  -0.8187   0.01037   0.00620  -0.1948  0.2972  0.0026  -16.5370   0.0000  -0.0110
 -14.500  -0.7620   0.00993   0.00566  -0.1957  0.2420  0.0027  -15.4902   0.0000  -0.0298
 -14.000  -0.7037   0.00947   0.00516  -0.1967  0.2326  0.0029  -14.4570   0.0000  -0.0526
 -13.500  -0.6450   0.00907   0.00473  -0.1977  0.2216  0.0030  -13.5326   0.0000  -0.0798
 -13.000  -0.5859   0.00867   0.00431  -0.1987  0.2209  0.0032  -12.6332   0.0000  -0.1129
 -12.500  -0.5275   0.00838   0.00393  -0.1995  0.1773  0.0034  -11.7654   0.0000  -0.1527
 -12.000  -0.4679   0.00807   0.00359  -0.2004  0.1695  0.0036  -10.9126   0.0000  -0.2040
 -11.500  -0.4082   0.00779   0.00328  -0.2014  0.1696  0.0039  -10.0821   0.0000  -0.2705
 -11.000  -0.3485   0.00755   0.00303  -0.2022  0.1692  0.0039  -9.2841   0.0000  -0.3599
 -10.000  -0.2295   0.00720   0.00260  -0.2038  0.1438  0.0040  -7.7782   0.0000  -0.6768
  -9.500  -0.1698   0.00705   0.00241  -0.2045  0.1382  0.0041  -7.0685   0.0000  -1.0032
  -9.000  -0.1100   0.00691   0.00225  -0.2053  0.1283  0.0041  -6.3881   0.0000  -1.6856
  -8.500  -0.0502   0.00678   0.00210  -0.2060  0.1241  0.0041  -5.7344   0.0000  -3.9988
  -8.000   0.0097   0.00667   0.00197  -0.2068  0.1238  0.0042  -5.1102   0.0000  22.3238
  -7.500   0.0695   0.00657   0.00186  -0.2075  0.1235  0.0042  -4.5157   0.0000   3.3249
  -7.000   0.1293   0.00649   0.00176  -0.2082  0.1233  0.0043  -4.0473   0.0000   1.9048
  -6.500   0.1890   0.00642   0.00167  -0.2089  0.1229  0.0043  -3.6556   0.0000   1.3832
  -6.000   0.2487   0.00637   0.00161  -0.2096  0.1225  0.0043  -3.2792   0.0000   1.1123
  -5.500   0.3075   0.00638   0.00157  -0.2101  0.1016  0.0044  -2.9207   0.0000   0.9475
  -5.000   0.3668   0.00637   0.00153  -0.2107  0.0987  0.0044  -2.5754   0.0000   0.8352
  -4.500   0.4260   0.00637   0.00150  -0.2113  0.0959  0.0045  -2.2456   0.0000   0.7542
  -4.000   0.4850   0.00637   0.00149  -0.2118  0.0863  0.0045  -1.9317   0.0000   0.6930
  -3.500   0.5441   0.00638   0.00149  -0.2124  0.0844  0.0046  -1.6332   0.0000   0.6451
  -3.000   0.6030   0.00640   0.00150  -0.2129  0.0842  0.0048  -1.3504   0.0000   0.6065
  -2.500   0.6618   0.00644   0.00152  -0.2134  0.0840  0.0046  -1.0827   0.0000   0.5748
  -2.000   0.7203   0.00648   0.00156  -0.2138  0.0833  0.0053  -0.9610   0.0000   0.5482
  -1.500   0.7772   0.00667   0.00166  -0.2140  0.0512  0.0064  -1.0103   0.0000   0.5258
  -1.000   0.8351   0.00676   0.00173  -0.2143  0.0482  0.0075  -1.0625   0.0000   0.5063
  -0.500   0.8928   0.00686   0.00181  -0.2146  0.0455  0.0083  -1.1149   0.0000   0.4893
   0.000   0.9503   0.00697   0.00190  -0.2149  0.0431  0.0089  -1.1676   0.0000   0.4743
   0.500   1.0080   0.00706   0.00199  -0.2153  0.0407  0.0156  -1.2224   0.0000   0.4610
   1.000   1.0653   0.00717   0.00209  -0.2155  0.0435  0.0170  -1.2870   0.0000   0.4490
   1.500   1.1222   0.00730   0.00221  -0.2158  0.0424  0.0172  -1.3626   0.0000   0.4383
   2.000   1.1789   0.00744   0.00234  -0.2159  0.0407  0.0192  -1.4389   0.0000   0.4285
   2.500   1.2315   0.00792   0.00271  -0.2153  0.0020  0.0373  -1.5265   0.0000   0.4194
   3.500   1.3422   0.00834   0.00310  -0.2152  0.0013  0.0408  -1.7589   0.0000   0.4035
   4.000   1.3970   0.00858   0.00332  -0.2151  0.0014  0.0441  -1.9029   0.0000   0.3963
   4.500   1.4514   0.00882   0.00356  -0.2149  0.0013  0.0504  -2.0811   0.0000   0.3897
   5.000   1.5055   0.00908   0.00381  -0.2147  0.0013  0.0668  -2.2637   0.0000   0.3834
   5.500   1.5589   0.00937   0.00408  -0.2143  0.0013  0.0777  -2.4502   0.0000   0.3775
   6.000   1.6121   0.00965   0.00438  -0.2140  0.0012  0.1160  -2.6411   0.0000   0.3720
   6.500   1.6648   0.00996   0.00470  -0.2136  0.0012  0.1454  -2.8358   0.0000   0.3667
   7.000   1.7163   0.01030   0.00503  -0.2130  0.0012  0.1483  -3.0331   0.0000   0.3616
   7.500   1.7671   0.01067   0.00538  -0.2122  0.0012  0.1621  -3.2337   0.0000   0.3568
   8.000   1.8170   0.01106   0.00576  -0.2113  0.0012  0.1586  -3.4369   0.0000   0.3521
   8.500   1.8666   0.01145   0.00618  -0.2105  0.0012  0.1959  -3.6437   0.0000   0.3476
   9.000   1.9154   0.01187   0.00663  -0.2095  0.0012  0.2500  -3.9144   0.0000   0.3433
   9.500   1.9621   0.01234   0.00710  -0.2081  0.0012  0.2702  -4.2657   0.0000   0.3390
  10.000   2.0096   0.01279   0.00765  -0.2070  0.0011  0.3703  -4.8484   0.0000   0.3350
  10.500   2.0525   0.01334   0.00820  -0.2049  0.0011  0.3833  -5.4366   0.0000   0.3308
  11.000   2.0845   0.01395   0.00882  -0.2006  0.0011  0.3946  -5.9889   0.0000   0.3262
  11.500   2.1145   0.01465   0.00954  -0.1960  0.0011  0.4056  -6.5494   0.0000   0.3217
  12.500   2.1727   0.01643   0.01136  -0.1873  0.0010  0.4345  -7.7253   0.0000   0.3132
  13.000   2.2012   0.01752   0.01253  -0.1833  0.0010  0.4974  -8.3400   0.0000   0.3092
  13.500   2.2268   0.01881   0.01384  -0.1789  0.0009  0.4998  -8.9548   0.0000   0.3052
  14.000   2.2511   0.02029   0.01535  -0.1748  0.0009  0.5201  -9.5789   0.0000   0.3013
  14.500   2.2735   0.02199   0.01712  -0.1707  0.0009  0.5647  -10.2068   0.0000   0.2976
  15.000   2.2913   0.02413   0.01933  -0.1665  0.0008  0.5973  -10.8166   0.0000   0.2940
  16.500   2.2852   0.03714   0.03274  -0.1511  0.0021  0.6865  -12.1793   0.0000   0.2838
  17.000   2.2906   0.04125   0.03692  -0.1479  0.0024  0.7048  -12.7269   0.0000   0.2809
  17.500   2.2935   0.04619   0.04197  -0.1454  0.0029  0.7443  -13.2568   0.0000   0.2784
  19.500   2.2970   0.07070   0.06703  -0.1411  0.0041  1.0000  -15.3786   0.0000   0.2705


