XFLR5 v6.02 Beta

 Calculated polar for: WORTMANN FX 63-137

 1 1 Reynolds number fixed          Mach number fixed         

 xtrf =   1.000 (top)        1.000 (bottom)
 Mach =   0.000     Re =    55.500 e 6     Ncrit =   9.000

  alpha     CL        CD       CDp       CM    Top Xtr Bot Xtr   Cpmin    Chinge    XCp    
 ------- -------- --------- --------- -------- ------- ------- -------- --------- ---------
 -23.500  -0.4179   0.22864   0.22621  -0.0477  0.2346  0.0013  -5.1433   0.0000   0.0872
 -23.000  -0.4001   0.22418   0.22174  -0.0515  0.2263  0.0013  -4.9414   0.0000   0.0724
 -22.500  -0.3821   0.22014   0.21768  -0.0553  0.2221  0.0013  -4.7441   0.0000   0.0563
 -22.000  -0.3637   0.21633   0.21385  -0.0589  0.2217  0.0013  -4.5512   0.0000   0.0385
 -21.500  -0.3462   0.21111   0.20862  -0.0625  0.2213  0.0013  -4.3705   0.0000   0.0192
 -21.000  -0.3290   0.20579   0.20325  -0.0659  0.1919  0.0013  -4.1968   0.0000  -0.0014
 -20.500  -0.3117   0.20039   0.19781  -0.0693  0.1701  0.0013  -4.0288   0.0000  -0.0245
 -20.000  -0.2943   0.19490   0.19230  -0.0727  0.1697  0.0013  -3.8677   0.0000  -0.0504
 -19.500  -0.2770   0.18933   0.18672  -0.0761  0.1702  0.0013  -3.7154   0.0000  -0.0794
 -19.000  -0.2598   0.18369   0.18107  -0.0793  0.1698  0.0013  -3.5726   0.0000  -0.1120
 -18.500  -0.2429   0.17794   0.17530  -0.0825  0.1696  0.0013  -3.4448   0.0000  -0.1485
 -18.000  -0.2264   0.17203   0.16938  -0.0857  0.1693  0.0014  -3.3396   0.0000  -0.1896
 -17.500  -0.3959   0.12003   0.11731  -0.1051  0.2209  0.0027  -9.0937   0.0000  -0.0624
 -17.000  -0.3887   0.11333   0.11057  -0.1089  0.1931  0.0028  -8.9984   0.0000  -0.0764
 -16.500  -0.3897   0.10553   0.10274  -0.1133  0.1794  0.0029  -9.0577   0.0000  -0.0857
 -15.500  -0.8752   0.01078   0.00667  -0.1941  0.2952  0.0023  -17.6191   0.0000   0.0049
 -15.000  -0.8179   0.01024   0.00610  -0.1952  0.2814  0.0024  -16.5346   0.0000  -0.0118
 -14.500  -0.7610   0.00981   0.00558  -0.1960  0.2342  0.0026  -15.4862   0.0000  -0.0306
 -14.000  -0.7026   0.00936   0.00510  -0.1970  0.2246  0.0027  -14.4513   0.0000  -0.0535
 -13.500  -0.6439   0.00896   0.00467  -0.1980  0.2210  0.0028  -13.5269   0.0000  -0.0809
 -12.500  -0.5263   0.00828   0.00388  -0.1998  0.1700  0.0032  -11.7618   0.0000  -0.1543
 -12.000  -0.4667   0.00797   0.00354  -0.2008  0.1691  0.0035  -10.9112   0.0000  -0.2059
 -11.500  -0.4069   0.00767   0.00322  -0.2017  0.1692  0.0038  -10.0811   0.0000  -0.2732
 -11.000  -0.3471   0.00743   0.00296  -0.2026  0.1690  0.0039  -9.2819   0.0000  -0.3635
 -10.500  -0.2878   0.00726   0.00274  -0.2033  0.1456  0.0040  -8.5157   0.0000  -0.4899
 -10.000  -0.2282   0.00710   0.00254  -0.2041  0.1401  0.0040  -7.7762   0.0000  -0.6837
  -9.500  -0.1684   0.00694   0.00236  -0.2049  0.1347  0.0041  -7.0656   0.0000  -1.0157
  -9.000  -0.1086   0.00681   0.00220  -0.2056  0.1248  0.0041  -6.3845   0.0000  -1.7144
  -8.500  -0.0488   0.00668   0.00206  -0.2064  0.1239  0.0041  -5.7306   0.0000  -4.1309
  -8.000   0.0111   0.00657   0.00193  -0.2071  0.1236  0.0042  -5.1063   0.0000  19.5133
  -7.500   0.0709   0.00648   0.00182  -0.2079  0.1233  0.0042  -4.5117   0.0000   3.2681
  -6.500   0.1904   0.00633   0.00164  -0.2093  0.1227  0.0043  -3.6536   0.0000   1.3766
  -6.000   0.2495   0.00632   0.00159  -0.2098  0.1028  0.0043  -3.2793   0.0000   1.1104
  -5.500   0.3088   0.00630   0.00154  -0.2104  0.0997  0.0044  -2.9188   0.0000   0.9456
  -5.000   0.3681   0.00628   0.00150  -0.2110  0.0970  0.0044  -2.5734   0.0000   0.8340
  -4.500   0.4274   0.00628   0.00148  -0.2116  0.0934  0.0045  -2.2433   0.0000   0.7533
  -4.000   0.4865   0.00628   0.00147  -0.2121  0.0848  0.0045  -1.9291   0.0000   0.6924
  -3.500   0.5455   0.00629   0.00147  -0.2127  0.0843  0.0046  -1.6306   0.0000   0.6446
  -3.000   0.6045   0.00631   0.00148  -0.2132  0.0842  0.0046  -1.3477   0.0000   0.6062
  -2.500   0.6632   0.00634   0.00150  -0.2137  0.0839  0.0046  -1.0801   0.0000   0.5746
  -2.000   0.7218   0.00639   0.00153  -0.2142  0.0827  0.0051  -0.9619   0.0000   0.5481
  -1.500   0.7785   0.00658   0.00163  -0.2143  0.0491  0.0061  -1.0112   0.0000   0.5257
  -1.000   0.8365   0.00667   0.00170  -0.2146  0.0463  0.0071  -1.0634   0.0000   0.5062
  -0.500   0.8943   0.00677   0.00178  -0.2150  0.0438  0.0079  -1.1159   0.0000   0.4892
   0.000   0.9519   0.00687   0.00187  -0.2153  0.0414  0.0085  -1.1687   0.0000   0.4743
   0.500   1.0096   0.00696   0.00196  -0.2156  0.0392  0.0154  -1.2236   0.0000   0.4610
   1.000   1.0669   0.00707   0.00206  -0.2159  0.0421  0.0170  -1.2884   0.0000   0.4490
   1.500   1.1239   0.00720   0.00218  -0.2161  0.0411  0.0171  -1.3641   0.0000   0.4383
   2.500   1.2334   0.00780   0.00267  -0.2157  0.0018  0.0372  -1.5284   0.0000   0.4194
   3.500   1.3442   0.00822   0.00305  -0.2156  0.0013  0.0400  -1.7614   0.0000   0.4035
   4.000   1.3990   0.00845   0.00327  -0.2155  0.0014  0.0432  -1.9063   0.0000   0.3964
   4.500   1.4535   0.00870   0.00350  -0.2153  0.0013  0.0493  -2.0848   0.0000   0.3898
   6.500   1.6670   0.00982   0.00462  -0.2140  0.0012  0.1256  -2.8402   0.0000   0.3668
   7.000   1.7189   0.01015   0.00494  -0.2135  0.0012  0.1463  -3.0385   0.0000   0.3618
   7.500   1.7699   0.01051   0.00529  -0.2128  0.0012  0.1552  -3.2394   0.0000   0.3569
   8.000   1.8200   0.01089   0.00566  -0.2119  0.0012  0.1518  -3.4432   0.0000   0.3522
   8.500   1.8698   0.01128   0.00606  -0.2111  0.0012  0.1947  -3.6507   0.0000   0.3478
   9.000   1.9189   0.01168   0.00650  -0.2101  0.0012  0.2490  -3.9243   0.0000   0.3434
   9.500   1.9658   0.01215   0.00696  -0.2087  0.0012  0.2565  -4.2864   0.0000   0.3392
  10.500   2.0572   0.01313   0.00803  -0.2057  0.0011  0.3702  -5.4658   0.0000   0.3310
  11.000   2.0932   0.01372   0.00863  -0.2023  0.0011  0.3761  -6.0444   0.0000   0.3266
  11.500   2.1213   0.01439   0.00931  -0.1973  0.0011  0.3858  -6.5950   0.0000   0.3220
  12.000   2.1507   0.01518   0.01011  -0.1927  0.0010  0.3876  -7.1761   0.0000   0.3176
  12.500   2.1806   0.01609   0.01104  -0.1886  0.0010  0.4026  -7.7820   0.0000   0.3135
  13.000   2.2085   0.01714   0.01217  -0.1844  0.0010  0.4669  -8.3943   0.0000   0.3094
  14.000   2.2581   0.01987   0.01496  -0.1758  0.0008  0.4991  -9.6361   0.0000   0.3015
  14.500   2.2804   0.02152   0.01667  -0.1716  0.0008  0.5367  -10.2650   0.0000   0.2978
  15.500   2.2698   0.02951   0.02496  -0.1582  0.0017  0.5900  -11.0484   0.0000   0.2899
  16.000   2.2854   0.03249   0.02801  -0.1550  0.0021  0.6280  -11.6953   0.0000   0.2868
  16.500   2.2944   0.03617   0.03176  -0.1517  0.0025  0.6514  -12.2639   0.0000   0.2838
  17.000   2.3010   0.04018   0.03586  -0.1485  0.0028  0.6847  -12.8200   0.0000   0.2809
  17.500   2.3021   0.04506   0.04083  -0.1456  0.0034  0.7015  -13.3334   0.0000   0.2782
  18.000   2.3107   0.04961   0.04547  -0.1436  0.0038  0.7464  -13.9253   0.0000   0.2757
  18.500   2.3095   0.05549   0.05147  -0.1417  0.0040  0.7824  -14.4353   0.0000   0.2735
  19.000   2.3065   0.06199   0.05809  -0.1405  0.0042  0.8298  -14.9352   0.0000   0.2716
  19.500   2.3082   0.06938   0.06574  -0.1414  0.0044  1.0000  -15.4890   0.0000   0.2704


