XFLR5 v6.02 Beta

 Calculated polar for: WORTMANN FX 63-137

 1 1 Reynolds number fixed          Mach number fixed         

 xtrf =   1.000 (top)        1.000 (bottom)
 Mach =   0.000     Re =    76.250 e 6     Ncrit =   9.000

  alpha     CL        CD       CDp       CM    Top Xtr Bot Xtr   Cpmin    Chinge    XCp    
 ------- -------- --------- --------- -------- ------- ------- -------- --------- ---------
 -22.500  -1.2803   0.05212   0.04894  -0.1545  0.4014  0.0014  -28.9236   0.0000   0.0921
 -21.500  -1.3215   0.03581   0.03244  -0.1673  0.4013  0.0014  -28.9229   0.0000   0.0899
 -20.500  -1.3206   0.02558   0.02209  -0.1748  0.4012  0.0014  -28.0629   0.0000   0.0872
 -20.000  -1.3082   0.02175   0.01820  -0.1774  0.4011  0.0014  -27.4202   0.0000   0.0852
 -19.500  -1.2930   0.01897   0.01538  -0.1780  0.4010  0.0014  -26.7061   0.0000   0.0845
 -19.000  -1.2547   0.01642   0.01277  -0.1823  0.3756  0.0014  -25.7109   0.0000   0.0778
 -18.500  -1.2005   0.01436   0.01064  -0.1884  0.3670  0.0014  -24.5271   0.0000   0.0669
 -18.000  -1.1503   0.01347   0.00963  -0.1898  0.3011  0.0015  -23.3677   0.0000   0.0595
 -17.500  -1.0968   0.01267   0.00879  -0.1911  0.2930  0.0015  -22.1891   0.0000   0.0509
 -17.000  -1.0420   0.01196   0.00805  -0.1923  0.2858  0.0016  -21.0189   0.0000   0.0411
 -16.500  -0.9862   0.01133   0.00740  -0.1934  0.2789  0.0017  -19.8635   0.0000   0.0300
 -16.000  -0.9296   0.01076   0.00679  -0.1945  0.2783  0.0018  -18.7271   0.0000   0.0172
 -15.500  -0.8724   0.01023   0.00625  -0.1955  0.2780  0.0019  -17.6125   0.0000   0.0026
 -15.000  -0.8158   0.00982   0.00575  -0.1962  0.2303  0.0020  -16.5346   0.0000  -0.0137
 -14.500  -0.7577   0.00938   0.00528  -0.1972  0.2215  0.0021  -15.4705   0.0000  -0.0334
 -14.000  -0.6992   0.00898   0.00485  -0.1982  0.2210  0.0022  -14.4330   0.0000  -0.0567
 -13.500  -0.6410   0.00865   0.00446  -0.1990  0.1899  0.0023  -13.5121   0.0000  -0.0839
 -13.000  -0.5820   0.00831   0.00409  -0.1999  0.1802  0.0025  -12.6151   0.0000  -0.1174
 -12.500  -0.5227   0.00799   0.00374  -0.2008  0.1691  0.0027  -11.7421   0.0000  -0.1589
 -12.000  -0.4636   0.00772   0.00342  -0.2016  0.1419  0.0029  -10.8983   0.0000  -0.2108
 -11.500  -0.4038   0.00742   0.00310  -0.2026  0.1432  0.0032  -10.0751   0.0000  -0.2794
 -11.000  -0.3440   0.00718   0.00283  -0.2035  0.1395  0.0035  -9.2794   0.0000  -0.3716
 -10.500  -0.2841   0.00696   0.00259  -0.2043  0.1348  0.0038  -8.5091   0.0000  -0.5032
 -10.000  -0.2242   0.00678   0.00239  -0.2052  0.1300  0.0040  -7.7660   0.0000  -0.7051
  -9.500  -0.1643   0.00663   0.00222  -0.2059  0.1250  0.0040  -7.0539   0.0000  -1.0540
  -9.000  -0.1045   0.00650   0.00207  -0.2067  0.1236  0.0041  -6.3718   0.0000  -1.8027
  -8.500  -0.0446   0.00638   0.00193  -0.2074  0.1234  0.0041  -5.7176   0.0000  -4.5635
  -8.000   0.0153   0.00628   0.00182  -0.2082  0.1230  0.0042  -5.0933   0.0000  14.3315
  -7.500   0.0751   0.00619   0.00172  -0.2089  0.1228  0.0042  -4.4986   0.0000   3.1145
  -7.000   0.1343   0.00615   0.00163  -0.2095  0.1026  0.0043  -4.0414   0.0000   1.8518
  -6.500   0.1939   0.00611   0.00156  -0.2101  0.0999  0.0043  -3.6497   0.0000   1.3609
  -6.000   0.2534   0.00607   0.00150  -0.2107  0.0972  0.0043  -3.2733   0.0000   1.1008
  -5.500   0.3128   0.00604   0.00146  -0.2113  0.0946  0.0044  -2.9121   0.0000   0.9397
  -5.000   0.3722   0.00602   0.00143  -0.2119  0.0911  0.0044  -2.5663   0.0000   0.8301
  -4.500   0.4315   0.00601   0.00141  -0.2125  0.0846  0.0044  -2.2361   0.0000   0.7507
  -4.000   0.4907   0.00601   0.00139  -0.2131  0.0842  0.0045  -1.9213   0.0000   0.6905
  -3.500   0.5498   0.00602   0.00139  -0.2136  0.0841  0.0045  -1.6227   0.0000   0.6433
  -3.000   0.6087   0.00604   0.00140  -0.2142  0.0840  0.0046  -1.3398   0.0000   0.6052
  -2.500   0.6676   0.00607   0.00142  -0.2147  0.0838  0.0046  -1.0724   0.0000   0.5739
  -2.000   0.7244   0.00626   0.00152  -0.2148  0.0461  0.0047  -0.9633   0.0000   0.5478
  -1.500   0.7827   0.00633   0.00157  -0.2152  0.0432  0.0053  -1.0140   0.0000   0.5254
  -1.000   0.8408   0.00640   0.00163  -0.2156  0.0410  0.0062  -1.0664   0.0000   0.5060
  -0.500   0.8988   0.00649   0.00170  -0.2159  0.0388  0.0069  -1.1191   0.0000   0.4891
   0.000   0.9565   0.00658   0.00178  -0.2163  0.0382  0.0074  -1.1720   0.0000   0.4742
   0.500   1.0141   0.00668   0.00187  -0.2166  0.0381  0.0092  -1.2272   0.0000   0.4610
   1.000   1.0717   0.00677   0.00196  -0.2169  0.0384  0.0169  -1.2926   0.0000   0.4491
   1.500   1.1288   0.00689   0.00207  -0.2171  0.0382  0.0171  -1.3684   0.0000   0.4384
   2.000   1.1837   0.00719   0.00229  -0.2169  0.0199  0.0199  -1.4428   0.0000   0.4286
   2.500   1.2386   0.00747   0.00254  -0.2168  0.0014  0.0370  -1.5340   0.0000   0.4196
   3.000   1.2944   0.00766   0.00272  -0.2168  0.0013  0.0379  -1.6503   0.0000   0.4113
   3.500   1.3498   0.00787   0.00290  -0.2167  0.0013  0.0384  -1.7686   0.0000   0.4037
   4.000   1.4048   0.00809   0.00311  -0.2167  0.0013  0.0407  -1.9163   0.0000   0.3966
   4.500   1.4595   0.00832   0.00332  -0.2165  0.0013  0.0462  -2.0955   0.0000   0.3900
   5.500   1.5677   0.00883   0.00381  -0.2161  0.0013  0.0712  -2.4669   0.0000   0.3779
   6.000   1.6213   0.00910   0.00409  -0.2158  0.0012  0.1036  -2.6589   0.0000   0.3724
   6.500   1.6740   0.00940   0.00438  -0.2154  0.0012  0.1139  -2.8543   0.0000   0.3671
   7.000   1.7263   0.00971   0.00469  -0.2149  0.0012  0.1276  -3.0536   0.0000   0.3620
   7.500   1.7779   0.01004   0.00501  -0.2144  0.0012  0.1459  -3.2563   0.0000   0.3572
   8.000   1.8286   0.01040   0.00536  -0.2136  0.0012  0.1457  -3.4617   0.0000   0.3526
   8.500   1.8785   0.01078   0.00573  -0.2127  0.0012  0.1500  -3.6698   0.0000   0.3481
   9.000   1.9281   0.01117   0.00614  -0.2119  0.0012  0.2042  -3.9509   0.0000   0.3438
  10.000   2.0233   0.01204   0.00704  -0.2094  0.0012  0.2680  -4.9322   0.0000   0.3355
  10.500   2.0691   0.01252   0.00755  -0.2080  0.0011  0.3186  -5.5426   0.0000   0.3315
  11.000   2.1119   0.01307   0.00809  -0.2059  0.0011  0.3285  -6.1649   0.0000   0.3274
  11.500   2.1434   0.01366   0.00869  -0.2015  0.0011  0.3357  -6.7423   0.0000   0.3229
  12.000   2.1721   0.01435   0.00940  -0.1967  0.0010  0.3366  -7.3246   0.0000   0.3185
  13.000   2.2287   0.01614   0.01124  -0.1877  0.0009  0.3760  -8.5466   0.0000   0.3100
  13.500   2.2245   0.01895   0.01423  -0.1783  0.0012  0.4338  -8.9012   0.0000   0.3050
  14.000   2.2486   0.02043   0.01576  -0.1741  0.0019  0.4498  -9.5250   0.0000   0.3011
  14.500   2.2656   0.02235   0.01772  -0.1693  0.0020  0.4606  -10.1220   0.0000   0.2973
  15.000   2.2833   0.02453   0.01997  -0.1650  0.0025  0.4932  -10.7313   0.0000   0.2937
  15.500   2.2980   0.02715   0.02265  -0.1609  0.0030  0.5185  -11.3235   0.0000   0.2902
  16.000   2.3104   0.03016   0.02573  -0.1570  0.0034  0.5354  -11.9102   0.0000   0.2869
  16.500   2.3213   0.03354   0.02917  -0.1535  0.0038  0.5639  -12.4954   0.0000   0.2838
  17.000   2.3292   0.03737   0.03308  -0.1502  0.0041  0.5920  -13.0671   0.0000   0.2808
  17.500   2.3339   0.04159   0.03738  -0.1471  0.0045  0.6262  -13.6187   0.0000   0.2780
  18.000   2.3356   0.04648   0.04235  -0.1443  0.0046  0.6368  -14.1550   0.0000   0.2754
  18.500   2.3368   0.05180   0.04775  -0.1421  0.0046  0.6589  -14.6964   0.0000   0.2730
  19.000   2.3442   0.05656   0.05259  -0.1404  0.0047  0.6910  -15.3073   0.0000   0.2707
  19.500   2.3392   0.06306   0.05920  -0.1390  0.0047  0.7201  -15.8035   0.0000   0.2687
  20.000   2.3302   0.07029   0.06654  -0.1382  0.0047  0.7540  -16.2643   0.0000   0.2670
  22.000   2.2790   0.10228   0.09896  -0.1397  0.0047  0.8511  -17.9549   0.0000   0.2625


