XFLR5 v6.02 Beta

 Calculated polar for: WORTMANN FX 63-137

 1 1 Reynolds number fixed          Mach number fixed         

 xtrf =   1.000 (top)        1.000 (bottom)
 Mach =   0.000     Re =    62.250 e 6     Ncrit =   9.000

  alpha     CL        CD       CDp       CM    Top Xtr Bot Xtr   Cpmin    Chinge    XCp    
 ------- -------- --------- --------- -------- ------- ------- -------- --------- ---------
 -22.500  -1.2243   0.05949   0.05634  -0.1481  0.4255  0.0014  -27.8109   0.0000   0.0910
 -22.000  -1.2706   0.04755   0.04427  -0.1575  0.4214  0.0014  -28.3537   0.0000   0.0902
 -21.500  -1.2846   0.04015   0.03679  -0.1632  0.4184  0.0014  -28.2351   0.0000   0.0888
 -21.000  -1.2992   0.03303   0.02958  -0.1688  0.4147  0.0014  -28.0985   0.0000   0.0877
 -20.500  -1.2953   0.02835   0.02484  -0.1721  0.4111  0.0014  -27.6140   0.0000   0.0863
 -20.000  -1.2884   0.02393   0.02036  -0.1753  0.4070  0.0014  -27.0733   0.0000   0.0845
 -19.500  -1.2705   0.02080   0.01719  -0.1769  0.4027  0.0015  -26.3440   0.0000   0.0825
 -19.000  -1.2483   0.01800   0.01433  -0.1790  0.4018  0.0015  -25.5609   0.0000   0.0796
 -18.500  -1.2019   0.01562   0.01191  -0.1843  0.4011  0.0016  -24.4818   0.0000   0.0705
 -18.000  -1.1490   0.01410   0.01026  -0.1885  0.3384  0.0016  -23.3205   0.0000   0.0604
 -17.000  -1.0427   0.01245   0.00849  -0.1912  0.3034  0.0018  -21.0041   0.0000   0.0422
 -16.500  -0.9875   0.01177   0.00777  -0.1924  0.2962  0.0019  -19.8580   0.0000   0.0312
 -16.000  -0.9313   0.01115   0.00712  -0.1935  0.2893  0.0020  -18.7277   0.0000   0.0186
 -15.500  -0.8743   0.01059   0.00653  -0.1946  0.2849  0.0021  -17.6172   0.0000   0.0041
 -14.500  -0.7599   0.00966   0.00548  -0.1964  0.2260  0.0024  -15.4806   0.0000  -0.0316
 -14.000  -0.7014   0.00923   0.00501  -0.1974  0.2218  0.0025  -14.4446   0.0000  -0.0547
 -13.000  -0.5840   0.00850   0.00420  -0.1993  0.1936  0.0028  -12.6264   0.0000  -0.1151
 -12.500  -0.5250   0.00818   0.00384  -0.2002  0.1693  0.0030  -11.7556   0.0000  -0.1559
 -11.000  -0.3461   0.00734   0.00291  -0.2029  0.1465  0.0038  -9.2830   0.0000  -0.3662
 -10.500  -0.2864   0.00715   0.00268  -0.2037  0.1415  0.0040  -8.5134   0.0000  -0.4948
 -10.000  -0.2267   0.00698   0.00248  -0.2045  0.1362  0.0040  -7.7729   0.0000  -0.6914
  -9.500  -0.1669   0.00683   0.00231  -0.2053  0.1311  0.0041  -7.0616   0.0000  -1.0296
  -9.000  -0.1071   0.00669   0.00215  -0.2060  0.1240  0.0041  -6.3801   0.0000  -1.7463
  -8.500  -0.0472   0.00657   0.00201  -0.2068  0.1237  0.0041  -5.7261   0.0000  -4.2819
  -8.000   0.0126   0.00646   0.00189  -0.2075  0.1234  0.0042  -5.1018   0.0000  17.2010
  -7.500   0.0725   0.00637   0.00178  -0.2082  0.1231  0.0042  -4.5071   0.0000   3.2095
  -7.000   0.1322   0.00629   0.00169  -0.2089  0.1228  0.0043  -4.0434   0.0000   1.8734
  -6.500   0.1914   0.00627   0.00163  -0.2095  0.1056  0.0043  -3.6534   0.0000   1.3720
  -6.000   0.2509   0.00623   0.00156  -0.2101  0.1006  0.0043  -3.2773   0.0000   1.1069
  -5.500   0.3103   0.00621   0.00151  -0.2107  0.0978  0.0044  -2.9165   0.0000   0.9434
  -5.000   0.3696   0.00619   0.00148  -0.2113  0.0952  0.0044  -2.5710   0.0000   0.8325
  -4.500   0.4289   0.00618   0.00145  -0.2119  0.0903  0.0045  -2.2407   0.0000   0.7524
  -4.000   0.4880   0.00618   0.00144  -0.2125  0.0843  0.0045  -1.9263   0.0000   0.6917
  -3.500   0.5471   0.00619   0.00144  -0.2130  0.0842  0.0045  -1.6277   0.0000   0.6441
  -3.000   0.6060   0.00621   0.00145  -0.2136  0.0841  0.0046  -1.3448   0.0000   0.6058
  -2.500   0.6648   0.00624   0.00147  -0.2141  0.0839  0.0046  -1.0773   0.0000   0.5743
  -2.000   0.7220   0.00641   0.00155  -0.2142  0.0510  0.0050  -0.9618   0.0000   0.5481
  -1.500   0.7800   0.00649   0.00161  -0.2146  0.0468  0.0058  -1.0122   0.0000   0.5256
  -1.000   0.8380   0.00658   0.00168  -0.2150  0.0442  0.0068  -1.0645   0.0000   0.5061
  -0.500   0.8959   0.00666   0.00175  -0.2153  0.0419  0.0075  -1.1171   0.0000   0.4892
   0.000   0.9536   0.00676   0.00183  -0.2156  0.0397  0.0081  -1.1699   0.0000   0.4743
   0.500   1.0112   0.00686   0.00193  -0.2159  0.0382  0.0101  -1.2249   0.0000   0.4610
   1.000   1.0686   0.00696   0.00203  -0.2163  0.0407  0.0170  -1.2900   0.0000   0.4491
   1.500   1.1257   0.00709   0.00214  -0.2165  0.0397  0.0171  -1.3657   0.0000   0.4383
   2.500   1.2353   0.00768   0.00262  -0.2161  0.0016  0.0372  -1.5305   0.0000   0.4195
   3.500   1.3462   0.00809   0.00300  -0.2160  0.0013  0.0394  -1.7640   0.0000   0.4036
   4.000   1.4012   0.00832   0.00321  -0.2159  0.0013  0.0423  -1.9100   0.0000   0.3965
   4.500   1.4557   0.00856   0.00343  -0.2158  0.0013  0.0481  -2.0887   0.0000   0.3898
   5.000   1.5100   0.00881   0.00368  -0.2156  0.0013  0.0666  -2.2720   0.0000   0.3836
   5.500   1.5635   0.00908   0.00394  -0.2153  0.0013  0.0741  -2.4590   0.0000   0.3777
   6.000   1.6170   0.00936   0.00423  -0.2150  0.0012  0.1086  -2.6505   0.0000   0.3722
   6.500   1.6695   0.00967   0.00453  -0.2145  0.0012  0.1206  -2.8454   0.0000   0.3669
   7.000   1.7217   0.00998   0.00485  -0.2141  0.0012  0.1458  -3.0442   0.0000   0.3619
   7.500   1.7729   0.01034   0.00519  -0.2134  0.0012  0.1477  -3.2457   0.0000   0.3570
   8.000   1.8232   0.01071   0.00554  -0.2125  0.0012  0.1466  -3.4501   0.0000   0.3524
   8.500   1.8728   0.01110   0.00593  -0.2116  0.0012  0.1658  -3.6573   0.0000   0.3479
   9.000   1.9221   0.01150   0.00636  -0.2107  0.0012  0.2212  -3.9337   0.0000   0.3436
   9.500   1.9698   0.01194   0.00682  -0.2095  0.0012  0.2495  -4.3093   0.0000   0.3393
  10.000   2.0168   0.01240   0.00732  -0.2083  0.0011  0.3148  -4.8927   0.0000   0.3352
  11.000   2.1035   0.01347   0.00843  -0.2043  0.0011  0.3693  -6.1093   0.0000   0.3271
  11.500   2.1292   0.01411   0.00908  -0.1987  0.0011  0.3702  -6.6474   0.0000   0.3223
  12.000   2.1581   0.01488   0.00985  -0.1941  0.0010  0.3704  -7.2278   0.0000   0.3179
  12.500   2.1877   0.01575   0.01074  -0.1898  0.0010  0.3768  -7.8336   0.0000   0.3137
  13.000   2.2167   0.01674   0.01180  -0.1857  0.0010  0.4379  -8.4554   0.0000   0.3097
  13.500   2.2436   0.01793   0.01303  -0.1815  0.0009  0.4733  -9.0842   0.0000   0.3057
  16.000   2.2975   0.03137   0.02689  -0.1559  0.0026  0.5915  -11.8012   0.0000   0.2868
  16.500   2.3083   0.03486   0.03047  -0.1526  0.0030  0.6279  -12.3842   0.0000   0.2838
  17.000   2.3142   0.03881   0.03449  -0.1492  0.0033  0.6475  -12.9352   0.0000   0.2808
  17.500   2.3169   0.04339   0.03916  -0.1461  0.0039  0.6717  -13.4663   0.0000   0.2781
  18.000   2.3186   0.04851   0.04437  -0.1437  0.0042  0.6949  -13.9970   0.0000   0.2756
  18.500   2.3183   0.05420   0.05016  -0.1417  0.0044  0.7314  -14.5181   0.0000   0.2733
  19.000   2.3154   0.06056   0.05664  -0.1403  0.0045  0.7749  -15.0208   0.0000   0.2713
  19.500   2.3102   0.06735   0.06354  -0.1394  0.0046  0.8130  -15.5078   0.0000   0.2695


