XFLR5 v6.02 Beta

 Calculated polar for: WORTMANN FX 63-137

 1 1 Reynolds number fixed          Mach number fixed         

 xtrf =   1.000 (top)        1.000 (bottom)
 Mach =   0.000     Re =    57.750 e 6     Ncrit =   9.000

  alpha     CL        CD       CDp       CM    Top Xtr Bot Xtr   Cpmin    Chinge    XCp    
 ------- -------- --------- --------- -------- ------- ------- -------- --------- ---------
 -22.500  -1.1840   0.06488   0.06181  -0.1435  0.4348  0.0014  -27.0053   0.0000   0.0901
 -22.000  -1.2420   0.05118   0.04797  -0.1543  0.4427  0.0014  -27.8032   0.0000   0.0895
 -21.500  -1.2739   0.04141   0.03806  -0.1621  0.4324  0.0014  -28.0337   0.0000   0.0885
 -21.000  -1.2815   0.03506   0.03163  -0.1669  0.4247  0.0014  -27.7783   0.0000   0.0872
 -20.500  -1.2873   0.02920   0.02568  -0.1713  0.4217  0.0015  -27.4711   0.0000   0.0859
 -20.000  -1.2775   0.02514   0.02157  -0.1741  0.4176  0.0015  -26.8837   0.0000   0.0841
 -19.500  -1.2639   0.02145   0.01782  -0.1765  0.4129  0.0015  -26.2344   0.0000   0.0821
 -19.000  -1.2455   0.01854   0.01487  -0.1780  0.4077  0.0016  -25.5024   0.0000   0.0800
 -18.500  -1.2019   0.01612   0.01240  -0.1829  0.4023  0.0016  -24.4586   0.0000   0.0716
 -18.000  -1.1488   0.01437   0.01051  -0.1879  0.3478  0.0017  -23.3058   0.0000   0.0609
 -17.000  -1.0428   0.01263   0.00866  -0.1909  0.3146  0.0019  -20.9964   0.0000   0.0426
 -16.500  -0.9878   0.01193   0.00791  -0.1921  0.3031  0.0020  -19.8537   0.0000   0.0316
 -16.000  -0.9318   0.01130   0.00724  -0.1932  0.2961  0.0021  -18.7271   0.0000   0.0191
 -15.500  -0.8749   0.01071   0.00662  -0.1943  0.2917  0.0022  -17.6186   0.0000   0.0047
 -15.000  -0.8175   0.01018   0.00606  -0.1953  0.2785  0.0024  -16.5331   0.0000  -0.0121
 -14.500  -0.7606   0.00976   0.00554  -0.1962  0.2314  0.0025  -15.4843   0.0000  -0.0309
 -14.000  -0.7022   0.00931   0.00507  -0.1972  0.2223  0.0026  -14.4490   0.0000  -0.0539
 -13.500  -0.6434   0.00892   0.00464  -0.1981  0.2209  0.0027  -13.5244   0.0000  -0.0814
 -12.500  -0.5258   0.00825   0.00387  -0.1999  0.1697  0.0031  -11.7599   0.0000  -0.1548
 -11.500  -0.4064   0.00763   0.00320  -0.2019  0.1691  0.0037  -10.0807   0.0000  -0.2742
 -11.000  -0.3466   0.00739   0.00294  -0.2027  0.1690  0.0039  -9.2810   0.0000  -0.3648
 -10.500  -0.2873   0.00722   0.00272  -0.2035  0.1441  0.0040  -8.5149   0.0000  -0.4916
 -10.000  -0.2277   0.00706   0.00252  -0.2042  0.1387  0.0040  -7.7752   0.0000  -0.6863
  -9.500  -0.1679   0.00690   0.00234  -0.2050  0.1334  0.0041  -7.0643   0.0000  -1.0205
  -9.000  -0.1081   0.00676   0.00218  -0.2058  0.1241  0.0041  -6.3830   0.0000  -1.7255
  -8.500  -0.0482   0.00664   0.00204  -0.2065  0.1238  0.0041  -5.7291   0.0000  -4.1825
  -8.000   0.0116   0.00653   0.00192  -0.2073  0.1235  0.0042  -5.1048   0.0000  18.6370
  -7.500   0.0715   0.00644   0.00181  -0.2080  0.1232  0.0042  -4.5101   0.0000   3.2473
  -6.500   0.1910   0.00629   0.00163  -0.2094  0.1227  0.0043  -3.6528   0.0000   1.3741
  -6.000   0.2500   0.00629   0.00158  -0.2099  0.1020  0.0043  -3.2786   0.0000   1.1091
  -5.500   0.3093   0.00627   0.00153  -0.2105  0.0990  0.0044  -2.9181   0.0000   0.9448
  -5.000   0.3686   0.00625   0.00149  -0.2111  0.0964  0.0044  -2.5726   0.0000   0.8335
  -4.500   0.4279   0.00624   0.00147  -0.2117  0.0924  0.0045  -2.2424   0.0000   0.7530
  -4.000   0.4870   0.00625   0.00146  -0.2123  0.0844  0.0045  -1.9282   0.0000   0.6921
  -3.500   0.5461   0.00626   0.00146  -0.2128  0.0843  0.0045  -1.6296   0.0000   0.6444
  -3.000   0.6050   0.00628   0.00147  -0.2133  0.0841  0.0046  -1.3467   0.0000   0.6061
  -2.500   0.6638   0.00631   0.00149  -0.2138  0.0839  0.0046  -1.0791   0.0000   0.5745
  -2.000   0.7211   0.00646   0.00156  -0.2140  0.0619  0.0051  -0.9614   0.0000   0.5482
  -1.500   0.7791   0.00655   0.00163  -0.2144  0.0483  0.0060  -1.0115   0.0000   0.5256
  -1.000   0.8370   0.00664   0.00169  -0.2147  0.0456  0.0070  -1.0638   0.0000   0.5062
  -0.500   0.8949   0.00673   0.00177  -0.2151  0.0431  0.0077  -1.1163   0.0000   0.4892
   0.000   0.9525   0.00683   0.00186  -0.2154  0.0408  0.0083  -1.1691   0.0000   0.4743
   0.500   1.0102   0.00692   0.00195  -0.2157  0.0386  0.0154  -1.2241   0.0000   0.4610
   1.000   1.0675   0.00703   0.00205  -0.2160  0.0416  0.0170  -1.2890   0.0000   0.4491
   1.500   1.1245   0.00716   0.00216  -0.2162  0.0406  0.0171  -1.3646   0.0000   0.4383
   2.500   1.2340   0.00776   0.00265  -0.2158  0.0017  0.0372  -1.5291   0.0000   0.4194
   3.500   1.3449   0.00818   0.00303  -0.2157  0.0013  0.0398  -1.7623   0.0000   0.4035
   4.000   1.3998   0.00841   0.00324  -0.2156  0.0013  0.0429  -1.9076   0.0000   0.3964
   4.500   1.4542   0.00865   0.00347  -0.2155  0.0013  0.0489  -2.0861   0.0000   0.3898
   5.500   1.5620   0.00918   0.00399  -0.2150  0.0013  0.0753  -2.4561   0.0000   0.3777
   6.000   1.6153   0.00946   0.00428  -0.2147  0.0012  0.1110  -2.6473   0.0000   0.3721
   6.500   1.6679   0.00977   0.00458  -0.2142  0.0012  0.1233  -2.8421   0.0000   0.3668
   7.000   1.7199   0.01009   0.00491  -0.2137  0.0012  0.1462  -3.0405   0.0000   0.3618
   7.500   1.7709   0.01045   0.00525  -0.2130  0.0012  0.1526  -3.2416   0.0000   0.3569
   8.000   1.8211   0.01083   0.00562  -0.2121  0.0012  0.1489  -3.4456   0.0000   0.3523
   8.500   1.8710   0.01121   0.00602  -0.2113  0.0012  0.1946  -3.6533   0.0000   0.3478
   9.500   1.9672   0.01207   0.00691  -0.2090  0.0012  0.2514  -4.2943   0.0000   0.3392
  10.000   2.0144   0.01253   0.00743  -0.2078  0.0011  0.3338  -4.8776   0.0000   0.3351
  10.500   2.0589   0.01304   0.00797  -0.2061  0.0011  0.3694  -5.4767   0.0000   0.3311
  11.000   2.0985   0.01363   0.00855  -0.2034  0.0011  0.3708  -6.0774   0.0000   0.3269
  11.500   2.1239   0.01430   0.00923  -0.1977  0.0011  0.3785  -6.6124   0.0000   0.3221
  12.000   2.1532   0.01508   0.01002  -0.1932  0.0010  0.3802  -7.1940   0.0000   0.3177
  12.500   2.1832   0.01597   0.01092  -0.1890  0.0010  0.3932  -7.8004   0.0000   0.3135
  13.000   2.2117   0.01700   0.01204  -0.1849  0.0010  0.4634  -8.4185   0.0000   0.3095
  13.500   2.2377   0.01823   0.01332  -0.1806  0.0009  0.4927  -9.0388   0.0000   0.3055
  14.000   2.2611   0.01970   0.01480  -0.1762  0.0008  0.4977  -9.6598   0.0000   0.3016
  15.000   2.2616   0.02621   0.02157  -0.1627  0.0014  0.5535  -10.5156   0.0000   0.2933
  15.500   2.2742   0.02912   0.02457  -0.1586  0.0019  0.5774  -11.1014   0.0000   0.2899
  16.000   2.2923   0.03188   0.02741  -0.1556  0.0023  0.6215  -11.7558   0.0000   0.2868
  16.500   2.2992   0.03569   0.03129  -0.1519  0.0027  0.6402  -12.3051   0.0000   0.2837
  17.000   2.3087   0.03935   0.03503  -0.1489  0.0030  0.6645  -12.8880   0.0000   0.2808
  17.500   2.3116   0.04401   0.03978  -0.1459  0.0036  0.6911  -13.4193   0.0000   0.2781
  18.000   2.3131   0.04923   0.04508  -0.1435  0.0039  0.7210  -13.9467   0.0000   0.2757
  18.500   2.3125   0.05506   0.05103  -0.1417  0.0042  0.7661  -14.4630   0.0000   0.2734
  19.000   2.3092   0.06149   0.05758  -0.1404  0.0043  0.8084  -14.9616   0.0000   0.2715


