xflr5 v6.59

 Calculated polar for: WORTMANN FX 63-137 AIRFOIL

 1 1 Reynolds number fixed          Mach number fixed         

 xtrf =   1.000 (top)        1.000 (bottom)
 Mach =   0.000     Re =     1.600 e 6     Ncrit =   9.000

  alpha     CL        CD       CDp       Cm    Top Xtr Bot Xtr   Cpmin    Chinge    XCp    
 ------- -------- --------- --------- -------- ------- ------- -------- --------- ---------
 -20.000   -0.4244   0.23035   0.22879   -0.0150   1.0000   0.0045   -1.4779   0.0000   0.1840   
 -19.900   -0.4214   0.22927   0.22770   -0.0156   1.0000   0.0045   -1.4793   0.0000   0.1825   
 -19.800   -0.4185   0.22819   0.22663   -0.0161   1.0000   0.0045   -1.4806   0.0000   0.1810   
 -19.700   -0.4156   0.22712   0.22556   -0.0166   1.0000   0.0045   -1.4820   0.0000   0.1795   
 -19.600   -0.4127   0.22606   0.22450   -0.0171   1.0000   0.0045   -1.4835   0.0000   0.1780   
 -19.500   -0.4097   0.22500   0.22344   -0.0176   1.0000   0.0045   -1.4849   0.0000   0.1765   
 -19.400   -0.4068   0.22394   0.22238   -0.0181   1.0000   0.0045   -1.4865   0.0000   0.1749   
 -19.300   -0.4040   0.22287   0.22132   -0.0186   1.0000   0.0045   -1.4881   0.0000   0.1734   
 -19.200   -0.4011   0.22178   0.22023   -0.0191   1.0000   0.0045   -1.4899   0.0000   0.1718   
 -19.100   -0.3983   0.22066   0.21911   -0.0196   1.0000   0.0045   -1.4918   0.0000   0.1703   
 -19.000   -0.3955   0.21949   0.21794   -0.0201   1.0000   0.0045   -1.4939   0.0000   0.1687   
 -18.900   -0.3928   0.21828   0.21674   -0.0206   1.0000   0.0045   -1.4962   0.0000   0.1672   
 -18.800   -0.3901   0.21706   0.21552   -0.0210   1.0000   0.0045   -1.4986   0.0000   0.1656   
 -18.700   -0.3874   0.21584   0.21430   -0.0215   1.0000   0.0045   -1.5010   0.0000   0.1640   
 -18.600   -0.3847   0.21462   0.21308   -0.0220   1.0000   0.0045   -1.5035   0.0000   0.1625   
 -18.500   -0.3820   0.21340   0.21186   -0.0224   1.0000   0.0045   -1.5061   0.0000   0.1609   
 -18.400   -0.3793   0.21217   0.21064   -0.0229   1.0000   0.0045   -1.5088   0.0000   0.1593   
 -18.300   -0.3767   0.21095   0.20942   -0.0233   1.0000   0.0045   -1.5116   0.0000   0.1576   
 -18.200   -0.3740   0.20972   0.20819   -0.0238   1.0000   0.0045   -1.5144   0.0000   0.1560   
 -18.100   -0.3714   0.20849   0.20696   -0.0242   1.0000   0.0045   -1.5174   0.0000   0.1544   
 -18.000   -0.3688   0.20726   0.20573   -0.0246   1.0000   0.0045   -1.5204   0.0000   0.1527   
 -17.900   -0.3662   0.20602   0.20450   -0.0251   1.0000   0.0046   -1.5235   0.0000   0.1511   
 -17.800   -0.3636   0.20479   0.20327   -0.0255   1.0000   0.0046   -1.5267   0.0000   0.1494   
 -17.700   -0.3610   0.20355   0.20204   -0.0259   1.0000   0.0046   -1.5300   0.0000   0.1477   
 -17.600   -0.3585   0.20232   0.20080   -0.0263   1.0000   0.0046   -1.5334   0.0000   0.1461   
 -17.500   -0.3559   0.20108   0.19957   -0.0267   1.0000   0.0046   -1.5369   0.0000   0.1444   
 -17.400   -0.3534   0.19984   0.19833   -0.0271   1.0000   0.0046   -1.5405   0.0000   0.1427   
 -17.300   -0.3509   0.19860   0.19710   -0.0275   1.0000   0.0046   -1.5442   0.0000   0.1411   
 -17.200   -0.3485   0.19736   0.19586   -0.0279   1.0000   0.0046   -1.5480   0.0000   0.1394   
 -17.100   -0.3460   0.19613   0.19463   -0.0283   1.0000   0.0046   -1.5519   0.0000   0.1377   
 -17.000   -0.3436   0.19489   0.19339   -0.0286   1.0000   0.0046   -1.5560   0.0000   0.1361   
 -16.900   -0.3412   0.19365   0.19215   -0.0290   1.0000   0.0046   -1.5601   0.0000   0.1344   
 -16.800   -0.3388   0.19241   0.19091   -0.0294   1.0000   0.0046   -1.5644   0.0000   0.1327   
 -16.700   -0.3365   0.19116   0.18967   -0.0297   1.0000   0.0046   -1.5688   0.0000   0.1311   
 -16.600   -0.3342   0.18992   0.18843   -0.0301   1.0000   0.0046   -1.5733   0.0000   0.1294   
 -16.500   -0.3319   0.18868   0.18719   -0.0304   1.0000   0.0046   -1.5779   0.0000   0.1278   
 -16.400   -0.3296   0.18743   0.18595   -0.0307   1.0000   0.0046   -1.5825   0.0000   0.1261   
 -16.300   -0.3273   0.18619   0.18471   -0.0311   1.0000   0.0046   -1.5872   0.0000   0.1245   
 -16.200   -0.3251   0.18494   0.18347   -0.0314   1.0000   0.0046   -1.5920   0.0000   0.1228   
 -16.100   -0.3229   0.18369   0.18222   -0.0317   1.0000   0.0046   -1.5970   0.0000   0.1212   
 -16.000   -0.3207   0.18244   0.18097   -0.0320   1.0000   0.0046   -1.6022   0.0000   0.1195   
 -15.800   -0.3089   0.17884   0.17737   -0.0352   0.9996   0.0046   -1.6103   0.0000   0.1046   
 -15.700   -0.3015   0.17682   0.17533   -0.0373   0.9993   0.0046   -1.6142   0.0000   0.0942   
 -13.600   -0.4852   0.08291   0.08126   -0.0831   0.9958   0.0072   -8.1400   0.0000   0.0513   
 -13.500   -0.6165   0.05519   0.05323   -0.1044   0.9928   0.0069   -10.4484   0.0000   0.0567   
 -13.400   -0.6317   0.04893   0.04686   -0.1114   0.9913   0.0069   -10.7480   0.0000   0.0503   
 -13.300   -0.6398   0.04442   0.04225   -0.1169   0.9894   0.0069   -10.9112   0.0000   0.0443   
 -13.200   -0.6457   0.04091   0.03867   -0.1211   0.9861   0.0069   -11.0123   0.0000   0.0399   
 -13.100   -0.6468   0.03746   0.03512   -0.1264   0.9838   0.0069   -11.0717   0.0000   0.0323   
 -13.000   -0.6513   0.03517   0.03277   -0.1287   0.9780   0.0069   -11.1113   0.0000   0.0306   
 -12.900   -0.6504   0.03267   0.03018   -0.1326   0.9738   0.0069   -11.1158   0.0000   0.0246   
 -12.800   -0.6526   0.03074   0.02819   -0.1346   0.9646   0.0069   -11.1202   0.0000   0.0227   
 -12.700   -0.6436   0.02835   0.02570   -0.1396   0.9599   0.0069   -11.0545   0.0000   0.0120   
 -12.600   -0.6307   0.02616   0.02340   -0.1451   0.9542   0.0069   -10.9532   0.0000   -0.0012   
 -12.500   -0.6107   0.02402   0.02113   -0.1518   0.9505   0.0069   -10.7968   0.0000   -0.0200   
 -12.400   -0.5870   0.02211   0.01909   -0.1588   0.9471   0.0069   -10.6055   0.0000   -0.0423   
 -12.300   -0.5613   0.02046   0.01731   -0.1655   0.9424   0.0069   -10.3930   0.0000   -0.0673   
 -12.200   -0.5335   0.01904   0.01575   -0.1722   0.9376   0.0069   -10.1583   0.0000   -0.0959   
 -12.100   -0.5076   0.01794   0.01453   -0.1776   0.9315   0.0069   -9.9293   0.0000   -0.1238   
 -12.000   -0.4871   0.01718   0.01364   -0.1811   0.9218   0.0069   -9.7296   0.0000   -0.1463   
 -11.900   -0.4702   0.01660   0.01293   -0.1834   0.9110   0.0069   -9.5519   0.0000   -0.1651   
 -11.700   -0.4453   0.01573   0.01185   -0.1858   0.8887   0.0069   -9.2538   0.0000   -0.1928   
 -11.600   -0.4346   0.01538   0.01139   -0.1864   0.8786   0.0069   -9.1148   0.0000   -0.2047   
 -11.500   -0.4241   0.01504   0.01097   -0.1869   0.8705   0.0069   -8.9768   0.0000   -0.2169   
 -11.400   -0.4137   0.01473   0.01058   -0.1873   0.8608   0.0069   -8.8395   0.0000   -0.2292   
 -11.300   -0.4037   0.01446   0.01022   -0.1876   0.8517   0.0069   -8.7048   0.0000   -0.2414   
 -11.200   -0.3930   0.01418   0.00987   -0.1880   0.8444   0.0069   -8.5657   0.0000   -0.2554   
 -11.100   -0.3827   0.01393   0.00954   -0.1883   0.8366   0.0069   -8.4292   0.0000   -0.2693   
 -11.000   -0.3725   0.01370   0.00923   -0.1885   0.8290   0.0069   -8.2942   0.0000   -0.2836   
 -10.900   -0.3612   0.01345   0.00892   -0.1889   0.8237   0.0068   -8.1524   0.0000   -0.3009   
 -10.800   -0.3502   0.01323   0.00864   -0.1892   0.8169   0.0068   -8.0129   0.0000   -0.3186   
 -10.700   -0.3397   0.01304   0.00837   -0.1894   0.8093   0.0068   -7.8766   0.0000   -0.3364   
 -10.600   -0.3290   0.01285   0.00812   -0.1895   0.8028   0.0068   -7.7398   0.0000   -0.3556   
 -10.500   -0.3176   0.01265   0.00786   -0.1899   0.7982   0.0068   -7.5992   0.0000   -0.3779   
 -10.400   -0.3063   0.01246   0.00763   -0.1901   0.7932   0.0068   -7.4600   0.0000   -0.4015   
 -10.300   -0.2952   0.01230   0.00740   -0.1904   0.7878   0.0068   -7.3227   0.0000   -0.4263   
 -10.200   -0.2843   0.01215   0.00718   -0.1905   0.7821   0.0068   -7.1873   0.0000   -0.4523   
 -10.100   -0.2730   0.01199   0.00697   -0.1908   0.7772   0.0068   -7.0502   0.0000   -0.4817   
 -10.000   -0.2610   0.01181   0.00677   -0.1911   0.7747   0.0067   -6.9100   0.0000   -0.5161   
 -9.900   -0.2491   0.01165   0.00657   -0.1914   0.7715   0.0067   -6.7712   0.0000   -0.5534   
 -9.800   -0.2374   0.01149   0.00638   -0.1917   0.7675   0.0067   -6.6355   0.0000   -0.5940   
 -9.700   -0.2258   0.01135   0.00620   -0.1920   0.7629   0.0067   -6.5192   0.0000   -0.6380   
 -9.600   -0.2143   0.01122   0.00602   -0.1922   0.7577   0.0067   -6.4046   0.0000   -0.6856   
 -9.500   -0.2031   0.01109   0.00585   -0.1924   0.7522   0.0067   -6.2914   0.0000   -0.7377   
 -9.400   -0.1913   0.01095   0.00569   -0.1926   0.7485   0.0067   -6.1764   0.0000   -0.7991   
 -9.300   -0.1794   0.01080   0.00550   -0.1930   0.7452   0.0066   -6.0619   0.0000   -0.8701   
 -9.200   -0.1674   0.01066   0.00534   -0.1933   0.7423   0.0066   -5.9463   0.0000   -0.9512   
 -9.100   -0.1555   0.01053   0.00519   -0.1935   0.7395   0.0066   -5.8316   0.0000   -1.0444   
 -9.000   -0.1436   0.01041   0.00505   -0.1938   0.7369   0.0066   -5.7179   0.0000   -1.1527   
 -8.900   -0.1317   0.01030   0.00492   -0.1940   0.7344   0.0066   -5.6052   0.0000   -1.2803   
 -8.800   -0.1198   0.01020   0.00478   -0.1943   0.7319   0.0066   -5.4936   0.0000   -1.4328   
 -8.700   -0.1080   0.01011   0.00466   -0.1945   0.7294   0.0066   -5.3830   0.0000   -1.6179   
 -8.600   -0.0962   0.01002   0.00454   -0.1947   0.7266   0.0066   -5.2733   0.0000   -1.8480   
 -8.500   -0.0845   0.00993   0.00442   -0.1949   0.7230   0.0066   -5.1648   0.0000   -2.1409   
 -8.400   -0.0725   0.00984   0.00430   -0.1951   0.7204   0.0066   -5.0559   0.0000   -2.5383   
 -8.300   -0.0603   0.00974   0.00419   -0.1954   0.7186   0.0066   -4.9471   0.0000   -3.1048   
 -8.200   -0.0482   0.00965   0.00408   -0.1956   0.7159   0.0066   -4.8394   0.0000   -3.9515   
 -8.100   -0.0362   0.00957   0.00398   -0.1958   0.7117   0.0066   -4.7333   0.0000   -5.3440   
 -8.000   -0.0245   0.00951   0.00388   -0.1960   0.7051   0.0066   -4.6294   0.0000   -8.0046   
 -7.900   -0.0134   0.00948   0.00378   -0.1960   0.6962   0.0067   -4.5287   0.0000   -14.8414   
 -7.800   -0.0020   0.00943   0.00369   -0.1961   0.6890   0.0067   -4.4276   0.0000   -99.6805   
 -7.700   0.0097   0.00937   0.00360   -0.1963   0.6840   0.0067   -4.3256   0.0000   21.0271   
 -7.600   0.0215   0.00932   0.00352   -0.1964   0.6790   0.0067   -4.2248   0.0000   9.6892   
 -7.500   0.0331   0.00927   0.00344   -0.1966   0.6743   0.0067   -4.1249   0.0000   6.3676   
 -7.400   0.0448   0.00923   0.00336   -0.1967   0.6700   0.0067   -4.0259   0.0000   4.7742   
 -7.300   0.0566   0.00918   0.00328   -0.1968   0.6663   0.0067   -3.9407   0.0000   3.8335   
 -7.200   0.0684   0.00913   0.00321   -0.1970   0.6627   0.0067   -3.8658   0.0000   3.2136   
 -7.100   0.0804   0.00907   0.00314   -0.1972   0.6603   0.0067   -3.7908   0.0000   2.7721   
 -7.000   0.0926   0.00901   0.00307   -0.1975   0.6592   0.0067   -3.7156   0.0000   2.4420   
 -6.900   0.1048   0.00894   0.00298   -0.1977   0.6583   0.0067   -3.6406   0.0000   2.1886   
 -6.800   0.1170   0.00888   0.00292   -0.1979   0.6569   0.0067   -3.5657   0.0000   1.9884   
 -6.700   0.1291   0.00883   0.00286   -0.1981   0.6551   0.0067   -3.4910   0.0000   1.8263   
 -6.600   0.1411   0.00878   0.00280   -0.1983   0.6526   0.0067   -3.4161   0.0000   1.6925   
 -6.500   0.1530   0.00874   0.00275   -0.1985   0.6490   0.0067   -3.3409   0.0000   1.5805   
 -6.400   0.1648   0.00871   0.00270   -0.1986   0.6436   0.0067   -3.2639   0.0000   1.4862   
 -6.300   0.1761   0.00871   0.00267   -0.1987   0.6368   0.0067   -3.1816   0.0000   1.4064   
 -6.200   0.1871   0.00874   0.00268   -0.1986   0.6298   0.0067   -3.0868   0.0000   1.3376   
 -6.100   0.1979   0.00882   0.00280   -0.1985   0.6259   0.0067   -2.9610   0.0000   1.2774   
 -6.000   0.2089   0.00887   0.00288   -0.1985   0.6221   0.0067   -2.8563   0.0000   1.2227   
 -5.900   0.2204   0.00886   0.00288   -0.1985   0.6182   0.0067   -2.7786   0.0000   1.1718   
 -5.800   0.2319   0.00886   0.00286   -0.1986   0.6140   0.0067   -2.7059   0.0000   1.1259   
 -5.700   0.2434   0.00885   0.00285   -0.1987   0.6097   0.0067   -2.6359   0.0000   1.0845   
 -5.600   0.2549   0.00885   0.00282   -0.1988   0.6049   0.0067   -2.5680   0.0000   1.0469   
 -5.500   0.2665   0.00884   0.00279   -0.1989   0.6000   0.0067   -2.5016   0.0000   1.0122   
 -5.400   0.2784   0.00881   0.00276   -0.1990   0.5969   0.0067   -2.4362   0.0000   0.9800   
 -5.300   0.2903   0.00878   0.00273   -0.1992   0.5954   0.0067   -2.3719   0.0000   0.9502   
 -5.200   0.3023   0.00875   0.00269   -0.1994   0.5934   0.0068   -2.3088   0.0000   0.9228   
 -5.100   0.3142   0.00872   0.00266   -0.1995   0.5904   0.0068   -2.2468   0.0000   0.8975   
 -5.000   0.3259   0.00871   0.00263   -0.1996   0.5851   0.0068   -2.1861   0.0000   0.8743   
 -4.900   0.3372   0.00872   0.00260   -0.1997   0.5756   0.0068   -2.1273   0.0000   0.8533   
 -4.800   0.3481   0.00877   0.00259   -0.1996   0.5644   0.0069   -2.0700   0.0000   0.8341   
 -4.700   0.3596   0.00877   0.00257   -0.1997   0.5590   0.0069   -2.0114   0.0000   0.8153   
 -4.600   0.3711   0.00877   0.00255   -0.1998   0.5538   0.0070   -1.9527   0.0000   0.7978   
 -4.500   0.3825   0.00879   0.00254   -0.1998   0.5487   0.0070   -1.8935   0.0000   0.7814   
 -4.300   0.4118   0.00831   0.00184   -0.2014   0.5366   0.0116   -2.1011   0.0000   0.7469   
 -4.200   0.4234   0.00832   0.00188   -0.2015   0.5323   0.0139   -2.0191   0.0000   0.7334   
 -4.100   0.4346   0.00836   0.00195   -0.2015   0.5306   0.0150   -1.9136   0.0000   0.7207   
 -4.000   0.4455   0.00841   0.00204   -0.2014   0.5285   0.0157   -1.8079   0.0000   0.7088   
 -3.900   0.4564   0.00846   0.00213   -0.2014   0.5253   0.0162   -1.7083   0.0000   0.6975   
 -3.600   0.4869   0.00878   0.00253   -0.2009   0.4976   0.0195   -1.4436   0.0000   0.6679   
 -3.500   0.4989   0.00876   0.00246   -0.2011   0.4924   0.0197   -1.3985   0.0000   0.6581   
 -3.400   0.5108   0.00874   0.00241   -0.2013   0.4870   0.0199   -1.3532   0.0000   0.6487   
 -3.300   0.5225   0.00874   0.00236   -0.2014   0.4813   0.0201   -1.3082   0.0000   0.6399   
 -3.200   0.5341   0.00875   0.00232   -0.2015   0.4749   0.0202   -1.2634   0.0000   0.6314   
 -3.100   0.5460   0.00874   0.00228   -0.2017   0.4688   0.0203   -1.2184   0.0000   0.6232   
 -3.000   0.5581   0.00871   0.00223   -0.2019   0.4662   0.0204   -1.1730   0.0000   0.6153   
 -2.900   0.5702   0.00868   0.00218   -0.2021   0.4642   0.0204   -1.1279   0.0000   0.6077   
 -2.800   0.5822   0.00866   0.00214   -0.2023   0.4616   0.0204   -1.0831   0.0000   0.6005   
 -2.700   0.5941   0.00865   0.00211   -0.2024   0.4567   0.0203   -1.0390   0.0000   0.5935   
 -2.600   0.6053   0.00870   0.00210   -0.2024   0.4454   0.0202   -0.9963   0.0000   0.5871   
 -2.500   0.6160   0.00879   0.00211   -0.2024   0.4317   0.0201   -0.9548   0.0000   0.5809   
 -2.400   0.6275   0.00881   0.00209   -0.2024   0.4265   0.0198   -0.9114   0.0000   0.5748   
 -2.300   0.6391   0.00883   0.00206   -0.2025   0.4219   0.0192   -0.8997   0.0000   0.5689   
 -2.200   0.6505   0.00886   0.00205   -0.2026   0.4169   0.0192   -0.9082   0.0000   0.5632   
 -2.100   0.6619   0.00889   0.00204   -0.2026   0.4113   0.0192   -0.9167   0.0000   0.5577   
 -2.000   0.6734   0.00891   0.00203   -0.2027   0.4057   0.0192   -0.9252   0.0000   0.5524   
 -1.900   0.6851   0.00891   0.00201   -0.2028   0.4021   0.0192   -0.9339   0.0000   0.5472   
 -1.800   0.6970   0.00891   0.00199   -0.2030   0.4007   0.0192   -0.9427   0.0000   0.5422   
 -1.700   0.7088   0.00891   0.00198   -0.2031   0.3984   0.0195   -0.9515   0.0000   0.5374   
 -1.600   0.7203   0.00893   0.00197   -0.2031   0.3930   0.0198   -0.9612   0.0000   0.5327   
 -1.500   0.7298   0.00911   0.00203   -0.2029   0.3700   0.0202   -0.9701   0.0000   0.5285   
 -1.400   0.7407   0.00918   0.00205   -0.2028   0.3611   0.0205   -0.9798   0.0000   0.5242   
 -1.300   0.7514   0.00927   0.00207   -0.2028   0.3521   0.0208   -0.9894   0.0000   0.5200   
 -1.200   0.7622   0.00935   0.00209   -0.2027   0.3416   0.0210   -0.9991   0.0000   0.5159   
 -1.100   0.7738   0.00937   0.00210   -0.2028   0.3376   0.0211   -1.0094   0.0000   0.5119   
 -1.000   0.7853   0.00939   0.00210   -0.2029   0.3342   0.0210   -1.0196   0.0000   0.5080   
 -0.900   0.7966   0.00942   0.00211   -0.2029   0.3287   0.0209   -1.0299   0.0000   0.5042   
 -0.800   0.8057   0.00964   0.00221   -0.2026   0.3044   0.0208   -1.0390   0.0000   0.5007   
 -0.700   0.8166   0.00972   0.00225   -0.2025   0.2974   0.0207   -1.0491   0.0000   0.4972   
 -0.600   0.8274   0.00979   0.00228   -0.2025   0.2917   0.0206   -1.0593   0.0000   0.4937   
 -0.500   0.8384   0.00985   0.00230   -0.2025   0.2861   0.0205   -1.0694   0.0000   0.4903   
 -0.400   0.8496   0.00989   0.00233   -0.2025   0.2806   0.0204   -1.0796   0.0000   0.4870   
 -0.300   0.8610   0.00991   0.00234   -0.2025   0.2782   0.0203   -1.0901   0.0000   0.4838   
 -0.200   0.8725   0.00993   0.00236   -0.2026   0.2768   0.0203   -1.1008   0.0000   0.4806   
 -0.100   0.8838   0.00997   0.00238   -0.2026   0.2735   0.0202   -1.1119   0.0000   0.4775   
 0.000   0.8932   0.01016   0.00249   -0.2023   0.2530   0.0202   -1.1269   0.0000   0.4746   
 0.100   0.9032   0.01029   0.00256   -0.2021   0.2423   0.0202   -1.1351   0.0000   0.4718   
 0.200   0.9136   0.01040   0.00263   -0.2020   0.2350   0.0202   -1.1377   0.0000   0.4689   
 0.300   0.9244   0.01048   0.00267   -0.2019   0.2293   0.0202   -1.1428   0.0000   0.4661   
 0.400   0.9354   0.01053   0.00271   -0.2019   0.2242   0.0202   -1.1529   0.0000   0.4634   
 0.500   0.9466   0.01056   0.00274   -0.2019   0.2217   0.0203   -1.1652   0.0000   0.4607   
 0.600   0.9579   0.01059   0.00277   -0.2020   0.2207   0.0204   -1.1777   0.0000   0.4581   
 0.700   0.9692   0.01062   0.00280   -0.2020   0.2193   0.0206   -1.1903   0.0000   0.4555   
 0.800   0.9803   0.01066   0.00283   -0.2020   0.2172   0.0210   -1.2031   0.0000   0.4530   
 0.900   0.9897   0.01078   0.00283   -0.2016   0.2151   0.0246   -1.2149   0.0000   0.4505   
 1.000   1.0013   0.01086   0.00304   -0.2018   0.1990   0.0368   -1.2325   0.0000   0.4482   
 1.100   1.0116   0.01096   0.00311   -0.2017   0.1928   0.0378   -1.2448   0.0000   0.4459   
 1.200   1.0223   0.01103   0.00316   -0.2016   0.1894   0.0383   -1.2552   0.0000   0.4436   
 1.300   1.0329   0.01111   0.00322   -0.2015   0.1860   0.0396   -1.2638   0.0000   0.4414   
 1.400   1.0435   0.01119   0.00328   -0.2014   0.1826   0.0413   -1.2739   0.0000   0.4392   
 1.500   1.0542   0.01126   0.00333   -0.2013   0.1787   0.0435   -1.2883   0.0000   0.4370   
 1.600   1.0649   0.01133   0.00338   -0.2013   0.1746   0.0463   -1.3026   0.0000   0.4349   
 1.700   1.0758   0.01138   0.00344   -0.2012   0.1710   0.0485   -1.3170   0.0000   0.4328   
 1.800   1.0869   0.01142   0.00349   -0.2013   0.1698   0.0506   -1.3319   0.0000   0.4307   
 1.900   1.0983   0.01144   0.00354   -0.2013   0.1690   0.0627   -1.3472   0.0000   0.4287   
 2.000   1.1093   0.01148   0.00358   -0.2013   0.1680   0.0652   -1.3624   0.0000   0.4268   
 2.100   1.1203   0.01153   0.00363   -0.2013   0.1667   0.0672   -1.3777   0.0000   0.4248   
 2.200   1.1311   0.01158   0.00368   -0.2013   0.1644   0.0739   -1.3933   0.0000   0.4229   
 2.300   1.1420   0.01166   0.00378   -0.2013   0.1556   0.0999   -1.4115   0.0000   0.4211   
 2.400   1.1566   0.01161   0.00395   -0.2024   0.1443   0.2462   -1.4317   0.0000   0.4197   
 2.500   1.1680   0.01165   0.00403   -0.2026   0.1414   0.2748   -1.4452   0.0000   0.4180   
 2.600   1.1795   0.01170   0.00411   -0.2028   0.1384   0.3073   -1.4571   0.0000   0.4164   
 2.700   1.1907   0.01176   0.00420   -0.2029   0.1355   0.3306   -1.4743   0.0000   0.4147   
 2.800   1.2023   0.01179   0.00429   -0.2031   0.1321   0.3648   -1.4928   0.0000   0.4131   
 2.900   1.2131   0.01185   0.00436   -0.2031   0.1286   0.3778   -1.5121   0.0000   0.4114   
 3.000   1.2243   0.01190   0.00444   -0.2031   0.1255   0.3953   -1.5342   0.0000   0.4098   
 3.100   1.2355   0.01194   0.00451   -0.2032   0.1239   0.4126   -1.5565   0.0000   0.4082   
 3.200   1.2466   0.01198   0.00459   -0.2032   0.1230   0.4283   -1.5789   0.0000   0.4066   
 3.300   1.2571   0.01205   0.00466   -0.2032   0.1213   0.4350   -1.6007   0.0000   0.4051   
 3.400   1.2676   0.01214   0.00476   -0.2031   0.1164   0.4472   -1.6227   0.0000   0.4035   
 3.500   1.2753   0.01244   0.00498   -0.2025   0.1003   0.4564   -1.6422   0.0000   0.4020   
 3.600   1.2847   0.01260   0.00510   -0.2022   0.0956   0.4637   -1.6633   0.0000   0.4004   
 3.700   1.2943   0.01274   0.00522   -0.2020   0.0900   0.4702   -1.6844   0.0000   0.3989   
 3.800   1.3046   0.01283   0.00533   -0.2019   0.0851   0.4799   -1.7060   0.0000   0.3975   
 3.900   1.3149   0.01291   0.00541   -0.2017   0.0839   0.4849   -1.7347   0.0000   0.3960   
 4.000   1.3259   0.01294   0.00547   -0.2017   0.0878   0.4891   -1.7684   0.0000   0.3946   
 4.100   1.3360   0.01302   0.00557   -0.2015   0.0848   0.4949   -1.8010   0.0000   0.3931   
 4.200   1.3462   0.01310   0.00565   -0.2014   0.0840   0.4986   -1.8341   0.0000   0.3917   
 4.300   1.3563   0.01319   0.00574   -0.2012   0.0832   0.5029   -1.8674   0.0000   0.3903   
 4.400   1.3666   0.01327   0.00584   -0.2011   0.0818   0.5102   -1.9009   0.0000   0.3890   
 4.500   1.3766   0.01336   0.00595   -0.2009   0.0796   0.5184   -1.9344   0.0000   0.3877   
 4.600   1.3846   0.01361   0.00616   -0.2004   0.0672   0.5264   -1.9646   0.0000   0.3863   
 4.700   1.3939   0.01375   0.00628   -0.2001   0.0652   0.5325   -1.9969   0.0000   0.3849   
 4.800   1.4036   0.01387   0.00640   -0.1999   0.0635   0.5446   -2.0301   0.0000   0.3836   
 4.900   1.4132   0.01399   0.00652   -0.1996   0.0617   0.5550   -2.0631   0.0000   0.3823   
 5.000   1.4226   0.01411   0.00664   -0.1993   0.0598   0.5619   -2.0960   0.0000   0.3811   
 5.100   1.4319   0.01423   0.00675   -0.1990   0.0577   0.5653   -2.1288   0.0000   0.3798   
 5.200   1.4415   0.01434   0.00686   -0.1988   0.0556   0.5714   -2.1621   0.0000   0.3785   
 5.300   1.4510   0.01445   0.00698   -0.1985   0.0538   0.5777   -2.1955   0.0000   0.3773   
 5.400   1.4606   0.01456   0.00710   -0.1983   0.0521   0.5834   -2.2289   0.0000   0.3761   
 5.500   1.4701   0.01466   0.00722   -0.1980   0.0516   0.5891   -2.2638   0.0000   0.3748   
 5.600   1.4795   0.01476   0.00734   -0.1977   0.0513   0.5945   -2.2991   0.0000   0.3736   
 5.800   1.4983   0.01498   0.00759   -0.1972   0.0501   0.6100   -2.3698   0.0000   0.3713   
 5.900   1.5075   0.01510   0.00773   -0.1968   0.0493   0.6183   -2.4050   0.0000   0.3701   
 6.000   1.5164   0.01523   0.00787   -0.1965   0.0484   0.6251   -2.4398   0.0000   0.3689   
 6.100   1.5236   0.01546   0.00810   -0.1958   0.0445   0.6309   -2.4738   0.0000   0.3677   
 6.200   1.5317   0.01563   0.00828   -0.1953   0.0420   0.6386   -2.5079   0.0000   0.3665   
 6.300   1.5399   0.01578   0.00843   -0.1948   0.0399   0.6441   -2.5419   0.0000   0.3654   
 6.400   1.5480   0.01591   0.00858   -0.1943   0.0384   0.6488   -2.5752   0.0000   0.3642   
 6.500   1.5558   0.01604   0.00871   -0.1937   0.0380   0.6532   -2.6090   0.0000   0.3630   
 6.600   1.5634   0.01616   0.00884   -0.1930   0.0377   0.6571   -2.6428   0.0000   0.3619   
 6.700   1.5711   0.01629   0.00897   -0.1924   0.0374   0.6602   -2.6768   0.0000   0.3607   
 6.900   1.5866   0.01656   0.00926   -0.1913   0.0365   0.6714   -2.7459   0.0000   0.3584   
 7.000   1.5941   0.01670   0.00942   -0.1906   0.0358   0.6763   -2.7805   0.0000   0.3573   
 7.100   1.6014   0.01686   0.00958   -0.1900   0.0349   0.6808   -2.8152   0.0000   0.3562   
 7.200   1.6085   0.01703   0.00975   -0.1893   0.0338   0.6849   -2.8498   0.0000   0.3551   
 7.300   1.6100   0.01749   0.01013   -0.1877   0.0256   0.6882   -2.8836   0.0000   0.3538   
 7.400   1.6150   0.01777   0.01039   -0.1866   0.0226   0.6910   -2.9068   0.0000   0.3526   
 7.500   1.6200   0.01806   0.01067   -0.1856   0.0197   0.6962   -2.9243   0.0000   0.3515   
 7.600   1.6266   0.01826   0.01088   -0.1849   0.0171   0.7019   -2.9506   0.0000   0.3504   
 7.700   1.6334   0.01846   0.01109   -0.1842   0.0162   0.7071   -2.9822   0.0000   0.3493   
 7.800   1.6379   0.01879   0.01142   -0.1831   0.0127   0.7120   -3.0126   0.0000   0.3482   
 7.900   1.6370   0.01943   0.01205   -0.1811   0.0045   0.7164   -3.0359   0.0000   0.3469   
 8.000   1.6430   0.01968   0.01231   -0.1803   0.0043   0.7208   -3.0686   0.0000   0.3458   
 8.100   1.6492   0.01993   0.01258   -0.1796   0.0041   0.7280   -3.1019   0.0000   0.3448   
 8.200   1.6554   0.02018   0.01284   -0.1789   0.0038   0.7356   -3.1350   0.0000   0.3437   
 8.300   1.6617   0.02041   0.01308   -0.1781   0.0036   0.7428   -3.1671   0.0000   0.3427   
 8.400   1.6680   0.02064   0.01333   -0.1774   0.0032   0.7491   -3.1980   0.0000   0.3417   
 8.500   1.6745   0.02087   0.01358   -0.1768   0.0028   0.7575   -3.2292   0.0000   0.3407   
 8.600   1.6810   0.02111   0.01388   -0.1761   0.0033   0.7664   -3.2636   0.0000   0.3398   
 8.700   1.6872   0.02137   0.01415   -0.1754   0.0031   0.7748   -3.2953   0.0000   0.3388   
 8.800   1.6935   0.02162   0.01443   -0.1748   0.0027   0.7844   -3.3265   0.0000   0.3378   
 8.900   1.7001   0.02187   0.01470   -0.1742   0.0022   0.7954   -3.3581   0.0000   0.3369   
 9.600   1.7352   0.02381   0.01702   -0.1682   0.0014   1.0000   -3.5694   0.0000   0.3301   
 9.700   1.7405   0.02417   0.01739   -0.1675   0.0014   1.0000   -3.6004   0.0000   0.3292   
 9.800   1.7458   0.02453   0.01777   -0.1668   0.0014   1.0000   -3.6316   0.0000   0.3283   
 9.900   1.7509   0.02491   0.01817   -0.1661   0.0014   1.0000   -3.6676   0.0000   0.3274   
 10.000   1.7556   0.02531   0.01860   -0.1654   0.0014   1.0000   -3.7058   0.0000   0.3265   
 10.100   1.7603   0.02571   0.01903   -0.1646   0.0014   1.0000   -3.7440   0.0000   0.3257   
 10.200   1.7650   0.02612   0.01946   -0.1639   0.0014   1.0000   -3.7823   0.0000   0.3248   
 10.300   1.7694   0.02656   0.01992   -0.1631   0.0014   1.0000   -3.8198   0.0000   0.3240   
 10.400   1.7735   0.02702   0.02041   -0.1624   0.0014   1.0000   -3.8567   0.0000   0.3231   
 10.500   1.7777   0.02749   0.02090   -0.1616   0.0014   1.0000   -3.8938   0.0000   0.3223   
 10.600   1.7821   0.02796   0.02139   -0.1609   0.0014   1.0000   -3.9312   0.0000   0.3215   
 10.700   1.7863   0.02845   0.02190   -0.1602   0.0015   1.0000   -3.9682   0.0000   0.3207   
 10.800   1.7901   0.02898   0.02245   -0.1595   0.0015   1.0000   -4.0041   0.0000   0.3199   
 10.900   1.7939   0.02951   0.02301   -0.1588   0.0015   1.0000   -4.0400   0.0000   0.3191   
 11.000   1.7978   0.03005   0.02357   -0.1581   0.0015   1.0000   -4.0765   0.0000   0.3183   
 11.100   1.8016   0.03060   0.02416   -0.1574   0.0016   1.0000   -4.1121   0.0000   0.3175   
 11.200   1.8047   0.03121   0.02481   -0.1567   0.0016   1.0000   -4.1464   0.0000   0.3167   
 11.300   1.8078   0.03183   0.02545   -0.1559   0.0016   1.0000   -4.1809   0.0000   0.3160   
 11.400   1.8112   0.03244   0.02608   -0.1553   0.0016   1.0000   -4.2162   0.0000   0.3152   
 11.500   1.8147   0.03305   0.02672   -0.1546   0.0017   1.0000   -4.2518   0.0000   0.3145   
 11.600   1.8175   0.03372   0.02741   -0.1539   0.0017   1.0000   -4.2860   0.0000   0.3138   
 11.700   1.8200   0.03442   0.02814   -0.1532   0.0017   1.0000   -4.3192   0.0000   0.3131   
 11.800   1.8228   0.03511   0.02886   -0.1526   0.0018   1.0000   -4.3612   0.0000   0.3124   
 11.900   1.8257   0.03579   0.02956   -0.1519   0.0018   1.0000   -4.4268   0.0000   0.3117   
 12.000   1.8284   0.03650   0.03030   -0.1513   0.0019   1.0000   -4.4916   0.0000   0.3110   
 12.100   1.8303   0.03729   0.03112   -0.1506   0.0019   1.0000   -4.5529   0.0000   0.3103   
 12.200   1.8324   0.03807   0.03192   -0.1500   0.0019   1.0000   -4.6158   0.0000   0.3096   
 12.300   1.8349   0.03882   0.03270   -0.1494   0.0020   1.0000   -4.6803   0.0000   0.3090   
 12.400   1.8374   0.03958   0.03348   -0.1488   0.0020   1.0000   -4.7454   0.0000   0.3083   
 12.500   1.8396   0.04036   0.03429   -0.1482   0.0021   1.0000   -4.8092   0.0000   0.3077   
 12.600   1.8407   0.04127   0.03523   -0.1476   0.0022   1.0000   -4.8673   0.0000   0.3071   
 12.700   1.8418   0.04217   0.03616   -0.1469   0.0022   1.0000   -4.9255   0.0000   0.3065   
 12.800   1.8431   0.04304   0.03706   -0.1463   0.0023   1.0000   -4.9846   0.0000   0.3058   
 12.900   1.8446   0.04391   0.03796   -0.1457   0.0024   1.0000   -5.0437   0.0000   0.3052   
 13.000   1.8453   0.04488   0.03896   -0.1451   0.0025   1.0000   -5.0983   0.0000   0.3046   
 13.100   1.8453   0.04596   0.04008   -0.1445   0.0026   1.0000   -5.1472   0.0000   0.3041   
 13.200   1.8461   0.04696   0.04112   -0.1440   0.0027   1.0000   -5.1970   0.0000   0.3035   
 13.300   1.8486   0.04780   0.04197   -0.1435   0.0029   1.0000   -5.2433   0.0000   0.3029   
 13.400   1.8560   0.04813   0.04226   -0.1433   0.0034   1.0000   -5.2886   0.0000   0.3023   
 13.500   1.8641   0.04836   0.04247   -0.1431   0.0038   1.0000   -5.3492   0.0000   0.3016   
 13.600   1.8740   0.04841   0.04252   -0.1430   0.0042   1.0000   -5.4245   0.0000   0.3009   
 13.700   1.8840   0.04846   0.04258   -0.1429   0.0044   1.0000   -5.4982   0.0000   0.3002   
