XFLR5 v6.02 Beta

 Calculated polar for: WORTMANN FX 63-137

 1 1 Reynolds number fixed          Mach number fixed         

 xtrf =   1.000 (top)        1.000 (bottom)
 Mach =   0.000     Re =    38.250 e 6     Ncrit =   9.000

  alpha     CL        CD       CDp       CM    Top Xtr Bot Xtr   Cpmin    Chinge    XCp    
 ------- -------- --------- --------- -------- ------- ------- -------- --------- ---------
 -21.500  -1.1667   0.05513   0.05201  -0.1496  0.5311  0.0019  -25.9858   0.0000   0.0859
 -21.000  -1.2054   0.04414   0.04088  -0.1584  0.5309  0.0019  -26.3705   0.0000   0.0848
 -20.500  -1.2251   0.03607   0.03265  -0.1648  0.4962  0.0019  -26.3581   0.0000   0.0835
 -20.000  -1.2326   0.02990   0.02637  -0.1696  0.4865  0.0019  -26.0970   0.0000   0.0821
 -19.500  -1.2233   0.02571   0.02212  -0.1725  0.4807  0.0020  -25.5395   0.0000   0.0800
 -19.000  -1.2108   0.02185   0.01819  -0.1751  0.4744  0.0021  -24.9257   0.0000   0.0778
 -18.500  -1.1915   0.01884   0.01514  -0.1771  0.4680  0.0021  -24.2053   0.0000   0.0750
 -18.000  -1.1475   0.01632   0.01255  -0.1822  0.4657  0.0022  -23.1878   0.0000   0.0656
 -17.500  -1.0951   0.01454   0.01061  -0.1872  0.4007  0.0023  -22.0739   0.0000   0.0542
 -17.000  -1.0438   0.01358   0.00953  -0.1887  0.3605  0.0024  -20.9596   0.0000   0.0448
 -16.500  -0.9896   0.01272   0.00862  -0.1902  0.3511  0.0025  -19.8331   0.0000   0.0339
 -16.000  -0.9340   0.01195   0.00781  -0.1916  0.3413  0.0027  -18.7162   0.0000   0.0214
 -15.500  -0.8774   0.01126   0.00708  -0.1929  0.3388  0.0028  -17.6147   0.0000   0.0070
 -15.000  -0.8201   0.01064   0.00644  -0.1941  0.3380  0.0030  -16.5328   0.0000  -0.0097
 -14.500  -0.7639   0.01019   0.00587  -0.1949  0.2840  0.0032  -15.4912   0.0000  -0.0281
 -13.500  -0.6481   0.00936   0.00490  -0.1967  0.2361  0.0035  -13.5356   0.0000  -0.0768
 -13.000  -0.5891   0.00898   0.00449  -0.1977  0.2272  0.0036  -12.6324   0.0000  -0.1094
 -12.500  -0.5299   0.00864   0.00412  -0.1987  0.2214  0.0037  -11.7542   0.0000  -0.1494
 -12.000  -0.4715   0.00841   0.00379  -0.1994  0.1748  0.0038  -10.9113   0.0000  -0.1983
 -11.500  -0.4120   0.00814   0.00349  -0.2003  0.1753  0.0039  -10.0831   0.0000  -0.2632
 -11.000  -0.3523   0.00789   0.00322  -0.2012  0.1703  0.0039  -9.2864   0.0000  -0.3503
 -10.500  -0.2926   0.00767   0.00298  -0.2020  0.1697  0.0040  -8.5178   0.0000  -0.4734
 -10.000  -0.2327   0.00747   0.00275  -0.2029  0.1691  0.0040  -7.7779   0.0000  -0.6600
  -9.500  -0.1728   0.00729   0.00255  -0.2037  0.1686  0.0041  -7.0677   0.0000  -0.9765
  -9.000  -0.1138   0.00720   0.00238  -0.2043  0.1377  0.0041  -6.3942   0.0000  -1.6131
  -8.500  -0.0540   0.00707   0.00222  -0.2051  0.1324  0.0041  -5.7415   0.0000  -3.6814
  -8.000   0.0059   0.00695   0.00208  -0.2059  0.1273  0.0042  -5.1181   0.0000  36.5251
  -7.500   0.0657   0.00684   0.00196  -0.2066  0.1240  0.0042  -4.5241   0.0000   3.4888
  -7.000   0.1255   0.00675   0.00185  -0.2073  0.1238  0.0043  -4.0507   0.0000   1.9476
  -6.500   0.1852   0.00668   0.00176  -0.2080  0.1235  0.0043  -3.6597   0.0000   1.4015
  -6.000   0.2449   0.00662   0.00168  -0.2087  0.1232  0.0043  -3.2839   0.0000   1.1219
  -5.500   0.3045   0.00657   0.00163  -0.2094  0.1227  0.0044  -2.9235   0.0000   0.9521
  -5.000   0.3633   0.00659   0.00161  -0.2099  0.1071  0.0044  -2.5793   0.0000   0.8386
  -4.500   0.4224   0.00659   0.00157  -0.2104  0.1006  0.0045  -2.2509   0.0000   0.7565
  -4.000   0.4813   0.00661   0.00156  -0.2110  0.0944  0.0045  -1.9381   0.0000   0.6947
  -3.500   0.5402   0.00663   0.00156  -0.2115  0.0876  0.0046  -1.6400   0.0000   0.6463
  -3.000   0.5991   0.00665   0.00157  -0.2120  0.0850  0.0052  -1.3574   0.0000   0.6074
  -2.500   0.6578   0.00668   0.00159  -0.2125  0.0842  0.0049  -1.0895   0.0000   0.5754
  -2.000   0.7164   0.00672   0.00162  -0.2130  0.0840  0.0060  -0.9586   0.0000   0.5487
  -1.500   0.7747   0.00679   0.00167  -0.2134  0.0824  0.0073  -1.0088   0.0000   0.5260
  -1.000   0.8313   0.00699   0.00179  -0.2135  0.0556  0.0084  -1.0599   0.0000   0.5065
  -0.500   0.8891   0.00709   0.00187  -0.2138  0.0506  0.0094  -1.1123   0.0000   0.4894
   0.000   0.9467   0.00719   0.00196  -0.2141  0.0477  0.0150  -1.1650   0.0000   0.4743
   0.500   1.0038   0.00732   0.00207  -0.2144  0.0450  0.0158  -1.2192   0.0000   0.4610
   1.000   1.0612   0.00742   0.00217  -0.2147  0.0475  0.0170  -1.2835   0.0000   0.4490
   1.500   1.1179   0.00756   0.00230  -0.2149  0.0460  0.0172  -1.3588   0.0000   0.4382
   2.000   1.1744   0.00772   0.00244  -0.2150  0.0440  0.0199  -1.4348   0.0000   0.4284
   2.500   1.2267   0.00822   0.00283  -0.2143  0.0026  0.0374  -1.5215   0.0000   0.4193
   3.000   1.2821   0.00844   0.00303  -0.2142  0.0019  0.0381  -1.6349   0.0000   0.4110
   3.500   1.3371   0.00866   0.00324  -0.2141  0.0015  0.0430  -1.7522   0.0000   0.4033
   4.000   1.3917   0.00891   0.00347  -0.2140  0.0018  0.0464  -1.8938   0.0000   0.3961
   4.500   1.4461   0.00916   0.00372  -0.2138  0.0014  0.0656  -2.0715   0.0000   0.3895
   5.000   1.4997   0.00944   0.00398  -0.2135  0.0013  0.0672  -2.2531   0.0000   0.3832
   5.500   1.5529   0.00973   0.00427  -0.2131  0.0013  0.0829  -2.4389   0.0000   0.3773
   6.500   1.6581   0.01035   0.00492  -0.2123  0.0012  0.1475  -2.8225   0.0000   0.3664
   7.000   1.7095   0.01071   0.00527  -0.2116  0.0012  0.1669  -3.0191   0.0000   0.3614
   7.500   1.7603   0.01108   0.00565  -0.2109  0.0012  0.1947  -3.2191   0.0000   0.3565
   8.000   1.8096   0.01149   0.00605  -0.2099  0.0012  0.1945  -3.4208   0.0000   0.3518
   8.500   1.8589   0.01189   0.00650  -0.2090  0.0012  0.2500  -3.6267   0.0000   0.3473
   9.000   1.9073   0.01233   0.00698  -0.2080  0.0012  0.3072  -3.8904   0.0000   0.3430
   9.500   1.9527   0.01283   0.00748  -0.2063  0.0012  0.3117  -4.2115   0.0000   0.3387
  10.000   1.9996   0.01331   0.00807  -0.2051  0.0011  0.4278  -4.7873   0.0000   0.3346
  10.500   2.0387   0.01391   0.00867  -0.2023  0.0011  0.4344  -5.3504   0.0000   0.3303
  11.000   2.0663   0.01458   0.00935  -0.1971  0.0011  0.4450  -5.8704   0.0000   0.3255
  11.500   2.0968   0.01536   0.01016  -0.1928  0.0010  0.4610  -6.4309   0.0000   0.3210
  12.000   2.1268   0.01627   0.01108  -0.1886  0.0010  0.4647  -7.0095   0.0000   0.3168
  12.500   2.1547   0.01732   0.01219  -0.1843  0.0010  0.4997  -7.5951   0.0000   0.3126
  13.000   2.1813   0.01855   0.01347  -0.1801  0.0010  0.5294  -8.1924   0.0000   0.3085
  13.500   2.2060   0.01999   0.01494  -0.1759  0.0009  0.5488  -8.7948   0.0000   0.3046
  14.000   2.2295   0.02163   0.01664  -0.1719  0.0009  0.5873  -9.4070   0.0000   0.3008
  14.500   2.2508   0.02353   0.01862  -0.1680  0.0009  0.6307  -10.0199   0.0000   0.2972
  15.000   2.2706   0.02573   0.02089  -0.1642  0.0009  0.6635  -10.6391   0.0000   0.2937
  15.500   2.2884   0.02826   0.02347  -0.1606  0.0008  0.6951  -11.2588   0.0000   0.2904
  16.000   2.3040   0.03116   0.02645  -0.1573  0.0007  0.7320  -11.8763   0.0000   0.2872
  17.000   2.2688   0.04387   0.03955  -0.1471  0.0014  0.8081  -12.4832   0.0000   0.2811
  17.500   2.2792   0.04924   0.04521  -0.1464  0.0017  1.0000  -13.0828   0.0000   0.2791
  18.000   2.2816   0.05461   0.05064  -0.1445  0.0023  1.0000  -13.6563   0.0000   0.2768
  18.500   2.2772   0.06101   0.05712  -0.1427  0.0026  1.0000  -14.1327   0.0000   0.2747
  19.000   2.2705   0.06787   0.06408  -0.1415  0.0028  1.0000  -14.5900   0.0000   0.2729
  19.500   2.2598   0.07545   0.07174  -0.1408  0.0030  1.0000  -15.0106   0.0000   0.2713


