XFLR5 v6.02 Beta

 Calculated polar for: WORTMANN FX 63-137

 1 1 Reynolds number fixed          Mach number fixed         

 xtrf =   1.000 (top)        1.000 (bottom)
 Mach =   0.000     Re =    48.000 e 6     Ncrit =   9.000

  alpha     CL        CD       CDp       CM    Top Xtr Bot Xtr   Cpmin    Chinge    XCp    
 ------- -------- --------- --------- -------- ------- ------- -------- --------- ---------
 -22.000  -1.1904   0.05799   0.05485  -0.1483  0.4722  0.0016  -26.7920   0.0000   0.0884
 -21.500  -1.2340   0.04641   0.04314  -0.1574  0.4700  0.0016  -27.2762   0.0000   0.0876
 -21.000  -1.2564   0.03778   0.03440  -0.1644  0.4660  0.0016  -27.3195   0.0000   0.0862
 -20.500  -1.2589   0.03218   0.02873  -0.1686  0.4658  0.0016  -26.9688   0.0000   0.0847
 -20.000  -1.2590   0.02692   0.02340  -0.1726  0.4657  0.0017  -26.5646   0.0000   0.0830
 -19.000  -1.2350   0.02003   0.01637  -0.1758  0.4352  0.0018  -25.3047   0.0000   0.0804
 -18.500  -1.1990   0.01737   0.01364  -0.1799  0.4288  0.0018  -24.3659   0.0000   0.0737
 -18.000  -1.1474   0.01506   0.01124  -0.1862  0.4015  0.0019  -23.2524   0.0000   0.0622
 -17.500  -1.0966   0.01396   0.01001  -0.1884  0.3400  0.0020  -22.1237   0.0000   0.0533
 -17.000  -1.0429   0.01306   0.00906  -0.1900  0.3384  0.0021  -20.9764   0.0000   0.0435
 -16.500  -0.9880   0.01227   0.00824  -0.1913  0.3378  0.0022  -19.8376   0.0000   0.0324
 -16.000  -0.9320   0.01157   0.00751  -0.1926  0.3376  0.0023  -18.7133   0.0000   0.0198
 -15.500  -0.8761   0.01098   0.00686  -0.1936  0.3095  0.0025  -17.6175   0.0000   0.0058
 -15.000  -0.8190   0.01042   0.00624  -0.1947  0.3019  0.0026  -16.5368   0.0000  -0.0108
 -14.500  -0.7623   0.00997   0.00569  -0.1955  0.2457  0.0028  -15.4909   0.0000  -0.0295
 -14.000  -0.7042   0.00951   0.00519  -0.1965  0.2357  0.0030  -14.4589   0.0000  -0.0522
 -13.500  -0.6455   0.00911   0.00475  -0.1975  0.2218  0.0031  -13.5345   0.0000  -0.0794
 -13.000  -0.5864   0.00871   0.00433  -0.1985  0.2212  0.0033  -12.6345   0.0000  -0.1124
 -12.500  -0.5279   0.00842   0.00395  -0.1994  0.1822  0.0035  -11.7657   0.0000  -0.1522
 -12.000  -0.4684   0.00811   0.00361  -0.2003  0.1697  0.0037  -10.9125   0.0000  -0.2032
 -11.500  -0.4088   0.00784   0.00331  -0.2012  0.1697  0.0039  -10.0826   0.0000  -0.2695
 -11.000  -0.3491   0.00760   0.00305  -0.2021  0.1694  0.0039  -9.2849   0.0000  -0.3585
 -10.500  -0.2893   0.00739   0.00282  -0.2029  0.1689  0.0040  -8.5155   0.0000  -0.4846
 -10.000  -0.2300   0.00724   0.00262  -0.2036  0.1454  0.0040  -7.7788   0.0000  -0.6741
  -9.500  -0.1704   0.00709   0.00243  -0.2044  0.1397  0.0041  -7.0694   0.0000  -0.9985
  -9.000  -0.1106   0.00696   0.00227  -0.2051  0.1297  0.0041  -6.3894   0.0000  -1.6744
  -8.500  -0.0508   0.00683   0.00212  -0.2059  0.1246  0.0041  -5.7358   0.0000  -3.9483
  -8.000   0.0091   0.00671   0.00199  -0.2067  0.1238  0.0042  -5.1117   0.0000  23.6846
  -7.500   0.0689   0.00661   0.00187  -0.2074  0.1236  0.0042  -4.5172   0.0000   3.3482
  -7.000   0.1287   0.00653   0.00177  -0.2081  0.1234  0.0043  -4.0479   0.0000   1.9110
  -6.500   0.1884   0.00646   0.00169  -0.2088  0.1231  0.0043  -3.6563   0.0000   1.3859
  -6.000   0.2481   0.00640   0.00162  -0.2095  0.1226  0.0043  -3.2800   0.0000   1.1138
  -5.500   0.3070   0.00642   0.00158  -0.2100  0.1024  0.0044  -2.9214   0.0000   0.9483
  -5.000   0.3662   0.00640   0.00154  -0.2106  0.0995  0.0044  -2.5761   0.0000   0.8357
  -4.500   0.4254   0.00640   0.00151  -0.2111  0.0967  0.0045  -2.2464   0.0000   0.7546
  -4.000   0.4845   0.00641   0.00150  -0.2117  0.0873  0.0045  -1.9327   0.0000   0.6933
  -3.500   0.5435   0.00642   0.00150  -0.2122  0.0845  0.0046  -1.6342   0.0000   0.6452
  -3.000   0.6024   0.00644   0.00151  -0.2128  0.0843  0.0048  -1.3515   0.0000   0.6066
  -2.500   0.6612   0.00647   0.00153  -0.2133  0.0840  0.0046  -1.0837   0.0000   0.5749
  -2.000   0.7198   0.00652   0.00156  -0.2137  0.0835  0.0054  -0.9606   0.0000   0.5483
  -1.500   0.7766   0.00670   0.00167  -0.2138  0.0515  0.0066  -1.0099   0.0000   0.5258
  -1.000   0.8345   0.00679   0.00173  -0.2142  0.0490  0.0076  -1.0621   0.0000   0.5063
  -0.500   0.8922   0.00689   0.00182  -0.2145  0.0463  0.0084  -1.1145   0.0000   0.4893
   0.000   0.9497   0.00700   0.00191  -0.2148  0.0437  0.0091  -1.1672   0.0000   0.4743
   0.500   1.0073   0.00710   0.00200  -0.2151  0.0414  0.0156  -1.2219   0.0000   0.4610
   1.000   1.0647   0.00721   0.00210  -0.2154  0.0441  0.0170  -1.2865   0.0000   0.4490
   1.500   1.1216   0.00734   0.00222  -0.2156  0.0429  0.0172  -1.3620   0.0000   0.4382
   2.000   1.1782   0.00748   0.00235  -0.2158  0.0412  0.0192  -1.4383   0.0000   0.4284
   2.500   1.2308   0.00796   0.00273  -0.2151  0.0021  0.0373  -1.5258   0.0000   0.4194
   3.500   1.3415   0.00839   0.00312  -0.2150  0.0013  0.0411  -1.7579   0.0000   0.4034
   4.000   1.3962   0.00863   0.00334  -0.2149  0.0014  0.0444  -1.9015   0.0000   0.3963
   4.500   1.4506   0.00888   0.00358  -0.2147  0.0013  0.0508  -2.0797   0.0000   0.3896
   5.000   1.5046   0.00914   0.00384  -0.2145  0.0013  0.0669  -2.2622   0.0000   0.3834
   5.500   1.5580   0.00942   0.00411  -0.2142  0.0013  0.0785  -2.4485   0.0000   0.3775
   6.000   1.6112   0.00971   0.00441  -0.2138  0.0012  0.1175  -2.6393   0.0000   0.3720
   7.500   1.7661   0.01073   0.00542  -0.2120  0.0012  0.1649  -3.2315   0.0000   0.3567
   8.000   1.8158   0.01112   0.00580  -0.2111  0.0012  0.1614  -3.4344   0.0000   0.3521
   8.500   1.8654   0.01152   0.00622  -0.2102  0.0012  0.2023  -3.6410   0.0000   0.3476
   9.000   1.9141   0.01194   0.00668  -0.2092  0.0012  0.2528  -3.9104   0.0000   0.3432
   9.500   1.9608   0.01241   0.00715  -0.2078  0.0012  0.2756  -4.2579   0.0000   0.3390
  10.000   2.0080   0.01287   0.00771  -0.2066  0.0011  0.3751  -4.8386   0.0000   0.3349
  10.500   2.0508   0.01343   0.00826  -0.2045  0.0011  0.3907  -5.4257   0.0000   0.3308
  11.000   2.0818   0.01404   0.00890  -0.2000  0.0011  0.4016  -5.9714   0.0000   0.3261
  11.500   2.1123   0.01474   0.00964  -0.1956  0.0011  0.4327  -6.5345   0.0000   0.3217
  12.000   2.1415   0.01559   0.01049  -0.1912  0.0010  0.4329  -7.1121   0.0000   0.3173
  12.500   2.1696   0.01656   0.01148  -0.1867  0.0010  0.4449  -7.7031   0.0000   0.3131
  13.000   2.1983   0.01767   0.01266  -0.1828  0.0010  0.4991  -8.3182   0.0000   0.3091
  13.500   2.2238   0.01897   0.01398  -0.1785  0.0009  0.5030  -8.9320   0.0000   0.3051
  14.000   2.2486   0.02046   0.01552  -0.1745  0.0009  0.5300  -9.5588   0.0000   0.3013
  14.500   2.2694   0.02223   0.01735  -0.1702  0.0009  0.5732  -10.1734   0.0000   0.2975
  15.000   2.2875   0.02442   0.01961  -0.1661  0.0008  0.6172  -10.7848   0.0000   0.2940
  16.000   2.2710   0.03382   0.02932  -0.1539  0.0016  0.6582  -11.5298   0.0000   0.2867
  16.500   2.2781   0.03781   0.03340  -0.1506  0.0019  0.6901  -12.1072   0.0000   0.2837
  17.000   2.2874   0.04162   0.03729  -0.1478  0.0023  0.7176  -12.6976   0.0000   0.2810
  17.500   2.2903   0.04657   0.04234  -0.1453  0.0027  0.7529  -13.2282   0.0000   0.2784
  18.500   2.3080   0.05731   0.05346  -0.1436  0.0036  1.0000  -14.4239   0.0000   0.2743
  19.000   2.3024   0.06391   0.06014  -0.1420  0.0038  1.0000  -14.8981   0.0000   0.2723
  19.500   2.2930   0.07118   0.06750  -0.1410  0.0040  1.0000  -15.3384   0.0000   0.2706


