XFLR5 v6.02 Beta

 Calculated polar for: WORTMANN FX 63-137

 1 1 Reynolds number fixed          Mach number fixed         

 xtrf =   1.000 (top)        1.000 (bottom)
 Mach =   0.000     Re =    45.250 e 6     Ncrit =   9.000

  alpha     CL        CD       CDp       CM    Top Xtr Bot Xtr   Cpmin    Chinge    XCp    
 ------- -------- --------- --------- -------- ------- ------- -------- --------- ---------
 -21.500  -1.2186   0.04830   0.04504  -0.1557  0.4828  0.0017  -26.9860   0.0000   0.0871
 -20.500  -1.2525   0.03291   0.02945  -0.1679  0.4661  0.0017  -26.8520   0.0000   0.0844
 -20.000  -1.2483   0.02816   0.02464  -0.1713  0.4659  0.0017  -26.3769   0.0000   0.0827
 -19.500  -1.2401   0.02379   0.02020  -0.1745  0.4658  0.0018  -25.8325   0.0000   0.0806
 -19.000  -1.2251   0.02050   0.01688  -0.1760  0.4656  0.0018  -25.1586   0.0000   0.0789
 -18.500  -1.1972   0.01773   0.01401  -0.1792  0.4450  0.0019  -24.3272   0.0000   0.0740
 -18.000  -1.1484   0.01542   0.01159  -0.1849  0.4130  0.0020  -23.2468   0.0000   0.0635
 -17.500  -1.0966   0.01414   0.01017  -0.1880  0.3477  0.0021  -22.1161   0.0000   0.0537
 -17.000  -1.0432   0.01320   0.00919  -0.1896  0.3391  0.0022  -20.9728   0.0000   0.0439
 -16.500  -0.9884   0.01239   0.00834  -0.1910  0.3382  0.0023  -19.8365   0.0000   0.0328
 -15.000  -0.8193   0.01048   0.00629  -0.1945  0.3078  0.0027  -16.5363   0.0000  -0.0105
 -14.000  -0.7047   0.00957   0.00523  -0.1964  0.2403  0.0031  -14.4612   0.0000  -0.0517
 -13.500  -0.6462   0.00917   0.00479  -0.1973  0.2225  0.0032  -13.5366   0.0000  -0.0787
 -13.000  -0.5870   0.00877   0.00436  -0.1984  0.2215  0.0034  -12.6357   0.0000  -0.1117
 -12.500  -0.5285   0.00847   0.00398  -0.1992  0.1895  0.0036  -11.7643   0.0000  -0.1514
 -12.000  -0.4692   0.00818   0.00365  -0.2001  0.1699  0.0038  -10.9123   0.0000  -0.2020
 -11.500  -0.4096   0.00791   0.00335  -0.2010  0.1700  0.0039  -10.0832   0.0000  -0.2679
 -11.000  -0.3499   0.00768   0.00310  -0.2018  0.1696  0.0039  -9.2857   0.0000  -0.3564
 -10.500  -0.2901   0.00746   0.00286  -0.2027  0.1689  0.0040  -8.5166   0.0000  -0.4817
  -9.000  -0.1114   0.00702   0.00229  -0.2049  0.1317  0.0041  -6.3910   0.0000  -1.6582
  -8.500  -0.0516   0.00689   0.00214  -0.2057  0.1264  0.0041  -5.7376   0.0000  -3.8768
  -8.000   0.0083   0.00677   0.00201  -0.2065  0.1240  0.0042  -5.1136   0.0000  26.0070
  -7.500   0.0681   0.00667   0.00189  -0.2072  0.1237  0.0042  -4.5192   0.0000   3.3828
  -7.000   0.1279   0.00659   0.00179  -0.2079  0.1235  0.0043  -4.0488   0.0000   1.9202
  -6.500   0.1876   0.00651   0.00170  -0.2086  0.1232  0.0043  -3.6573   0.0000   1.3898
  -6.000   0.2473   0.00646   0.00163  -0.2093  0.1227  0.0043  -3.2811   0.0000   1.1158
  -5.500   0.3062   0.00647   0.00160  -0.2098  0.1044  0.0044  -2.9224   0.0000   0.9495
  -5.000   0.3655   0.00645   0.00155  -0.2104  0.1005  0.0044  -2.5770   0.0000   0.8365
  -4.500   0.4246   0.00645   0.00153  -0.2110  0.0977  0.0045  -2.2477   0.0000   0.7551
  -4.000   0.4836   0.00646   0.00152  -0.2115  0.0889  0.0045  -1.9341   0.0000   0.6936
  -3.500   0.5427   0.00647   0.00152  -0.2120  0.0851  0.0046  -1.6357   0.0000   0.6455
  -3.000   0.6016   0.00649   0.00153  -0.2126  0.0843  0.0049  -1.3530   0.0000   0.6068
  -2.500   0.6603   0.00653   0.00155  -0.2131  0.0841  0.0047  -1.0852   0.0000   0.5750
  -2.000   0.7189   0.00657   0.00158  -0.2135  0.0837  0.0055  -0.9601   0.0000   0.5484
  -1.500   0.7757   0.00676   0.00168  -0.2136  0.0547  0.0068  -1.0093   0.0000   0.5259
  -1.000   0.8337   0.00684   0.00175  -0.2140  0.0502  0.0078  -1.0616   0.0000   0.5064
  -0.500   0.8914   0.00694   0.00183  -0.2143  0.0474  0.0087  -1.1139   0.0000   0.4893
   0.000   0.9489   0.00706   0.00193  -0.2146  0.0447  0.0093  -1.1666   0.0000   0.4743
   0.500   1.0064   0.00716   0.00202  -0.2149  0.0422  0.0157  -1.2212   0.0000   0.4610
   1.000   1.0637   0.00727   0.00212  -0.2152  0.0449  0.0170  -1.2857   0.0000   0.4490
   1.500   1.1206   0.00740   0.00224  -0.2154  0.0437  0.0172  -1.3612   0.0000   0.4382
   2.000   1.1772   0.00754   0.00238  -0.2156  0.0419  0.0193  -1.4374   0.0000   0.4284
   2.500   1.2298   0.00803   0.00276  -0.2149  0.0022  0.0373  -1.5247   0.0000   0.4193
   3.500   1.3404   0.00846   0.00315  -0.2148  0.0013  0.0416  -1.7565   0.0000   0.4034
   4.000   1.3951   0.00870   0.00337  -0.2147  0.0015  0.0449  -1.8995   0.0000   0.3963
   4.500   1.4494   0.00895   0.00362  -0.2145  0.0013  0.0515  -2.0775   0.0000   0.3896
   5.000   1.5034   0.00921   0.00387  -0.2142  0.0013  0.0669  -2.2599   0.0000   0.3834
   5.500   1.5567   0.00950   0.00415  -0.2139  0.0013  0.0796  -2.4461   0.0000   0.3775
   6.000   1.6099   0.00979   0.00446  -0.2136  0.0012  0.1198  -2.6367   0.0000   0.3719
   6.500   1.6624   0.01010   0.00478  -0.2131  0.0012  0.1458  -2.8309   0.0000   0.3666
   7.000   1.7137   0.01045   0.00512  -0.2125  0.0012  0.1551  -3.0279   0.0000   0.3615
   7.500   1.7646   0.01082   0.00548  -0.2117  0.0012  0.1691  -3.2283   0.0000   0.3567
   8.000   1.8142   0.01122   0.00586  -0.2108  0.0012  0.1656  -3.4308   0.0000   0.3520
   8.500   1.8636   0.01162   0.00629  -0.2099  0.0012  0.2123  -3.6371   0.0000   0.3475
   9.000   1.9121   0.01205   0.00675  -0.2088  0.0012  0.2614  -3.9047   0.0000   0.3432
  10.000   2.0057   0.01299   0.00780  -0.2062  0.0011  0.3878  -4.8248   0.0000   0.3348
  10.500   2.0484   0.01355   0.00836  -0.2041  0.0011  0.4011  -5.4105   0.0000   0.3307
  11.000   2.0786   0.01416   0.00902  -0.1995  0.0011  0.4326  -5.9499   0.0000   0.3260
  11.500   2.1077   0.01491   0.00977  -0.1948  0.0011  0.4332  -6.5042   0.0000   0.3215
  12.000   2.1373   0.01577   0.01064  -0.1904  0.0010  0.4336  -7.0830   0.0000   0.3171
  13.000   2.1941   0.01788   0.01285  -0.1821  0.0010  0.5021  -8.2869   0.0000   0.3089
  13.500   2.2198   0.01921   0.01419  -0.1779  0.0009  0.5146  -8.9005   0.0000   0.3050
  14.000   2.2436   0.02076   0.01579  -0.1738  0.0009  0.5402  -9.5192   0.0000   0.3012
  14.500   2.2638   0.02260   0.01772  -0.1695  0.0009  0.5928  -10.1277   0.0000   0.2974
  15.000   2.2831   0.02476   0.01994  -0.1656  0.0008  0.6284  -10.7468   0.0000   0.2939
  15.500   2.3007   0.02721   0.02246  -0.1618  0.0008  0.6571  -11.3683   0.0000   0.2905
  16.000   2.2652   0.03439   0.02986  -0.1535  0.0012  0.6803  -11.4959   0.0000   0.2867
  16.500   2.2751   0.03809   0.03368  -0.1504  0.0017  0.7028  -12.0511   0.0000   0.2837
  17.000   2.2814   0.04230   0.03797  -0.1475  0.0020  0.7400  -12.6386   0.0000   0.2810
  17.500   2.2865   0.04711   0.04288  -0.1452  0.0023  0.7801  -13.1935   0.0000   0.2785
  18.000   2.2885   0.05270   0.04861  -0.1434  0.0029  0.8393  -13.7217   0.0000   0.2762
  18.500   2.2930   0.05920   0.05536  -0.1433  0.0033  1.0000  -14.2817   0.0000   0.2745
  19.000   2.2971   0.06452   0.06074  -0.1419  0.0036  1.0000  -14.8469   0.0000   0.2724
  19.500   2.2873   0.07185   0.06816  -0.1409  0.0038  1.0000  -15.2823   0.0000   0.2707


