XFLR5 v6.02 Beta

 Calculated polar for: WORTMANN FX 63-137

 1 1 Reynolds number fixed          Mach number fixed         

 xtrf =   1.000 (top)        1.000 (bottom)
 Mach =   0.000     Re =    39.750 e 6     Ncrit =   9.000

  alpha     CL        CD       CDp       CM    Top Xtr Bot Xtr   Cpmin    Chinge    XCp    
 ------- -------- --------- --------- -------- ------- ------- -------- --------- ---------
 -21.500  -1.1827   0.05294   0.04980  -0.1515  0.5309  0.0018  -26.2956   0.0000   0.0862
 -20.500  -1.2296   0.03558   0.03214  -0.1653  0.4864  0.0019  -26.4406   0.0000   0.0837
 -20.000  -1.2362   0.02952   0.02599  -0.1700  0.4787  0.0019  -26.1610   0.0000   0.0823
 -19.500  -1.2265   0.02537   0.02178  -0.1729  0.4728  0.0019  -25.5944   0.0000   0.0802
 -19.000  -1.2134   0.02158   0.01793  -0.1753  0.4676  0.0020  -24.9700   0.0000   0.0779
 -18.500  -1.1926   0.01861   0.01490  -0.1775  0.4663  0.0021  -24.2297   0.0000   0.0748
 -18.000  -1.1473   0.01608   0.01232  -0.1829  0.4655  0.0021  -23.1966   0.0000   0.0650
 -17.500  -1.0962   0.01449   0.01051  -0.1872  0.3693  0.0022  -22.0917   0.0000   0.0543
 -17.000  -1.0437   0.01350   0.00946  -0.1889  0.3553  0.0024  -20.9637   0.0000   0.0447
 -16.500  -0.9893   0.01265   0.00856  -0.1904  0.3458  0.0025  -19.8342   0.0000   0.0337
 -16.000  -0.9337   0.01189   0.00776  -0.1918  0.3390  0.0026  -18.7158   0.0000   0.0211
 -15.500  -0.8771   0.01120   0.00704  -0.1930  0.3384  0.0028  -17.6138   0.0000   0.0067
 -15.000  -0.8197   0.01059   0.00640  -0.1942  0.3376  0.0029  -16.5316   0.0000  -0.0100
 -14.500  -0.7635   0.01014   0.00583  -0.1950  0.2785  0.0031  -15.4903   0.0000  -0.0284
 -14.000  -0.7058   0.00970   0.00533  -0.1960  0.2525  0.0033  -14.4630   0.0000  -0.0507
 -13.500  -0.6476   0.00931   0.00487  -0.1969  0.2329  0.0034  -13.5371   0.0000  -0.0773
 -13.000  -0.5886   0.00893   0.00445  -0.1979  0.2237  0.0036  -12.6338   0.0000  -0.1099
 -12.500  -0.5294   0.00859   0.00408  -0.1988  0.2208  0.0037  -11.7552   0.0000  -0.1501
 -12.000  -0.4710   0.00835   0.00376  -0.1996  0.1722  0.0038  -10.9117   0.0000  -0.1992
 -11.500  -0.4114   0.00808   0.00346  -0.2005  0.1724  0.0039  -10.0834   0.0000  -0.2643
 -11.000  -0.3518   0.00784   0.00319  -0.2013  0.1701  0.0039  -9.2865   0.0000  -0.3517
 -10.500  -0.2920   0.00762   0.00295  -0.2022  0.1696  0.0040  -8.5178   0.0000  -0.4753
 -10.000  -0.2322   0.00743   0.00273  -0.2030  0.1688  0.0040  -7.7778   0.0000  -0.6629
  -9.500  -0.1728   0.00729   0.00255  -0.2037  0.1473  0.0041  -7.0712   0.0000  -0.9769
  -9.000  -0.1133   0.00716   0.00236  -0.2045  0.1362  0.0041  -6.3938   0.0000  -1.6232
  -8.500  -0.0534   0.00702   0.00220  -0.2052  0.1310  0.0041  -5.7408   0.0000  -3.7250
  -8.000   0.0064   0.00691   0.00206  -0.2060  0.1259  0.0042  -5.1172   0.0000  33.3857
  -7.500   0.0663   0.00680   0.00194  -0.2067  0.1239  0.0042  -4.5231   0.0000   3.4635
  -7.000   0.1260   0.00671   0.00183  -0.2075  0.1237  0.0043  -4.0503   0.0000   1.9411
  -6.500   0.1858   0.00664   0.00174  -0.2082  0.1235  0.0043  -3.6592   0.0000   1.3987
  -6.000   0.2455   0.00658   0.00167  -0.2088  0.1231  0.0043  -3.2833   0.0000   1.1205
  -5.500   0.3050   0.00653   0.00161  -0.2095  0.1225  0.0044  -2.9228   0.0000   0.9513
  -5.000   0.3638   0.00656   0.00159  -0.2100  0.1030  0.0044  -2.5789   0.0000   0.8381
  -4.500   0.4229   0.00656   0.00156  -0.2106  0.0999  0.0045  -2.2502   0.0000   0.7562
  -4.000   0.4818   0.00658   0.00155  -0.2111  0.0931  0.0045  -1.9372   0.0000   0.6944
  -3.500   0.5408   0.00659   0.00155  -0.2116  0.0869  0.0046  -1.6390   0.0000   0.6461
  -3.000   0.5997   0.00661   0.00156  -0.2121  0.0846  0.0051  -1.3564   0.0000   0.6072
  -2.500   0.6584   0.00665   0.00158  -0.2126  0.0841  0.0049  -1.0885   0.0000   0.5753
  -2.000   0.7170   0.00669   0.00161  -0.2131  0.0839  0.0059  -0.9589   0.0000   0.5486
  -1.500   0.7744   0.00683   0.00169  -0.2134  0.0664  0.0072  -1.0085   0.0000   0.5260
  -1.000   0.8319   0.00695   0.00178  -0.2136  0.0529  0.0083  -1.0603   0.0000   0.5064
  -0.500   0.8896   0.00705   0.00186  -0.2139  0.0499  0.0092  -1.1127   0.0000   0.4894
   0.000   0.9470   0.00717   0.00196  -0.2142  0.0470  0.0100  -1.1653   0.0000   0.4743
   0.500   1.0044   0.00729   0.00206  -0.2145  0.0443  0.0157  -1.2196   0.0000   0.4610
   1.000   1.0618   0.00739   0.00216  -0.2148  0.0469  0.0170  -1.2840   0.0000   0.4490
   1.500   1.1185   0.00753   0.00229  -0.2150  0.0455  0.0172  -1.3594   0.0000   0.4382
   2.000   1.1750   0.00768   0.00242  -0.2151  0.0435  0.0197  -1.4354   0.0000   0.4284
   2.500   1.2274   0.00818   0.00281  -0.2144  0.0025  0.0374  -1.5222   0.0000   0.4193
   3.500   1.3379   0.00862   0.00322  -0.2143  0.0014  0.0427  -1.7532   0.0000   0.4033
   4.000   1.3925   0.00886   0.00345  -0.2141  0.0017  0.0460  -1.8951   0.0000   0.3962
   5.000   1.5006   0.00939   0.00396  -0.2137  0.0013  0.0672  -2.2547   0.0000   0.3833
   5.500   1.5538   0.00968   0.00424  -0.2133  0.0013  0.0821  -2.4406   0.0000   0.3774
   6.000   1.6069   0.00997   0.00456  -0.2130  0.0012  0.1267  -2.6309   0.0000   0.3718
   6.500   1.6591   0.01030   0.00489  -0.2125  0.0012  0.1466  -2.8245   0.0000   0.3665
   7.000   1.7104   0.01065   0.00523  -0.2118  0.0012  0.1641  -3.0211   0.0000   0.3614
   7.500   1.7614   0.01101   0.00561  -0.2111  0.0012  0.1945  -3.2214   0.0000   0.3566
   8.000   1.8108   0.01142   0.00601  -0.2102  0.0012  0.1945  -3.4233   0.0000   0.3519
   8.500   1.8602   0.01182   0.00645  -0.2093  0.0012  0.2490  -3.6294   0.0000   0.3474
   9.000   1.9080   0.01227   0.00692  -0.2081  0.0012  0.2815  -3.8928   0.0000   0.3430
   9.500   1.9543   0.01276   0.00742  -0.2066  0.0012  0.3084  -4.2202   0.0000   0.3387
  10.000   2.0007   0.01324   0.00800  -0.2053  0.0011  0.4098  -4.7946   0.0000   0.3346
  10.500   2.0425   0.01382   0.00860  -0.2030  0.0011  0.4332  -5.3732   0.0000   0.3304
  11.000   2.0689   0.01448   0.00927  -0.1976  0.0011  0.4367  -5.8874   0.0000   0.3256
  11.500   2.0989   0.01526   0.01007  -0.1932  0.0011  0.4508  -6.4453   0.0000   0.3211
  12.000   2.1289   0.01615   0.01097  -0.1890  0.0010  0.4548  -7.0248   0.0000   0.3168
  12.500   2.1578   0.01717   0.01206  -0.1849  0.0010  0.4984  -7.6178   0.0000   0.3127
  13.000   2.1846   0.01839   0.01331  -0.1806  0.0010  0.5249  -8.2162   0.0000   0.3086
  13.500   2.2090   0.01981   0.01477  -0.1763  0.0009  0.5347  -8.8178   0.0000   0.3047
  14.000   2.2324   0.02144   0.01646  -0.1723  0.0009  0.5726  -9.4301   0.0000   0.3009
  14.500   2.2539   0.02332   0.01842  -0.1684  0.0009  0.6284  -10.0454   0.0000   0.2973
  15.500   2.2914   0.02801   0.02324  -0.1610  0.0008  0.6903  -11.2858   0.0000   0.2904
  16.000   2.3068   0.03090   0.02619  -0.1575  0.0007  0.7187  -11.9017   0.0000   0.2872
  17.000   2.2699   0.04366   0.03934  -0.1471  0.0015  0.7898  -12.4953   0.0000   0.2811
  17.500   2.2720   0.04912   0.04495  -0.1450  0.0018  0.8581  -13.0365   0.0000   0.2787
  18.000   2.2852   0.05421   0.05026  -0.1446  0.0024  1.0000  -13.6909   0.0000   0.2768
  18.500   2.2807   0.06061   0.05673  -0.1429  0.0027  1.0000  -14.1663   0.0000   0.2747
  19.000   2.2748   0.06736   0.06357  -0.1416  0.0029  1.0000  -14.6314   0.0000   0.2728
  19.500   2.2750   0.07330   0.06958  -0.1406  0.0033  1.0000  -15.1609   0.0000   0.2709


