xflr5 v6.59

 Calculated polar for: WORTMANN FX 63-137 AIRFOIL

 1 1 Reynolds number fixed          Mach number fixed         

 xtrf =   1.000 (top)        1.000 (bottom)
 Mach =   0.000     Re =     1.500 e 6     Ncrit =   9.000

  alpha     CL        CD       CDp       Cm    Top Xtr Bot Xtr   Cpmin    Chinge    XCp    
 ------- -------- --------- --------- -------- ------- ------- -------- --------- ---------
 -19.900   -0.4210   0.22918   0.22757   -0.0158   1.0000   0.0045   -1.4861   0.0000   0.1819   
 -19.800   -0.4180   0.22810   0.22649   -0.0163   1.0000   0.0045   -1.4875   0.0000   0.1804   
 -19.700   -0.4151   0.22703   0.22542   -0.0168   1.0000   0.0045   -1.4889   0.0000   0.1789   
 -19.600   -0.4122   0.22597   0.22436   -0.0173   1.0000   0.0045   -1.4904   0.0000   0.1774   
 -19.500   -0.4093   0.22490   0.22330   -0.0179   1.0000   0.0045   -1.4919   0.0000   0.1758   
 -19.400   -0.4064   0.22384   0.22223   -0.0184   1.0000   0.0045   -1.4935   0.0000   0.1743   
 -19.300   -0.4035   0.22276   0.22116   -0.0189   1.0000   0.0045   -1.4952   0.0000   0.1727   
 -19.200   -0.4006   0.22167   0.22007   -0.0194   1.0000   0.0045   -1.4970   0.0000   0.1711   
 -19.100   -0.3978   0.22055   0.21895   -0.0198   1.0000   0.0045   -1.4989   0.0000   0.1696   
 -19.000   -0.3950   0.21938   0.21778   -0.0203   1.0000   0.0045   -1.5011   0.0000   0.1680   
 -18.900   -0.3923   0.21817   0.21657   -0.0208   1.0000   0.0045   -1.5034   0.0000   0.1665   
 -18.800   -0.3896   0.21695   0.21536   -0.0213   1.0000   0.0045   -1.5058   0.0000   0.1649   
 -18.700   -0.3869   0.21573   0.21414   -0.0217   1.0000   0.0046   -1.5083   0.0000   0.1633   
 -18.600   -0.3842   0.21451   0.21292   -0.0222   1.0000   0.0046   -1.5108   0.0000   0.1617   
 -18.500   -0.3815   0.21329   0.21170   -0.0226   1.0000   0.0046   -1.5135   0.0000   0.1601   
 -18.400   -0.3789   0.21206   0.21048   -0.0231   1.0000   0.0046   -1.5162   0.0000   0.1585   
 -18.300   -0.3762   0.21084   0.20925   -0.0235   1.0000   0.0046   -1.5190   0.0000   0.1569   
 -18.200   -0.3736   0.20961   0.20803   -0.0240   1.0000   0.0046   -1.5219   0.0000   0.1553   
 -18.100   -0.3710   0.20838   0.20680   -0.0244   1.0000   0.0046   -1.5248   0.0000   0.1536   
 -18.000   -0.3683   0.20714   0.20557   -0.0249   1.0000   0.0046   -1.5279   0.0000   0.1520   
 -17.900   -0.3657   0.20591   0.20434   -0.0253   1.0000   0.0046   -1.5310   0.0000   0.1503   
 -17.800   -0.3631   0.20467   0.20311   -0.0257   1.0000   0.0046   -1.5343   0.0000   0.1486   
 -17.700   -0.3606   0.20344   0.20187   -0.0261   1.0000   0.0046   -1.5376   0.0000   0.1469   
 -17.600   -0.3580   0.20220   0.20064   -0.0265   1.0000   0.0046   -1.5410   0.0000   0.1453   
 -17.500   -0.3555   0.20096   0.19940   -0.0270   1.0000   0.0046   -1.5445   0.0000   0.1436   
 -17.400   -0.3530   0.19972   0.19817   -0.0274   1.0000   0.0046   -1.5482   0.0000   0.1419   
 -17.300   -0.3505   0.19849   0.19693   -0.0278   1.0000   0.0046   -1.5519   0.0000   0.1402   
 -17.200   -0.3480   0.19725   0.19570   -0.0281   1.0000   0.0046   -1.5558   0.0000   0.1385   
 -17.100   -0.3456   0.19601   0.19446   -0.0285   1.0000   0.0046   -1.5597   0.0000   0.1368   
 -17.000   -0.3431   0.19477   0.19322   -0.0289   1.0000   0.0046   -1.5637   0.0000   0.1351   
 -16.900   -0.3407   0.19353   0.19198   -0.0293   1.0000   0.0046   -1.5677   0.0000   0.1335   
 -16.800   -0.3383   0.19228   0.19074   -0.0296   1.0000   0.0046   -1.5718   0.0000   0.1318   
 -16.700   -0.3360   0.19104   0.18950   -0.0300   1.0000   0.0046   -1.5761   0.0000   0.1301   
 -16.600   -0.3337   0.18980   0.18826   -0.0303   1.0000   0.0046   -1.5804   0.0000   0.1285   
 -16.500   -0.3314   0.18856   0.18702   -0.0307   1.0000   0.0046   -1.5849   0.0000   0.1268   
 -16.400   -0.3291   0.18731   0.18578   -0.0310   1.0000   0.0046   -1.5895   0.0000   0.1251   
 -16.300   -0.3268   0.18607   0.18454   -0.0313   1.0000   0.0046   -1.5942   0.0000   0.1235   
 -16.200   -0.3246   0.18482   0.18330   -0.0316   1.0000   0.0046   -1.5991   0.0000   0.1218   
 -16.100   -0.3224   0.18357   0.18205   -0.0320   1.0000   0.0046   -1.6041   0.0000   0.1202   
 -16.000   -0.3202   0.18232   0.18081   -0.0323   1.0000   0.0046   -1.6092   0.0000   0.1185   
 -15.900   -0.3180   0.18107   0.17956   -0.0326   1.0000   0.0046   -1.6145   0.0000   0.1168   
 -15.800   -0.3159   0.17982   0.17831   -0.0329   1.0000   0.0046   -1.6199   0.0000   0.1152   
 -15.700   -0.3138   0.17857   0.17706   -0.0332   1.0000   0.0046   -1.6255   0.0000   0.1135   
 -15.600   -0.3103   0.17711   0.17559   -0.0339   0.9999   0.0046   -1.6308   0.0000   0.1097   
 -15.500   -0.3034   0.17515   0.17363   -0.0359   0.9997   0.0046   -1.6351   0.0000   0.1003   
 -15.400   -0.2965   0.17320   0.17167   -0.0378   0.9994   0.0046   -1.6397   0.0000   0.0905   
 -15.300   -0.2897   0.17125   0.16972   -0.0397   0.9991   0.0046   -1.6445   0.0000   0.0802   
 -15.200   -0.2829   0.16931   0.16778   -0.0416   0.9988   0.0046   -1.6496   0.0000   0.0696   
 -15.100   -0.2763   0.16737   0.16584   -0.0434   0.9985   0.0046   -1.6550   0.0000   0.0588   
 -15.000   -0.2697   0.16545   0.16391   -0.0452   0.9981   0.0046   -1.6607   0.0000   0.0475   
 -14.900   -0.2632   0.16353   0.16199   -0.0470   0.9977   0.0046   -1.6668   0.0000   0.0357   
 -14.800   -0.2568   0.16163   0.16008   -0.0488   0.9972   0.0046   -1.6731   0.0000   0.0234   
 -14.700   -0.2504   0.15974   0.15819   -0.0506   0.9968   0.0046   -1.6799   0.0000   0.0106   
 -14.600   -0.2442   0.15787   0.15632   -0.0524   0.9964   0.0046   -1.6869   0.0000   -0.0027   
 -14.500   -0.2380   0.15602   0.15446   -0.0541   0.9960   0.0046   -1.6944   0.0000   -0.0163   
 -14.400   -0.2325   0.15424   0.15268   -0.0556   0.9956   0.0046   -1.7024   0.0000   -0.0292   
 -14.300   -0.2280   0.15257   0.15101   -0.0568   0.9948   0.0046   -1.7108   0.0000   -0.0397   
 -14.200   -0.2233   0.15090   0.14934   -0.0580   0.9940   0.0046   -1.7196   0.0000   -0.0510   
 -13.500   -0.4809   0.08328   0.08159   -0.0818   0.9959   0.0073   -8.0079   0.0000   0.0526   
 -13.400   -0.4215   0.09175   0.09015   -0.0775   0.9957   0.0075   -6.9846   0.0000   0.0371   
 -13.300   -0.4020   0.09306   0.09147   -0.0774   0.9950   0.0075   -6.6699   0.0000   0.0275   
 -13.200   -0.3885   0.09315   0.09157   -0.0782   0.9941   0.0075   -6.4735   0.0000   0.0184   
 -13.100   -0.3523   0.09726   0.09571   -0.0772   0.9930   0.0077   -5.8645   0.0000   -0.0012   
 -13.000   -0.3232   0.09993   0.09841   -0.0772   0.9917   0.0078   -5.3817   0.0000   -0.0225   
 -12.900   -0.3060   0.10043   0.09892   -0.0782   0.9907   0.0079   -5.1245   0.0000   -0.0403   
 -12.800   -0.2959   0.10053   0.09902   -0.0783   0.9883   0.0079   -4.9514   0.0000   -0.0501   
 -12.700   -0.2856   0.10043   0.09893   -0.0788   0.9853   0.0080   -4.7892   0.0000   -0.0621   
 -12.600   -0.2772   0.10028   0.09878   -0.0791   0.9811   0.0080   -4.6464   0.0000   -0.0719   
 -12.500   -0.2701   0.10013   0.09864   -0.0791   0.9737   0.0081   -4.5152   0.0000   -0.0796   
 -12.400   -0.2559   0.09970   0.09819   -0.0808   0.9640   0.0081   -4.3405   0.0000   -0.1041   
 -12.300   -0.2104   0.09873   0.09714   -0.0895   0.9526   0.0082   -3.9364   0.0000   -0.2217   
 -12.100   -0.5295   0.01884   0.01547   -0.1716   0.9385   0.0070   -10.0553   0.0000   -0.0970   
 -12.000   -0.5043   0.01785   0.01436   -0.1765   0.9338   0.0070   -9.8282   0.0000   -0.1236   
 -11.900   -0.4834   0.01711   0.01351   -0.1799   0.9265   0.0070   -9.6256   0.0000   -0.1465   
 -11.800   -0.4643   0.01650   0.01279   -0.1827   0.9177   0.0070   -9.4333   0.0000   -0.1685   
 -11.700   -0.4494   0.01602   0.01219   -0.1844   0.9079   0.0070   -9.2692   0.0000   -0.1858   
 -11.400   -0.4131   0.01493   0.01081   -0.1871   0.8790   0.0070   -8.8263   0.0000   -0.2293   
 -11.300   -0.4024   0.01463   0.01043   -0.1876   0.8713   0.0070   -8.6870   0.0000   -0.2429   
 -11.200   -0.3916   0.01435   0.01007   -0.1880   0.8624   0.0069   -8.5482   0.0000   -0.2570   
 -11.100   -0.3815   0.01411   0.00974   -0.1882   0.8532   0.0069   -8.4131   0.0000   -0.2708   
 -11.000   -0.3705   0.01385   0.00941   -0.1886   0.8465   0.0069   -8.2734   0.0000   -0.2868   
 -10.900   -0.3599   0.01362   0.00911   -0.1889   0.8392   0.0069   -8.1357   0.0000   -0.3030   
 -10.800   -0.3496   0.01342   0.00882   -0.1890   0.8315   0.0069   -8.0013   0.0000   -0.3192   
 -10.700   -0.3385   0.01320   0.00855   -0.1893   0.8261   0.0069   -7.8618   0.0000   -0.3384   
 -10.600   -0.3273   0.01299   0.00828   -0.1896   0.8201   0.0069   -7.7220   0.0000   -0.3591   
 -10.500   -0.3164   0.01280   0.00803   -0.1899   0.8132   0.0069   -7.5849   0.0000   -0.3803   
 -10.400   -0.3059   0.01264   0.00779   -0.1900   0.8057   0.0069   -7.4511   0.0000   -0.4017   
 -10.300   -0.2946   0.01246   0.00756   -0.1902   0.8008   0.0069   -7.3127   0.0000   -0.4272   
 -10.200   -0.2832   0.01228   0.00734   -0.1905   0.7959   0.0069   -7.1745   0.0000   -0.4550   
 -10.100   -0.2720   0.01212   0.00712   -0.1907   0.7907   0.0068   -7.0380   0.0000   -0.4845   
 -10.000   -0.2609   0.01198   0.00692   -0.1909   0.7852   0.0068   -6.9036   0.0000   -0.5156   
 -9.900   -0.2500   0.01184   0.00672   -0.1911   0.7794   0.0068   -6.7703   0.0000   -0.5493   
 -9.800   -0.2382   0.01168   0.00653   -0.1914   0.7761   0.0068   -6.6412   0.0000   -0.5896   
 -9.700   -0.2262   0.01152   0.00634   -0.1917   0.7733   0.0068   -6.5233   0.0000   -0.6349   
 -9.600   -0.2143   0.01136   0.00616   -0.1920   0.7697   0.0068   -6.4063   0.0000   -0.6848   
 -9.500   -0.2026   0.01121   0.00598   -0.1923   0.7656   0.0068   -6.2903   0.0000   -0.7400   
 -9.400   -0.1909   0.01107   0.00581   -0.1926   0.7610   0.0068   -6.1757   0.0000   -0.8010   
 -9.300   -0.1797   0.01094   0.00563   -0.1927   0.7550   0.0067   -6.0647   0.0000   -0.8670   
 -9.200   -0.1683   0.01082   0.00548   -0.1929   0.7499   0.0067   -5.9519   0.0000   -0.9426   
 -9.100   -0.1563   0.01069   0.00533   -0.1932   0.7474   0.0067   -5.8366   0.0000   -1.0355   
 -9.000   -0.1443   0.01057   0.00518   -0.1935   0.7448   0.0067   -5.7226   0.0000   -1.1433   
 -8.900   -0.1324   0.01045   0.00504   -0.1937   0.7422   0.0067   -5.6096   0.0000   -1.2703   
 -8.800   -0.1204   0.01035   0.00491   -0.1940   0.7397   0.0067   -5.4976   0.0000   -1.4220   
 -8.700   -0.1085   0.01025   0.00478   -0.1942   0.7373   0.0067   -5.3865   0.0000   -1.6069   
 -8.600   -0.0966   0.01015   0.00465   -0.1945   0.7349   0.0067   -5.2764   0.0000   -1.8368   
 -8.500   -0.0848   0.01006   0.00453   -0.1947   0.7325   0.0067   -5.1674   0.0000   -2.1301   
 -8.400   -0.0730   0.00998   0.00441   -0.1949   0.7295   0.0067   -5.0599   0.0000   -2.5138   
 -8.300   -0.0614   0.00990   0.00430   -0.1950   0.7255   0.0067   -4.9538   0.0000   -3.0371   
 -8.200   -0.0498   0.00983   0.00419   -0.1952   0.7212   0.0068   -4.8482   0.0000   -3.8081   
 -8.100   -0.0376   0.00974   0.00408   -0.1954   0.7194   0.0068   -4.7411   0.0000   -5.1287   
 -8.000   -0.0254   0.00965   0.00398   -0.1957   0.7169   0.0068   -4.6351   0.0000   -7.7003   
 -7.900   -0.0134   0.00957   0.00388   -0.1959   0.7132   0.0068   -4.5304   0.0000   -14.8287   
 -7.800   -0.0016   0.00951   0.00378   -0.1961   0.7074   0.0068   -4.4275   0.0000   -123.3303   
 -7.700   0.0097   0.00946   0.00369   -0.1961   0.6995   0.0069   -4.3274   0.0000   21.1096   
 -7.600   0.0208   0.00944   0.00361   -0.1961   0.6911   0.0069   -4.2294   0.0000   9.9939   
 -7.500   0.0326   0.00938   0.00352   -0.1963   0.6866   0.0069   -4.1287   0.0000   6.4593   
 -7.400   0.0444   0.00932   0.00344   -0.1965   0.6823   0.0069   -4.0289   0.0000   4.8094   
 -7.300   0.0562   0.00927   0.00336   -0.1966   0.6783   0.0069   -3.9332   0.0000   3.8536   
 -7.200   0.0680   0.00922   0.00329   -0.1968   0.6748   0.0069   -3.8585   0.0000   3.2292   
 -7.100   0.0798   0.00917   0.00321   -0.1970   0.6716   0.0069   -3.7841   0.0000   2.7895   
 -7.000   0.0916   0.00912   0.00314   -0.1971   0.6681   0.0068   -3.7100   0.0000   2.4637   
 -6.900   0.1035   0.00907   0.00306   -0.1973   0.6656   0.0068   -3.6355   0.0000   2.2097   
 -6.800   0.1153   0.00903   0.00300   -0.1975   0.6623   0.0068   -3.5611   0.0000   2.0088   
 -6.700   0.1274   0.00897   0.00293   -0.1977   0.6602   0.0068   -3.4859   0.0000   1.8437   
 -6.600   0.1395   0.00892   0.00288   -0.1979   0.6591   0.0068   -3.4097   0.0000   1.7059   
 -6.500   0.1516   0.00887   0.00282   -0.1981   0.6577   0.0068   -3.3317   0.0000   1.5905   
 -6.400   0.1636   0.00883   0.00279   -0.1983   0.6560   0.0068   -3.2474   0.0000   1.4929   
 -6.300   0.1753   0.00882   0.00278   -0.1984   0.6539   0.0068   -3.1500   0.0000   1.4100   
 -6.200   0.1862   0.00888   0.00290   -0.1983   0.6509   0.0068   -3.0230   0.0000   1.3409   
 -6.100   0.1972   0.00894   0.00299   -0.1982   0.6466   0.0069   -2.9140   0.0000   1.2796   
 -6.000   0.2084   0.00895   0.00301   -0.1982   0.6407   0.0069   -2.8323   0.0000   1.2237   
 -5.900   0.2195   0.00897   0.00300   -0.1982   0.6339   0.0069   -2.7591   0.0000   1.1740   
 -5.800   0.2309   0.00897   0.00298   -0.1983   0.6282   0.0069   -2.6877   0.0000   1.1283   
 -5.700   0.2426   0.00895   0.00296   -0.1984   0.6245   0.0069   -2.6177   0.0000   1.0862   
 -5.600   0.2543   0.00893   0.00292   -0.1985   0.6207   0.0069   -2.5503   0.0000   1.0479   
 -5.500   0.2659   0.00892   0.00289   -0.1986   0.6167   0.0069   -2.4843   0.0000   1.0130   
 -5.400   0.2775   0.00891   0.00286   -0.1987   0.6126   0.0069   -2.4196   0.0000   0.9812   
 -5.300   0.2890   0.00890   0.00283   -0.1988   0.6081   0.0069   -2.3561   0.0000   0.9520   
 -5.200   0.3005   0.00890   0.00280   -0.1989   0.6033   0.0069   -2.2935   0.0000   0.9251   
 -5.100   0.3121   0.00889   0.00277   -0.1990   0.5985   0.0069   -2.2314   0.0000   0.9001   
 -5.000   0.3240   0.00886   0.00274   -0.1991   0.5963   0.0070   -2.1693   0.0000   0.8764   
 -4.900   0.3359   0.00883   0.00271   -0.1993   0.5944   0.0070   -2.1075   0.0000   0.8544   
 -4.800   0.3477   0.00881   0.00268   -0.1994   0.5918   0.0071   -2.0462   0.0000   0.8340   
 -4.700   0.3594   0.00881   0.00266   -0.1995   0.5878   0.0071   -1.9849   0.0000   0.8151   
 -4.400   0.3936   0.00886   0.00232   -0.1995   0.5623   0.0092   -1.9502   0.0000   0.7652   
 -4.300   0.3988   0.00939   0.00303   -0.1982   0.5577   0.0091   -1.7144   0.0000   0.7550   
 -4.200   0.4230   0.00834   0.00193   -0.2013   0.5519   0.0146   -1.9857   0.0000   0.7334   
 -4.100   0.4335   0.00842   0.00204   -0.2012   0.5469   0.0155   -1.8774   0.0000   0.7211   
 -4.000   0.4439   0.00851   0.00215   -0.2010   0.5416   0.0161   -1.7740   0.0000   0.7095   
 -3.900   0.4545   0.00859   0.00226   -0.2009   0.5360   0.0165   -1.6776   0.0000   0.6984   
 -3.800   0.4651   0.00867   0.00240   -0.2008   0.5322   0.0168   -1.5841   0.0000   0.6877   
 -3.600   0.4877   0.00870   0.00249   -0.2010   0.5282   0.0194   -1.4409   0.0000   0.6673   
 -3.500   0.5000   0.00865   0.00242   -0.2012   0.5247   0.0197   -1.3952   0.0000   0.6574   
 -3.300   0.5232   0.00867   0.00233   -0.2014   0.5059   0.0200   -1.3060   0.0000   0.6394   
 -3.200   0.5346   0.00869   0.00230   -0.2015   0.4969   0.0202   -1.2616   0.0000   0.6310   
 -3.100   0.5464   0.00868   0.00225   -0.2017   0.4914   0.0202   -1.2166   0.0000   0.6229   
 -3.000   0.5582   0.00868   0.00221   -0.2018   0.4863   0.0203   -1.1719   0.0000   0.6151   
 -2.900   0.5697   0.00869   0.00218   -0.2019   0.4805   0.0203   -1.1279   0.0000   0.6077   
 -2.800   0.5813   0.00871   0.00215   -0.2020   0.4745   0.0203   -1.0840   0.0000   0.6006   
 -2.700   0.5930   0.00871   0.00212   -0.2021   0.4685   0.0203   -1.0401   0.0000   0.5937   
 -2.600   0.6050   0.00870   0.00208   -0.2023   0.4660   0.0202   -0.9958   0.0000   0.5870   
 -2.500   0.6170   0.00868   0.00205   -0.2025   0.4640   0.0201   -0.9517   0.0000   0.5805   
 -2.400   0.6289   0.00867   0.00202   -0.2026   0.4612   0.0198   -0.9077   0.0000   0.5743   
 -2.300   0.6407   0.00867   0.00199   -0.2027   0.4564   0.0193   -0.9003   0.0000   0.5684   
 -2.200   0.6518   0.00872   0.00199   -0.2027   0.4461   0.0193   -0.9087   0.0000   0.5628   
 -2.100   0.6623   0.00882   0.00200   -0.2026   0.4319   0.0193   -0.9166   0.0000   0.5575   
 -2.000   0.6738   0.00885   0.00199   -0.2027   0.4268   0.0193   -0.9252   0.0000   0.5522   
 -1.900   0.6852   0.00888   0.00198   -0.2027   0.4218   0.0193   -0.9337   0.0000   0.5471   
 -1.800   0.6966   0.00891   0.00198   -0.2028   0.4169   0.0196   -0.9422   0.0000   0.5421   
 -1.700   0.7078   0.00895   0.00197   -0.2028   0.4114   0.0199   -0.9507   0.0000   0.5374   
 -1.600   0.7192   0.00898   0.00197   -0.2029   0.4046   0.0203   -0.9602   0.0000   0.5327   
 -1.500   0.7309   0.00899   0.00196   -0.2030   0.4011   0.0207   -0.9703   0.0000   0.5282   
 -1.400   0.7425   0.00900   0.00195   -0.2031   0.3980   0.0210   -0.9806   0.0000   0.5238   
 -1.300   0.7539   0.00904   0.00196   -0.2031   0.3915   0.0212   -0.9906   0.0000   0.5195   
 -1.200   0.7631   0.00924   0.00203   -0.2028   0.3672   0.0213   -0.9994   0.0000   0.5157   
 -1.100   0.7739   0.00932   0.00206   -0.2027   0.3581   0.0212   -1.0091   0.0000   0.5118   
 -1.000   0.7845   0.00942   0.00210   -0.2026   0.3484   0.0211   -1.0187   0.0000   0.5080   
 -0.900   0.7955   0.00948   0.00212   -0.2026   0.3392   0.0210   -1.0286   0.0000   0.5042   
 -0.800   0.8070   0.00950   0.00212   -0.2027   0.3368   0.0209   -1.0389   0.0000   0.5005   
 -0.700   0.8185   0.00952   0.00213   -0.2028   0.3333   0.0208   -1.0491   0.0000   0.4969   
 -0.600   0.8298   0.00956   0.00215   -0.2028   0.3286   0.0207   -1.0594   0.0000   0.4934   
 -0.500   0.8389   0.00977   0.00225   -0.2025   0.3061   0.0207   -1.0685   0.0000   0.4902   
 -0.400   0.8499   0.00983   0.00228   -0.2024   0.3008   0.0206   -1.0787   0.0000   0.4869   
 -0.300   0.8609   0.00989   0.00232   -0.2024   0.2958   0.0205   -1.0889   0.0000   0.4837   
 -0.200   0.8717   0.00996   0.00235   -0.2024   0.2907   0.0205   -1.0991   0.0000   0.4805   
 -0.100   0.8825   0.01004   0.00239   -0.2023   0.2827   0.0205   -1.1092   0.0000   0.4775   
 0.000   0.8936   0.01008   0.00242   -0.2023   0.2776   0.0204   -1.1198   0.0000   0.4745   
 0.100   0.9048   0.01012   0.00245   -0.2023   0.2736   0.0204   -1.1311   0.0000   0.4716   
 0.200   0.9143   0.01030   0.00256   -0.2020   0.2543   0.0204   -1.1460   0.0000   0.4688   
 0.300   0.9244   0.01043   0.00263   -0.2019   0.2445   0.0204   -1.1561   0.0000   0.4661   
 0.400   0.9352   0.01051   0.00267   -0.2018   0.2399   0.0205   -1.1629   0.0000   0.4633   
 0.500   0.9458   0.01059   0.00273   -0.2017   0.2353   0.0206   -1.1679   0.0000   0.4607   
 0.600   0.9565   0.01066   0.00278   -0.2016   0.2301   0.0207   -1.1758   0.0000   0.4581   
 0.700   0.9674   0.01072   0.00282   -0.2016   0.2247   0.0210   -1.1877   0.0000   0.4555   
 0.800   0.9785   0.01077   0.00285   -0.2016   0.2218   0.0215   -1.1998   0.0000   0.4530   
 0.900   0.9893   0.01082   0.00287   -0.2015   0.2207   0.0255   -1.2122   0.0000   0.4505   
 1.000   1.0014   0.01081   0.00298   -0.2017   0.2196   0.0375   -1.2252   0.0000   0.4481   
 1.100   1.0125   0.01084   0.00301   -0.2017   0.2178   0.0382   -1.2380   0.0000   0.4458   
 1.200   1.0236   0.01089   0.00306   -0.2017   0.2150   0.0394   -1.2511   0.0000   0.4435   
 1.300   1.0329   0.01107   0.00318   -0.2014   0.1991   0.0411   -1.2677   0.0000   0.4413   
 1.400   1.0431   0.01118   0.00325   -0.2013   0.1926   0.0432   -1.2800   0.0000   0.4391   
 1.500   1.0537   0.01126   0.00331   -0.2012   0.1890   0.0459   -1.2902   0.0000   0.4369   
 1.600   1.0642   0.01135   0.00337   -0.2011   0.1855   0.0482   -1.3011   0.0000   0.4348   
 1.700   1.0747   0.01143   0.00345   -0.2010   0.1819   0.0503   -1.3154   0.0000   0.4327   
 1.800   1.0857   0.01149   0.00352   -0.2010   0.1777   0.0624   -1.3300   0.0000   0.4307   
 1.900   1.0964   0.01156   0.00357   -0.2009   0.1734   0.0647   -1.3444   0.0000   0.4287   
 2.000   1.1073   0.01161   0.00363   -0.2009   0.1703   0.0668   -1.3589   0.0000   0.4267   
 2.100   1.1183   0.01165   0.00367   -0.2009   0.1695   0.0715   -1.3740   0.0000   0.4248   
 2.200   1.1294   0.01169   0.00372   -0.2009   0.1686   0.0791   -1.3893   0.0000   0.4229   
 2.300   1.1412   0.01169   0.00378   -0.2011   0.1673   0.1108   -1.4052   0.0000   0.4211   
 2.400   1.1596   0.01141   0.00388   -0.2031   0.1649   0.3034   -1.4265   0.0000   0.4199   
 2.500   1.1708   0.01146   0.00395   -0.2032   0.1604   0.3232   -1.4435   0.0000   0.4181   
 2.700   1.1912   0.01173   0.00422   -0.2031   0.1419   0.3713   -1.4760   0.0000   0.4148   
 2.800   1.2021   0.01180   0.00430   -0.2031   0.1390   0.3899   -1.4916   0.0000   0.4131   
 2.900   1.2127   0.01188   0.00440   -0.2030   0.1360   0.4043   -1.5108   0.0000   0.4115   
 3.000   1.2236   0.01195   0.00449   -0.2031   0.1327   0.4237   -1.5326   0.0000   0.4098   
 3.100   1.2341   0.01203   0.00457   -0.2030   0.1292   0.4330   -1.5541   0.0000   0.4082   
 3.200   1.2448   0.01210   0.00465   -0.2029   0.1259   0.4429   -1.5759   0.0000   0.4066   
 3.300   1.2557   0.01215   0.00473   -0.2029   0.1238   0.4544   -1.5979   0.0000   0.4051   
 3.400   1.2663   0.01222   0.00481   -0.2029   0.1224   0.4628   -1.6199   0.0000   0.4035   
 3.500   1.2766   0.01230   0.00489   -0.2027   0.1195   0.4695   -1.6417   0.0000   0.4020   
 3.600   1.2845   0.01259   0.00512   -0.2022   0.1023   0.4788   -1.6615   0.0000   0.4004   
 3.700   1.2937   0.01276   0.00525   -0.2019   0.0977   0.4869   -1.6825   0.0000   0.3989   
 3.800   1.3031   0.01292   0.00537   -0.2016   0.0924   0.4927   -1.7035   0.0000   0.3974   
 3.900   1.3128   0.01304   0.00548   -0.2013   0.0868   0.4959   -1.7306   0.0000   0.3959   
 4.000   1.3244   0.01301   0.00550   -0.2014   0.0950   0.4974   -1.7656   0.0000   0.3945   
 4.100   1.3340   0.01313   0.00561   -0.2012   0.0912   0.5004   -1.7974   0.0000   0.3931   
 4.200   1.3439   0.01324   0.00572   -0.2010   0.0869   0.5072   -1.8298   0.0000   0.3917   
 4.300   1.3541   0.01333   0.00582   -0.2008   0.0842   0.5138   -1.8629   0.0000   0.3903   
 4.400   1.3643   0.01341   0.00592   -0.2007   0.0835   0.5206   -1.8964   0.0000   0.3889   
 4.500   1.3744   0.01350   0.00602   -0.2005   0.0823   0.5281   -1.9298   0.0000   0.3876   
 4.600   1.3842   0.01360   0.00613   -0.2003   0.0804   0.5344   -1.9630   0.0000   0.3862   
 4.700   1.3940   0.01371   0.00626   -0.2001   0.0760   0.5471   -1.9963   0.0000   0.3849   
 4.800   1.4018   0.01396   0.00647   -0.1996   0.0659   0.5565   -2.0265   0.0000   0.3836   
 4.900   1.4111   0.01410   0.00659   -0.1992   0.0641   0.5632   -2.0590   0.0000   0.3823   
 5.000   1.4203   0.01423   0.00671   -0.1989   0.0624   0.5691   -2.0916   0.0000   0.3810   
 5.100   1.4297   0.01436   0.00684   -0.1986   0.0606   0.5765   -2.1246   0.0000   0.3797   
 5.200   1.4391   0.01448   0.00696   -0.1983   0.0585   0.5820   -2.1576   0.0000   0.3784   
 5.300   1.4484   0.01460   0.00708   -0.1980   0.0563   0.5874   -2.1906   0.0000   0.3772   
 5.400   1.4577   0.01472   0.00720   -0.1977   0.0543   0.5927   -2.2237   0.0000   0.3760   
 5.500   1.4669   0.01483   0.00732   -0.1974   0.0526   0.5970   -2.2566   0.0000   0.3747   
 5.600   1.4764   0.01494   0.00744   -0.1972   0.0516   0.6053   -2.2911   0.0000   0.3735   
 5.700   1.4860   0.01504   0.00757   -0.1969   0.0514   0.6138   -2.3268   0.0000   0.3723   
 5.800   1.4952   0.01515   0.00770   -0.1966   0.0510   0.6210   -2.3621   0.0000   0.3712   
 5.900   1.5042   0.01527   0.00783   -0.1962   0.0504   0.6264   -2.3970   0.0000   0.3700   
 6.000   1.5131   0.01539   0.00796   -0.1958   0.0497   0.6307   -2.4317   0.0000   0.3688   
 6.100   1.5212   0.01558   0.00819   -0.1954   0.0468   0.6410   -2.4671   0.0000   0.3676   
 6.200   1.5291   0.01576   0.00837   -0.1948   0.0446   0.6461   -2.5011   0.0000   0.3664   
 6.300   1.5366   0.01593   0.00854   -0.1942   0.0427   0.6506   -2.5341   0.0000   0.3652   
 6.400   1.5438   0.01609   0.00869   -0.1935   0.0410   0.6546   -2.5664   0.0000   0.3640   
 6.500   1.5510   0.01623   0.00884   -0.1928   0.0394   0.6581   -2.5986   0.0000   0.3628   
 6.700   1.5665   0.01650   0.00912   -0.1916   0.0380   0.6671   -2.6657   0.0000   0.3605   
 6.800   1.5743   0.01663   0.00927   -0.1910   0.0376   0.6725   -2.7001   0.0000   0.3594   
 6.900   1.5820   0.01677   0.00942   -0.1904   0.0373   0.6773   -2.7344   0.0000   0.3583   
 7.000   1.5896   0.01691   0.00957   -0.1898   0.0368   0.6817   -2.7688   0.0000   0.3571   
 7.100   1.5970   0.01706   0.00972   -0.1892   0.0363   0.6857   -2.8033   0.0000   0.3560   
 7.200   1.6042   0.01722   0.00989   -0.1885   0.0356   0.6891   -2.8377   0.0000   0.3549   
 7.400   1.6162   0.01769   0.01033   -0.1868   0.0303   0.6981   -2.9079   0.0000   0.3526   
 7.500   1.6191   0.01809   0.01069   -0.1854   0.0246   0.7033   -2.9392   0.0000   0.3514   
 7.600   1.6236   0.01840   0.01099   -0.1844   0.0217   0.7083   -2.9583   0.0000   0.3503   
 7.700   1.6288   0.01869   0.01126   -0.1834   0.0185   0.7132   -2.9767   0.0000   0.3492   
 7.800   1.6355   0.01890   0.01148   -0.1827   0.0167   0.7180   -3.0058   0.0000   0.3481   
 8.100   1.6451   0.02015   0.01275   -0.1789   0.0044   0.7371   -3.0908   0.0000   0.3447   
 8.200   1.6507   0.02043   0.01304   -0.1781   0.0042   0.7441   -3.1231   0.0000   0.3436   
 8.400   1.6625   0.02096   0.01360   -0.1766   0.0037   0.7589   -3.1880   0.0000   0.3416   
 8.500   1.6691   0.02119   0.01385   -0.1760   0.0033   0.7677   -3.2196   0.0000   0.3406   
 8.600   1.6753   0.02144   0.01412   -0.1753   0.0029   0.7760   -3.2499   0.0000   0.3396   
 8.700   1.6816   0.02170   0.01444   -0.1746   0.0035   0.7859   -3.2852   0.0000   0.3386   
 8.800   1.6878   0.02196   0.01473   -0.1739   0.0033   0.7967   -3.3164   0.0000   0.3377   
 8.900   1.6942   0.02223   0.01501   -0.1733   0.0028   0.8067   -3.3471   0.0000   0.3367   
 9.000   1.7007   0.02248   0.01530   -0.1727   0.0022   0.8190   -3.3784   0.0000   0.3358   
 9.200   1.7123   0.02309   0.01599   -0.1713   0.0016   0.8471   -3.4410   0.0000   0.3339   
 9.300   1.7182   0.02338   0.01634   -0.1707   0.0015   0.8689   -3.4731   0.0000   0.3330   
 9.400   1.7181   0.02350   0.01661   -0.1688   0.0015   1.0000   -3.4932   0.0000   0.3317   
 9.500   1.7234   0.02385   0.01698   -0.1680   0.0015   1.0000   -3.5242   0.0000   0.3308   
 9.600   1.7287   0.02421   0.01735   -0.1673   0.0014   1.0000   -3.5552   0.0000   0.3299   
 9.700   1.7341   0.02456   0.01772   -0.1666   0.0014   1.0000   -3.5864   0.0000   0.3290   
 9.800   1.7393   0.02493   0.01811   -0.1659   0.0014   1.0000   -3.6173   0.0000   0.3282   
 9.900   1.7442   0.02533   0.01852   -0.1652   0.0014   1.0000   -3.6505   0.0000   0.3273   
 10.000   1.7489   0.02573   0.01895   -0.1645   0.0014   1.0000   -3.6887   0.0000   0.3264   
 10.100   1.7537   0.02613   0.01937   -0.1638   0.0014   1.0000   -3.7271   0.0000   0.3255   
 10.200   1.7583   0.02656   0.01982   -0.1630   0.0014   1.0000   -3.7650   0.0000   0.3247   
 10.300   1.7625   0.02701   0.02030   -0.1623   0.0014   1.0000   -3.8022   0.0000   0.3238   
 10.400   1.7669   0.02747   0.02078   -0.1616   0.0015   1.0000   -3.8397   0.0000   0.3230   
 10.500   1.7713   0.02793   0.02126   -0.1609   0.0015   1.0000   -3.8775   0.0000   0.3222   
 10.600   1.7757   0.02840   0.02176   -0.1602   0.0015   1.0000   -3.9151   0.0000   0.3214   
 10.700   1.7796   0.02892   0.02230   -0.1594   0.0015   1.0000   -3.9515   0.0000   0.3206   
 10.800   1.7835   0.02945   0.02286   -0.1587   0.0015   1.0000   -3.9876   0.0000   0.3198   
 10.900   1.7875   0.02998   0.02341   -0.1581   0.0015   1.0000   -4.0242   0.0000   0.3190   
 11.000   1.7915   0.03051   0.02397   -0.1574   0.0016   1.0000   -4.0609   0.0000   0.3182   
 11.100   1.7949   0.03110   0.02458   -0.1567   0.0016   1.0000   -4.0960   0.0000   0.3174   
 11.200   1.7981   0.03171   0.02524   -0.1560   0.0016   1.0000   -4.1300   0.0000   0.3167   
 11.300   1.8016   0.03231   0.02586   -0.1553   0.0016   1.0000   -4.1654   0.0000   0.3159   
 11.400   1.8052   0.03291   0.02648   -0.1547   0.0016   1.0000   -4.2013   0.0000   0.3152   
 11.500   1.8085   0.03354   0.02714   -0.1540   0.0017   1.0000   -4.2362   0.0000   0.3145   
 11.600   1.8110   0.03423   0.02786   -0.1533   0.0017   1.0000   -4.2694   0.0000   0.3137   
 11.700   1.8138   0.03493   0.02858   -0.1526   0.0017   1.0000   -4.3030   0.0000   0.3130   
 11.800   1.8167   0.03561   0.02929   -0.1520   0.0018   1.0000   -4.3373   0.0000   0.3123   
 11.900   1.8195   0.03630   0.03000   -0.1513   0.0018   1.0000   -4.3994   0.0000   0.3116   
 12.000   1.8216   0.03707   0.03081   -0.1507   0.0018   1.0000   -4.4606   0.0000   0.3110   
 12.100   1.8235   0.03786   0.03163   -0.1500   0.0019   1.0000   -4.5220   0.0000   0.3103   
 12.200   1.8259   0.03863   0.03242   -0.1494   0.0019   1.0000   -4.5854   0.0000   0.3096   
 12.300   1.8283   0.03938   0.03320   -0.1488   0.0019   1.0000   -4.6498   0.0000   0.3090   
 12.400   1.8308   0.04014   0.03399   -0.1482   0.0020   1.0000   -4.7143   0.0000   0.3083   
 12.500   1.8322   0.04102   0.03489   -0.1476   0.0020   1.0000   -4.7741   0.0000   0.3077   
 12.600   1.8334   0.04191   0.03582   -0.1470   0.0021   1.0000   -4.8326   0.0000   0.3071   
 12.700   1.8348   0.04277   0.03671   -0.1464   0.0021   1.0000   -4.8926   0.0000   0.3065   
 12.800   1.8364   0.04362   0.03759   -0.1458   0.0022   1.0000   -4.9533   0.0000   0.3058   
 12.900   1.8378   0.04451   0.03851   -0.1452   0.0022   1.0000   -5.0131   0.0000   0.3052   
 13.000   1.8380   0.04556   0.03959   -0.1446   0.0023   1.0000   -5.0660   0.0000   0.3047   
 13.100   1.8385   0.04659   0.04066   -0.1441   0.0024   1.0000   -5.1203   0.0000   0.3041   
 13.200   1.8395   0.04758   0.04167   -0.1435   0.0025   1.0000   -5.1763   0.0000   0.3036   
 13.300   1.8407   0.04855   0.04268   -0.1430   0.0026   1.0000   -5.2315   0.0000   0.3030   
 13.400   1.8421   0.04952   0.04368   -0.1425   0.0027   1.0000   -5.2843   0.0000   0.3024   
 13.500   1.8435   0.05051   0.04470   -0.1421   0.0029   1.0000   -5.3298   0.0000   0.3019   
 13.600   1.8468   0.05130   0.04549   -0.1418   0.0031   1.0000   -5.3697   0.0000   0.3013   
 13.700   1.8527   0.05182   0.04599   -0.1415   0.0035   1.0000   -5.4177   0.0000   0.3007   
 13.800   1.8593   0.05224   0.04641   -0.1413   0.0038   1.0000   -5.4771   0.0000   0.3001   
 13.900   1.8677   0.05247   0.04664   -0.1411   0.0041   1.0000   -5.5488   0.0000   0.2994   
 14.000   1.8758   0.05273   0.04691   -0.1410   0.0044   1.0000   -5.6180   0.0000   0.2988   
 14.200   1.8840   0.05415   0.04845   -0.1403   0.0050   1.0000   -5.7261   0.0000   0.2976   
 14.300   1.8856   0.05514   0.04948   -0.1399   0.0052   1.0000   -5.7872   0.0000   0.2971   
 14.400   1.8857   0.05634   0.05071   -0.1396   0.0054   1.0000   -5.8406   0.0000   0.2966   
 14.500   1.8855   0.05760   0.05201   -0.1392   0.0056   1.0000   -5.8918   0.0000   0.2962   
 14.600   1.8861   0.05875   0.05319   -0.1389   0.0058   1.0000   -5.9475   0.0000   0.2958   
 14.700   1.8869   0.05986   0.05435   -0.1385   0.0060   1.0000   -6.0045   0.0000   0.2953   
 14.800   1.8878   0.06099   0.05552   -0.1382   0.0063   1.0000   -6.0610   0.0000   0.2949   
 14.900   1.8883   0.06216   0.05674   -0.1379   0.0066   1.0000   -6.1147   0.0000   0.2944   
 15.000   1.8871   0.06358   0.05822   -0.1376   0.0070   1.0000   -6.1582   0.0000   0.2941   
 15.100   1.8853   0.06511   0.05982   -0.1374   0.0074   1.0000   -6.1960   0.0000   0.2937   
 16.200   1.8811   0.08024   0.07553   -0.1355   0.0096   1.0000   -6.6453   0.0000   0.2900   
 16.300   1.8763   0.08221   0.07756   -0.1356   0.0096   1.0000   -6.6687   0.0000   0.2900   
 16.400   1.8724   0.08405   0.07945   -0.1355   0.0096   1.0000   -6.6974   0.0000   0.2898   
 16.500   1.8686   0.08589   0.08134   -0.1355   0.0095   1.0000   -6.7266   0.0000   0.2897   
 16.600   1.8628   0.08813   0.08363   -0.1357   0.0095   1.0000   -6.7435   0.0000   0.2898   
 16.700   1.8575   0.09031   0.08587   -0.1359   0.0095   1.0000   -6.7630   0.0000   0.2898   
 16.800   1.8534   0.09228   0.08789   -0.1361   0.0094   1.0000   -6.7899   0.0000   0.2898   
 16.900   1.8495   0.09423   0.08988   -0.1362   0.0093   1.0000   -6.8183   0.0000   0.2898   
 17.000   1.8455   0.09621   0.09192   -0.1364   0.0093   1.0000   -6.8458   0.0000   0.2898   
 17.100   1.8388   0.09871   0.09448   -0.1369   0.0092   1.0000   -6.8556   0.0000   0.2900   
 17.200   1.8333   0.10100   0.09682   -0.1373   0.0091   1.0000   -6.8727   0.0000   0.2902   
 17.300   1.8287   0.10312   0.09899   -0.1376   0.0090   1.0000   -6.8957   0.0000   0.2903   
 17.400   1.8241   0.10523   0.10115   -0.1380   0.0089   1.0000   -6.9191   0.0000   0.2904   
 17.500   1.8173   0.10782   0.10379   -0.1386   0.0089   1.0000   -6.9259   0.0000   0.2908   
 17.600   1.8114   0.11020   0.10623   -0.1392   0.0088   1.0000   -6.9394   0.0000   0.2911   
 17.700   1.8068   0.11236   0.10843   -0.1397   0.0087   1.0000   -6.9616   0.0000   0.2913   
 17.800   1.8023   0.11449   0.11061   -0.1402   0.0086   1.0000   -6.9845   0.0000   0.2915   
 17.900   1.7976   0.11666   0.11283   -0.1408   0.0084   1.0000   -7.0054   0.0000   0.2917   
 18.000   1.7904   0.11934   0.11557   -0.1416   0.0084   1.0000   -7.0073   0.0000   0.2923   
