XFLR5 v6.02 Beta

 Calculated polar for: WORTMANN FX 63-137

 1 1 Reynolds number fixed          Mach number fixed         

 xtrf =   1.000 (top)        1.000 (bottom)
 Mach =   0.000     Re =    68.000 e 6     Ncrit =   9.000

  alpha     CL        CD       CDp       CM    Top Xtr Bot Xtr   Cpmin    Chinge    XCp    
 ------- -------- --------- --------- -------- ------- ------- -------- --------- ---------
 -26.000  -0.4996   0.25375   0.25154  -0.0285  0.2979  0.0013  -6.0418   0.0000   0.1436
 -25.500  -0.4829   0.24866   0.24643  -0.0327  0.2936  0.0013  -5.8198   0.0000   0.1334
 -25.000  -0.4660   0.24361   0.24136  -0.0367  0.2827  0.0013  -5.6059   0.0000   0.1224
 -24.500  -0.4491   0.23867   0.23635  -0.0406  0.2398  0.0013  -5.3998   0.0000   0.1109
 -24.000  -0.4318   0.23379   0.23144  -0.0446  0.2298  0.0013  -5.1991   0.0000   0.0982
 -23.500  -0.4144   0.22905   0.22669  -0.0484  0.2218  0.0013  -5.0015   0.0000   0.0844
 -23.000  -0.3966   0.22456   0.22217  -0.0522  0.2213  0.0013  -4.8105   0.0000   0.0693
 -22.500  -0.3786   0.22051   0.21811  -0.0560  0.2211  0.0013  -4.6223   0.0000   0.0528
 -22.000  -0.3603   0.21672   0.21431  -0.0596  0.2210  0.0013  -4.4375   0.0000   0.0346
 -21.500  -0.3430   0.21151   0.20905  -0.0632  0.1933  0.0013  -4.2653   0.0000   0.0154
 -21.000  -0.3257   0.20613   0.20364  -0.0666  0.1699  0.0013  -4.0987   0.0000  -0.0059
 -20.500  -0.3083   0.20067   0.19816  -0.0701  0.1693  0.0013  -3.9377   0.0000  -0.0298
 -19.000  -1.2513   0.01726   0.01361  -0.1805  0.4011  0.0014  -25.6296   0.0000   0.0788
 -18.500  -1.2008   0.01499   0.01130  -0.1864  0.4010  0.0015  -24.4977   0.0000   0.0686
 -17.500  -1.0968   0.01298   0.00907  -0.1905  0.3029  0.0016  -22.1750   0.0000   0.0515
 -17.000  -1.0425   0.01224   0.00830  -0.1917  0.2955  0.0017  -21.0120   0.0000   0.0418
 -16.500  -0.9870   0.01158   0.00761  -0.1928  0.2885  0.0018  -19.8610   0.0000   0.0307
 -16.000  -0.9306   0.01098   0.00698  -0.1939  0.2812  0.0019  -18.7277   0.0000   0.0180
 -15.500  -0.8734   0.01044   0.00640  -0.1950  0.2787  0.0020  -17.6152   0.0000   0.0035
 -15.000  -0.8166   0.00998   0.00588  -0.1958  0.2470  0.0021  -16.5353   0.0000  -0.0130
 -14.500  -0.7589   0.00954   0.00539  -0.1968  0.2220  0.0023  -15.4761   0.0000  -0.0324
 -14.000  -0.7004   0.00912   0.00495  -0.1977  0.2214  0.0024  -14.4395   0.0000  -0.0555
 -13.500  -0.6421   0.00877   0.00454  -0.1986  0.1954  0.0025  -13.5183   0.0000  -0.0827
 -13.000  -0.5832   0.00842   0.00415  -0.1995  0.1890  0.0027  -12.6219   0.0000  -0.1161
 -12.000  -0.4648   0.00782   0.00347  -0.2013  0.1461  0.0031  -10.9046   0.0000  -0.2089
 -11.500  -0.4049   0.00751   0.00315  -0.2023  0.1509  0.0034  -10.0800   0.0000  -0.2771
 -11.000  -0.3451   0.00726   0.00287  -0.2032  0.1434  0.0037  -9.2824   0.0000  -0.3686
 -10.500  -0.2854   0.00706   0.00263  -0.2040  0.1385  0.0039  -8.5114   0.0000  -0.4985
 -10.000  -0.2256   0.00689   0.00244  -0.2048  0.1334  0.0040  -7.7699   0.0000  -0.6974
  -9.500  -0.1658   0.00674   0.00227  -0.2056  0.1284  0.0041  -7.0583   0.0000  -1.0403
  -9.000  -0.1059   0.00660   0.00211  -0.2063  0.1238  0.0041  -6.3765   0.0000  -1.7708
  -8.500  -0.0461   0.00648   0.00198  -0.2071  0.1235  0.0041  -5.7225   0.0000  -4.4022
  -8.000   0.0138   0.00638   0.00186  -0.2078  0.1233  0.0042  -5.0981   0.0000  15.7995
  -7.500   0.0736   0.00629   0.00175  -0.2085  0.1228  0.0042  -4.5035   0.0000   3.1671
  -7.000   0.1334   0.00621   0.00166  -0.2092  0.1227  0.0043  -4.0416   0.0000   1.8614
  -6.500   0.1925   0.00620   0.00159  -0.2098  0.1020  0.0043  -3.6518   0.0000   1.3671
  -6.000   0.2520   0.00616   0.00153  -0.2104  0.0991  0.0043  -3.2756   0.0000   1.1042
  -5.500   0.3114   0.00613   0.00149  -0.2110  0.0964  0.0044  -2.9146   0.0000   0.9418
  -5.000   0.3708   0.00611   0.00145  -0.2116  0.0938  0.0044  -2.5690   0.0000   0.8314
  -4.500   0.4300   0.00611   0.00143  -0.2122  0.0876  0.0044  -2.2387   0.0000   0.7516
  -4.000   0.4892   0.00611   0.00142  -0.2128  0.0843  0.0045  -1.9241   0.0000   0.6912
  -3.500   0.5483   0.00612   0.00142  -0.2133  0.0842  0.0045  -1.6255   0.0000   0.6438
  -3.000   0.6072   0.00614   0.00143  -0.2138  0.0841  0.0046  -1.3426   0.0000   0.6056
  -2.500   0.6660   0.00617   0.00145  -0.2143  0.0838  0.0046  -1.0752   0.0000   0.5741
  -2.000   0.7230   0.00635   0.00154  -0.2144  0.0483  0.0048  -0.9625   0.0000   0.5480
  -1.500   0.7812   0.00642   0.00159  -0.2148  0.0452  0.0056  -1.0129   0.0000   0.5255
  -1.000   0.8393   0.00650   0.00166  -0.2152  0.0428  0.0065  -1.0653   0.0000   0.5061
  -0.500   0.8972   0.00659   0.00173  -0.2156  0.0406  0.0072  -1.1179   0.0000   0.4892
   0.000   0.9549   0.00668   0.00181  -0.2159  0.0385  0.0077  -1.1708   0.0000   0.4742
   0.500   1.0124   0.00678   0.00190  -0.2162  0.0381  0.0096  -1.2259   0.0000   0.4610
   1.000   1.0700   0.00688   0.00200  -0.2165  0.0396  0.0169  -1.2911   0.0000   0.4491
   1.500   1.1270   0.00700   0.00211  -0.2168  0.0388  0.0171  -1.3669   0.0000   0.4383
   2.000   1.1827   0.00723   0.00229  -0.2167  0.0275  0.0205  -1.4421   0.0000   0.4285
   3.500   1.3478   0.00800   0.00295  -0.2163  0.0013  0.0389  -1.7660   0.0000   0.4036
   4.000   1.4028   0.00822   0.00316  -0.2162  0.0013  0.0416  -1.9128   0.0000   0.3965
   4.500   1.4574   0.00846   0.00338  -0.2161  0.0013  0.0473  -2.0917   0.0000   0.3899
   5.500   1.5654   0.00897   0.00388  -0.2156  0.0013  0.0728  -2.4625   0.0000   0.3778
   6.000   1.6189   0.00924   0.00417  -0.2154  0.0012  0.1056  -2.6542   0.0000   0.3723
   6.500   1.6715   0.00955   0.00446  -0.2149  0.0012  0.1176  -2.8493   0.0000   0.3670
   7.500   1.7751   0.01021   0.00511  -0.2138  0.0012  0.1464  -3.2504   0.0000   0.3571
   8.000   1.8256   0.01057   0.00546  -0.2130  0.0012  0.1461  -3.4552   0.0000   0.3525
   8.500   1.8752   0.01096   0.00584  -0.2121  0.0012  0.1580  -3.6627   0.0000   0.3480
   9.000   1.9247   0.01136   0.00626  -0.2112  0.0012  0.2136  -3.9411   0.0000   0.3437
   9.500   1.9728   0.01178   0.00671  -0.2101  0.0012  0.2491  -4.3264   0.0000   0.3395
  10.500   2.0649   0.01274   0.00772  -0.2072  0.0011  0.3349  -5.5155   0.0000   0.3313
  14.500   2.2552   0.02301   0.01836  -0.1679  0.0016  0.4826  -10.0071   0.0000   0.2970
  15.000   2.2730   0.02529   0.02069  -0.1638  0.0021  0.5085  -10.6421   0.0000   0.2935
  15.500   2.2902   0.02780   0.02328  -0.1601  0.0025  0.5420  -11.2589   0.0000   0.2901
  16.000   2.3032   0.03083   0.02637  -0.1564  0.0029  0.5647  -11.8494   0.0000   0.2868
  17.000   2.3210   0.03820   0.03389  -0.1497  0.0037  0.6284  -12.9946   0.0000   0.2808
  17.500   2.3236   0.04263   0.03841  -0.1464  0.0042  0.6461  -13.5259   0.0000   0.2780
  18.000   2.3258   0.04763   0.04349  -0.1439  0.0044  0.6708  -14.0637   0.0000   0.2755
  18.500   2.3260   0.05317   0.04913  -0.1418  0.0046  0.6959  -14.5907   0.0000   0.2732
  19.000   2.3224   0.05946   0.05552  -0.1402  0.0046  0.7311  -15.0898   0.0000   0.2711


