xflr5 v6.59

 Calculated polar for: WORTMANN FX 63-137 AIRFOIL

 1 1 Reynolds number fixed          Mach number fixed         

 xtrf =   1.000 (top)        1.000 (bottom)
 Mach =   0.000     Re =     1.200 e 6     Ncrit =   9.000

  alpha     CL        CD       CDp       Cm    Top Xtr Bot Xtr   Cpmin    Chinge    XCp    
 ------- -------- --------- --------- -------- ------- ------- -------- --------- ---------
 -17.000   -0.3494   0.19109   0.18937   -0.0301   1.0000   0.0049   -1.9135   0.0000   0.1331   
 -16.900   -0.3479   0.18962   0.18791   -0.0305   1.0000   0.0050   -1.9355   0.0000   0.1316   
 -16.800   -0.3457   0.18837   0.18665   -0.0308   1.0000   0.0051   -1.9369   0.0000   0.1300   
 -16.700   -0.3435   0.18718   0.18546   -0.0312   1.0000   0.0051   -1.9325   0.0000   0.1284   
 -16.600   -0.3411   0.18601   0.18430   -0.0315   1.0000   0.0052   -1.9254   0.0000   0.1268   
 -16.500   -0.3388   0.18487   0.18316   -0.0319   1.0000   0.0052   -1.9166   0.0000   0.1251   
 -16.400   -0.3364   0.18373   0.18203   -0.0322   1.0000   0.0053   -1.9070   0.0000   0.1235   
 -16.300   -0.3340   0.18261   0.18091   -0.0325   1.0000   0.0053   -1.8969   0.0000   0.1219   
 -16.200   -0.3317   0.18149   0.17979   -0.0328   1.0000   0.0054   -1.8865   0.0000   0.1202   
 -16.100   -0.3293   0.18037   0.17868   -0.0332   1.0000   0.0054   -1.8761   0.0000   0.1186   
 -16.000   -0.3269   0.17928   0.17760   -0.0335   1.0000   0.0055   -1.8623   0.0000   0.1170   
 -15.900   -0.3245   0.17820   0.17652   -0.0337   1.0000   0.0055   -1.8486   0.0000   0.1154   
 -15.800   -0.3222   0.17712   0.17544   -0.0340   1.0000   0.0056   -1.8355   0.0000   0.1138   
 -15.700   -0.3198   0.17603   0.17435   -0.0343   1.0000   0.0056   -1.8230   0.0000   0.1122   
 -15.600   -0.3175   0.17494   0.17327   -0.0346   1.0000   0.0057   -1.8112   0.0000   0.1105   
 -15.500   -0.3152   0.17384   0.17217   -0.0348   1.0000   0.0057   -1.8001   0.0000   0.1089   
 -15.400   -0.3130   0.17273   0.17107   -0.0351   1.0000   0.0058   -1.7900   0.0000   0.1073   
 -15.300   -0.3109   0.17158   0.16991   -0.0354   1.0000   0.0058   -1.7858   0.0000   0.1057   
 -15.200   -0.3087   0.17048   0.16882   -0.0356   1.0000   0.0059   -1.7756   0.0000   0.1042   
 -15.100   -0.3066   0.16939   0.16772   -0.0359   1.0000   0.0059   -1.7660   0.0000   0.1026   
 -15.000   -0.3045   0.16829   0.16663   -0.0361   1.0000   0.0060   -1.7570   0.0000   0.1011   
 -14.900   -0.3025   0.16718   0.16553   -0.0363   1.0000   0.0061   -1.7487   0.0000   0.0997   
 -14.800   -0.3005   0.16608   0.16443   -0.0365   1.0000   0.0061   -1.7410   0.0000   0.0982   
 -14.700   -0.2986   0.16498   0.16334   -0.0367   1.0000   0.0062   -1.7339   0.0000   0.0969   
 -13.600   -0.2345   0.14619   0.14452   -0.0538   0.9966   0.0079   -1.7047   0.0000   -0.0163   
 -13.500   -0.2289   0.14416   0.14249   -0.0555   0.9962   0.0082   -1.7294   0.0000   -0.0303   
 -13.400   -0.2241   0.14187   0.14020   -0.0573   0.9959   0.0087   -1.7848   0.0000   -0.0442   
 -13.200   -0.5828   0.06097   0.05895   -0.0959   0.9940   0.0075   -9.6655   0.0000   0.0615   
 -13.100   -0.6126   0.05119   0.04900   -0.1060   0.9917   0.0075   -10.2394   0.0000   0.0539   
 -13.000   -0.6239   0.04545   0.04313   -0.1131   0.9896   0.0074   -10.4792   0.0000   0.0462   
 -12.900   -0.6304   0.04151   0.03910   -0.1181   0.9860   0.0074   -10.6037   0.0000   0.0407   
 -12.800   -0.6318   0.03776   0.03524   -0.1239   0.9836   0.0074   -10.6782   0.0000   0.0321   
 -12.700   -0.6358   0.03532   0.03272   -0.1267   0.9778   0.0074   -10.7211   0.0000   0.0294   
 -12.600   -0.6331   0.03260   0.02991   -0.1313   0.9741   0.0074   -10.7215   0.0000   0.0215   
 -12.500   -0.6328   0.03055   0.02778   -0.1339   0.9664   0.0074   -10.7123   0.0000   0.0176   
 -12.400   -0.6245   0.02827   0.02539   -0.1386   0.9627   0.0074   -10.6516   0.0000   0.0073   
 -12.300   -0.6169   0.02639   0.02341   -0.1424   0.9567   0.0074   -10.5819   0.0000   -0.0014   
 -12.200   -0.6029   0.02450   0.02140   -0.1474   0.9528   0.0074   -10.4647   0.0000   -0.0152   
 -12.100   -0.5844   0.02274   0.01952   -0.1529   0.9503   0.0074   -10.3104   0.0000   -0.0326   
 -12.000   -0.5631   0.02118   0.01783   -0.1585   0.9484   0.0074   -10.1292   0.0000   -0.0528   
 -11.900   -0.5440   0.01996   0.01649   -0.1629   0.9439   0.0074   -9.9544   0.0000   -0.0711   
 -11.800   -0.5230   0.01896   0.01538   -0.1669   0.9406   0.0074   -9.7593   0.0000   -0.0913   
 -11.700   -0.5010   0.01812   0.01444   -0.1707   0.9377   0.0074   -9.5527   0.0000   -0.1135   
 -11.600   -0.4782   0.01738   0.01360   -0.1744   0.9350   0.0074   -9.3397   0.0000   -0.1382   
 -11.500   -0.4571   0.01675   0.01285   -0.1775   0.9312   0.0074   -9.1374   0.0000   -0.1627   
 -11.400   -0.4380   0.01620   0.01221   -0.1801   0.9254   0.0074   -8.9467   0.0000   -0.1861   
 -11.300   -0.4189   0.01571   0.01162   -0.1826   0.9192   0.0074   -8.7554   0.0000   -0.2115   
 -11.200   -0.4020   0.01529   0.01111   -0.1844   0.9125   0.0074   -8.5790   0.0000   -0.2351   
 -11.100   -0.3875   0.01494   0.01067   -0.1857   0.9042   0.0074   -8.4181   0.0000   -0.2561   
 -11.000   -0.3732   0.01462   0.01025   -0.1869   0.8966   0.0073   -8.2580   0.0000   -0.2784   
 -10.900   -0.3610   0.01434   0.00990   -0.1876   0.8897   0.0073   -8.1121   0.0000   -0.2977   
 -10.800   -0.3488   0.01408   0.00956   -0.1882   0.8828   0.0073   -7.9670   0.0000   -0.3181   
 -10.700   -0.3369   0.01385   0.00925   -0.1887   0.8762   0.0073   -7.8236   0.0000   -0.3393   
 -10.600   -0.3256   0.01361   0.00896   -0.1891   0.8704   0.0073   -7.6846   0.0000   -0.3606   
 -10.500   -0.3143   0.01340   0.00868   -0.1894   0.8635   0.0073   -7.5462   0.0000   -0.3832   
 -10.400   -0.3031   0.01321   0.00841   -0.1897   0.8562   0.0073   -7.4092   0.0000   -0.4070   
 -10.300   -0.2919   0.01303   0.00816   -0.1900   0.8503   0.0073   -7.2725   0.0000   -0.4327   
 -10.200   -0.2806   0.01284   0.00792   -0.1903   0.8445   0.0073   -7.1360   0.0000   -0.4607   
 -10.100   -0.2695   0.01267   0.00769   -0.1905   0.8384   0.0073   -7.0012   0.0000   -0.4904   
 -10.000   -0.2587   0.01252   0.00747   -0.1907   0.8320   0.0073   -6.8688   0.0000   -0.5214   
 -9.900   -0.2473   0.01235   0.00726   -0.1909   0.8271   0.0073   -6.7509   0.0000   -0.5572   
 -9.800   -0.2358   0.01218   0.00705   -0.1912   0.8221   0.0072   -6.6349   0.0000   -0.5973   
 -9.700   -0.2245   0.01202   0.00685   -0.1914   0.8163   0.0072   -6.5200   0.0000   -0.6406   
 -9.600   -0.2134   0.01188   0.00667   -0.1916   0.8099   0.0072   -6.4069   0.0000   -0.6868   
 -9.500   -0.2025   0.01174   0.00649   -0.1917   0.8036   0.0072   -6.2943   0.0000   -0.7372   
 -9.400   -0.1909   0.01159   0.00631   -0.1920   0.7993   0.0072   -6.1788   0.0000   -0.7982   
 -9.300   -0.1795   0.01146   0.00613   -0.1922   0.7938   0.0072   -6.0665   0.0000   -0.8650   
 -9.200   -0.1683   0.01135   0.00597   -0.1923   0.7886   0.0072   -5.9544   0.0000   -0.9398   
 -9.100   -0.1572   0.01125   0.00582   -0.1924   0.7833   0.0072   -5.8442   0.0000   -1.0235   
 -9.000   -0.1460   0.01115   0.00567   -0.1925   0.7779   0.0072   -5.7344   0.0000   -1.1209   
 -8.900   -0.1340   0.01102   0.00552   -0.1928   0.7753   0.0073   -5.6216   0.0000   -1.2448   
 -8.800   -0.1221   0.01090   0.00537   -0.1931   0.7723   0.0073   -5.5099   0.0000   -1.3923   
 -8.700   -0.1102   0.01079   0.00523   -0.1933   0.7689   0.0073   -5.3994   0.0000   -1.5704   
 -8.600   -0.0984   0.01069   0.00509   -0.1935   0.7652   0.0074   -5.2900   0.0000   -1.7899   
 -8.500   -0.0867   0.01060   0.00496   -0.1937   0.7614   0.0074   -5.1819   0.0000   -2.0659   
 -8.400   -0.0752   0.01051   0.00483   -0.1939   0.7574   0.0074   -5.0751   0.0000   -2.4227   
 -8.300   -0.0637   0.01044   0.00471   -0.1940   0.7533   0.0074   -4.9697   0.0000   -2.9028   
 -8.200   -0.0522   0.01036   0.00460   -0.1942   0.7496   0.0074   -4.8646   0.0000   -3.6025   
 -8.100   -0.0401   0.01027   0.00448   -0.1944   0.7475   0.0074   -4.7580   0.0000   -4.7632   
 -8.000   -0.0281   0.01018   0.00437   -0.1946   0.7453   0.0075   -4.6523   0.0000   -6.9118   
 -7.500   0.0295   0.00998   0.00396   -0.1951   0.7272   0.0094   -4.1397   0.0000   7.0727   
 -7.300   0.0521   0.01000   0.00383   -0.1950   0.7197   0.0094   -3.9493   0.0000   4.1073   
 -7.200   0.0638   0.00999   0.00378   -0.1951   0.7173   0.0094   -3.8515   0.0000   3.3971   
 -7.100   0.0755   0.00997   0.00373   -0.1952   0.7140   0.0094   -3.7596   0.0000   2.9096   
 -7.000   0.0871   0.00995   0.00367   -0.1953   0.7098   0.0094   -3.6900   0.0000   2.5551   
 -6.900   0.0989   0.00991   0.00360   -0.1954   0.7069   0.0094   -3.6191   0.0000   2.2812   
 -6.800   0.1104   0.00988   0.00354   -0.1955   0.7019   0.0094   -3.5495   0.0000   2.0701   
 -6.700   0.1217   0.00985   0.00348   -0.1956   0.6965   0.0094   -3.4798   0.0000   1.9007   
 -6.600   0.1330   0.00981   0.00342   -0.1956   0.6914   0.0094   -3.4095   0.0000   1.7597   
 -6.500   0.1451   0.00974   0.00334   -0.1959   0.6888   0.0095   -3.3354   0.0000   1.6354   
 -6.300   0.1640   0.01017   0.00442   -0.1952   0.6838   0.0096   -2.9246   0.0000   1.4700   
 -6.200   0.1759   0.01010   0.00433   -0.1954   0.6810   0.0096   -2.8374   0.0000   1.3880   
 -6.100   0.1878   0.01003   0.00424   -0.1956   0.6782   0.0096   -2.7516   0.0000   1.3165   
 -6.000   0.1997   0.00996   0.00415   -0.1958   0.6753   0.0096   -2.6672   0.0000   1.2536   
 -5.900   0.2116   0.00989   0.00405   -0.1960   0.6722   0.0096   -2.5992   0.0000   1.1976   
 -5.800   0.2236   0.00980   0.00394   -0.1962   0.6689   0.0097   -2.5446   0.0000   1.1475   
 -5.500   0.2562   0.01002   0.00396   -0.1959   0.6601   0.0093   -2.2929   0.0000   1.0309   
 -5.400   0.2690   0.00987   0.00384   -0.1963   0.6588   0.0094   -2.2488   0.0000   0.9951   
 -5.200   0.2953   0.00968   0.00301   -0.1967   0.6552   0.0093   -2.5147   0.0000   0.9295   
 -5.100   0.3104   0.00923   0.00271   -0.1979   0.6526   0.0094   -2.4280   0.0000   0.9001   
 -5.000   0.3171   0.00965   0.00355   -0.1971   0.6492   0.0094   -2.0151   0.0000   0.8836   
 -4.900   0.3302   0.00946   0.00338   -0.1976   0.6445   0.0095   -1.9897   0.0000   0.8597   
 -4.800   0.3440   0.00920   0.00313   -0.1983   0.6385   0.0096   -1.9862   0.0000   0.8370   
 -4.700   0.3596   0.00880   0.00269   -0.1995   0.6319   0.0099   -2.0376   0.0000   0.8146   
 -4.600   0.3760   0.00841   0.00202   -0.2006   0.6272   0.0128   -2.2452   0.0000   0.7928   
 -4.500   0.3876   0.00841   0.00202   -0.2007   0.6237   0.0136   -2.1722   0.0000   0.7765   
 -4.400   0.3985   0.00846   0.00210   -0.2006   0.6199   0.0149   -2.0633   0.0000   0.7617   
 -4.300   0.4089   0.00855   0.00222   -0.2004   0.6161   0.0157   -1.9507   0.0000   0.7480   
 -4.200   0.4193   0.00865   0.00238   -0.2003   0.6121   0.0163   -1.8404   0.0000   0.7351   
 -4.100   0.4293   0.00876   0.00255   -0.2000   0.6079   0.0167   -1.7374   0.0000   0.7230   
 -4.000   0.4386   0.00894   0.00280   -0.1996   0.6035   0.0171   -1.6316   0.0000   0.7117   
 -3.900   0.4499   0.00894   0.00280   -0.1997   0.5990   0.0186   -1.5737   0.0000   0.7002   
 -3.800   0.4626   0.00885   0.00268   -0.2000   0.5965   0.0190   -1.5304   0.0000   0.6884   
 -3.700   0.4752   0.00877   0.00258   -0.2004   0.5947   0.0193   -1.4851   0.0000   0.6773   
 -3.600   0.4877   0.00871   0.00250   -0.2007   0.5923   0.0196   -1.4391   0.0000   0.6668   
 -3.500   0.5000   0.00865   0.00242   -0.2009   0.5889   0.0199   -1.3929   0.0000   0.6568   
 -3.400   0.5120   0.00862   0.00236   -0.2011   0.5837   0.0201   -1.3469   0.0000   0.6475   
 -3.300   0.5237   0.00861   0.00231   -0.2012   0.5755   0.0202   -1.3018   0.0000   0.6387   
 -3.200   0.5349   0.00864   0.00227   -0.2013   0.5664   0.0204   -1.2577   0.0000   0.6304   
 -3.100   0.5467   0.00863   0.00222   -0.2014   0.5611   0.0205   -1.2127   0.0000   0.6223   
 -3.000   0.5585   0.00861   0.00218   -0.2016   0.5564   0.0206   -1.1677   0.0000   0.6145   
 -2.900   0.5703   0.00861   0.00214   -0.2017   0.5517   0.0206   -1.1232   0.0000   0.6070   
 -2.800   0.5819   0.00861   0.00210   -0.2018   0.5468   0.0207   -1.0791   0.0000   0.5999   
 -2.700   0.5934   0.00862   0.00207   -0.2019   0.5416   0.0207   -1.0354   0.0000   0.5930   
 -2.600   0.6050   0.00863   0.00204   -0.2020   0.5362   0.0208   -0.9920   0.0000   0.5865   
 -2.500   0.6169   0.00862   0.00200   -0.2021   0.5322   0.0208   -0.9482   0.0000   0.5800   
 -2.400   0.6289   0.00860   0.00197   -0.2023   0.5303   0.0205   -0.9040   0.0000   0.5738   
 -2.300   0.6408   0.00859   0.00193   -0.2024   0.5280   0.0198   -0.8994   0.0000   0.5679   
 -2.200   0.6527   0.00858   0.00190   -0.2026   0.5245   0.0198   -0.9081   0.0000   0.5621   
 -2.100   0.6643   0.00859   0.00188   -0.2027   0.5182   0.0201   -0.9167   0.0000   0.5566   
 -2.000   0.6754   0.00864   0.00187   -0.2027   0.5082   0.0206   -0.9250   0.0000   0.5514   
 -1.900   0.6862   0.00871   0.00187   -0.2026   0.4983   0.0210   -0.9332   0.0000   0.5464   
 -1.800   0.6976   0.00874   0.00186   -0.2027   0.4928   0.0215   -0.9417   0.0000   0.5415   
 -1.700   0.7090   0.00876   0.00186   -0.2027   0.4874   0.0220   -0.9502   0.0000   0.5367   
 -1.600   0.7203   0.00880   0.00185   -0.2027   0.4819   0.0222   -0.9597   0.0000   0.5321   
 -1.500   0.7314   0.00885   0.00185   -0.2027   0.4761   0.0224   -0.9696   0.0000   0.5276   
 -1.400   0.7427   0.00889   0.00185   -0.2028   0.4699   0.0223   -0.9795   0.0000   0.5233   
 -1.300   0.7543   0.00889   0.00185   -0.2029   0.4664   0.0222   -0.9897   0.0000   0.5190   
 -1.200   0.7661   0.00889   0.00184   -0.2030   0.4641   0.0220   -1.0000   0.0000   0.5149   
 -1.100   0.7777   0.00890   0.00184   -0.2031   0.4599   0.0219   -1.0102   0.0000   0.5109   
 -1.000   0.7887   0.00896   0.00186   -0.2031   0.4492   0.0218   -1.0201   0.0000   0.5071   
 -0.900   0.7984   0.00913   0.00191   -0.2028   0.4313   0.0218   -1.0291   0.0000   0.5035   
 -0.800   0.8092   0.00921   0.00194   -0.2027   0.4225   0.0217   -1.0388   0.0000   0.4999   
 -0.700   0.8197   0.00930   0.00198   -0.2026   0.4133   0.0216   -1.0484   0.0000   0.4964   
 -0.600   0.8303   0.00939   0.00201   -0.2026   0.4032   0.0216   -1.0580   0.0000   0.4929   
 -0.500   0.8418   0.00941   0.00202   -0.2026   0.3996   0.0215   -1.0682   0.0000   0.4895   
 -0.400   0.8531   0.00944   0.00204   -0.2027   0.3943   0.0215   -1.0784   0.0000   0.4862   
 -0.300   0.8630   0.00959   0.00211   -0.2024   0.3768   0.0214   -1.0877   0.0000   0.4831   
 -0.200   0.8730   0.00973   0.00217   -0.2022   0.3639   0.0214   -1.0971   0.0000   0.4801   
 -0.100   0.8837   0.00981   0.00222   -0.2022   0.3570   0.0214   -1.1069   0.0000   0.4770   
 0.000   0.8942   0.00990   0.00226   -0.2021   0.3498   0.0214   -1.1166   0.0000   0.4741   
 0.100   0.9048   0.00999   0.00231   -0.2020   0.3410   0.0215   -1.1264   0.0000   0.4712   
 0.200   0.9161   0.01003   0.00233   -0.2020   0.3371   0.0215   -1.1366   0.0000   0.4683   
 0.300   0.9271   0.01007   0.00236   -0.2020   0.3320   0.0216   -1.1468   0.0000   0.4655   
 0.400   0.9364   0.01027   0.00246   -0.2017   0.3120   0.0218   -1.1563   0.0000   0.4629   
 0.500   0.9464   0.01040   0.00253   -0.2015   0.3020   0.0221   -1.1660   0.0000   0.4603   
 0.700   0.9665   0.01063   0.00262   -0.2011   0.2899   0.0254   -1.1860   0.0000   0.4551   
 0.800   0.9784   0.01065   0.00276   -0.2013   0.2824   0.0335   -1.1969   0.0000   0.4527   
 0.900   0.9895   0.01069   0.00281   -0.2013   0.2782   0.0370   -1.2086   0.0000   0.4502   
 1.000   1.0008   0.01072   0.00285   -0.2013   0.2768   0.0410   -1.2208   0.0000   0.4479   
 1.100   1.0120   0.01076   0.00288   -0.2014   0.2743   0.0437   -1.2330   0.0000   0.4455   
 1.200   1.0229   0.01081   0.00293   -0.2013   0.2704   0.0469   -1.2450   0.0000   0.4432   
 1.300   1.0320   0.01101   0.00306   -0.2010   0.2517   0.0490   -1.2563   0.0000   0.4410   
 1.400   1.0423   0.01112   0.00315   -0.2009   0.2452   0.0512   -1.2696   0.0000   0.4388   
 1.500   1.0530   0.01120   0.00321   -0.2008   0.2400   0.0629   -1.2837   0.0000   0.4367   
 1.600   1.0633   0.01130   0.00329   -0.2007   0.2349   0.0657   -1.2975   0.0000   0.4346   
 1.700   1.0736   0.01140   0.00336   -0.2006   0.2292   0.0679   -1.3113   0.0000   0.4325   
 1.800   1.0843   0.01147   0.00342   -0.2005   0.2235   0.0744   -1.3255   0.0000   0.4305   
 1.900   1.0954   0.01151   0.00348   -0.2005   0.2213   0.0807   -1.3401   0.0000   0.4285   
 2.000   1.1070   0.01153   0.00352   -0.2007   0.2197   0.0995   -1.3550   0.0000   0.4265   
 2.100   1.1179   0.01157   0.00357   -0.2006   0.2175   0.1060   -1.3696   0.0000   0.4246   
 2.200   1.1305   0.01155   0.00364   -0.2011   0.2139   0.1593   -1.3854   0.0000   0.4229   
 2.400   1.1593   0.01145   0.00400   -0.2033   0.1895   0.4218   -1.4202   0.0000   0.4201   
 2.500   1.1696   0.01156   0.00409   -0.2032   0.1853   0.4323   -1.4352   0.0000   0.4183   
 2.600   1.1799   0.01166   0.00419   -0.2031   0.1809   0.4416   -1.4522   0.0000   0.4165   
 2.700   1.1904   0.01175   0.00428   -0.2030   0.1761   0.4531   -1.4695   0.0000   0.4148   
 2.800   1.2010   0.01183   0.00437   -0.2029   0.1715   0.4620   -1.4869   0.0000   0.4131   
 2.900   1.2117   0.01189   0.00443   -0.2028   0.1697   0.4688   -1.5064   0.0000   0.4114   
 3.000   1.2227   0.01194   0.00450   -0.2029   0.1686   0.4791   -1.5284   0.0000   0.4098   
 3.100   1.2335   0.01199   0.00458   -0.2028   0.1671   0.4877   -1.5502   0.0000   0.4082   
 3.200   1.2440   0.01206   0.00465   -0.2027   0.1648   0.4938   -1.5719   0.0000   0.4065   
 3.300   1.2544   0.01214   0.00473   -0.2026   0.1619   0.4980   -1.5934   0.0000   0.4049   
 3.400   1.2622   0.01242   0.00492   -0.2020   0.1451   0.5011   -1.6121   0.0000   0.4034   
 3.500   1.2722   0.01254   0.00503   -0.2018   0.1419   0.5074   -1.6332   0.0000   0.4018   
 3.600   1.2820   0.01266   0.00513   -0.2016   0.1387   0.5132   -1.6542   0.0000   0.4003   
 3.700   1.2916   0.01281   0.00525   -0.2014   0.1340   0.5183   -1.6749   0.0000   0.3988   
 3.800   1.3010   0.01295   0.00537   -0.2011   0.1272   0.5227   -1.6955   0.0000   0.3973   
 3.900   1.3110   0.01305   0.00546   -0.2009   0.1234   0.5260   -1.7263   0.0000   0.3958   
 4.000   1.3216   0.01310   0.00555   -0.2008   0.1245   0.5276   -1.7594   0.0000   0.3944   
 4.100   1.3318   0.01318   0.00563   -0.2006   0.1234   0.5319   -1.7921   0.0000   0.3929   
 4.200   1.3422   0.01325   0.00573   -0.2005   0.1219   0.5413   -1.8253   0.0000   0.3915   
 4.300   1.3523   0.01335   0.00584   -0.2004   0.1183   0.5521   -1.8582   0.0000   0.3902   
 4.400   1.3592   0.01367   0.00609   -0.1997   0.1022   0.5601   -1.8861   0.0000   0.3887   
 4.500   1.3676   0.01387   0.00624   -0.1992   0.0980   0.5657   -1.9163   0.0000   0.3873   
 4.600   1.3765   0.01405   0.00640   -0.1989   0.0928   0.5768   -1.9476   0.0000   0.3860   
 4.700   1.3858   0.01419   0.00654   -0.1986   0.0871   0.5856   -1.9796   0.0000   0.3847   
 4.800   1.3954   0.01430   0.00666   -0.1983   0.0842   0.5925   -2.0124   0.0000   0.3833   
 4.900   1.4050   0.01440   0.00677   -0.1980   0.0832   0.5968   -2.0457   0.0000   0.3820   
 5.000   1.4147   0.01450   0.00689   -0.1978   0.0816   0.6036   -2.0792   0.0000   0.3807   
 5.100   1.4243   0.01461   0.00702   -0.1976   0.0793   0.6107   -2.1125   0.0000   0.3795   
 5.200   1.4326   0.01480   0.00720   -0.1971   0.0714   0.6168   -2.1440   0.0000   0.3782   
 5.300   1.4403   0.01503   0.00739   -0.1965   0.0658   0.6220   -2.1745   0.0000   0.3769   
 5.400   1.4489   0.01518   0.00752   -0.1961   0.0642   0.6264   -2.2066   0.0000   0.3756   
 5.500   1.4574   0.01534   0.00765   -0.1956   0.0626   0.6294   -2.2386   0.0000   0.3744   
 5.600   1.4662   0.01549   0.00780   -0.1952   0.0608   0.6366   -2.2711   0.0000   0.3731   
 5.700   1.4748   0.01564   0.00796   -0.1948   0.0584   0.6429   -2.3034   0.0000   0.3719   
 5.800   1.4834   0.01579   0.00811   -0.1944   0.0560   0.6484   -2.3356   0.0000   0.3707   
 5.900   1.4920   0.01592   0.00825   -0.1940   0.0541   0.6532   -2.3679   0.0000   0.3695   
 6.000   1.5004   0.01605   0.00838   -0.1935   0.0524   0.6570   -2.3999   0.0000   0.3683   
 6.100   1.5086   0.01618   0.00851   -0.1929   0.0516   0.6598   -2.4328   0.0000   0.3671   
 6.300   1.5240   0.01644   0.00885   -0.1918   0.0499   0.6690   -2.5023   0.0000   0.3647   
 6.400   1.5316   0.01659   0.00901   -0.1912   0.0489   0.6736   -2.5356   0.0000   0.3635   
 6.500   1.5391   0.01674   0.00917   -0.1905   0.0478   0.6781   -2.5685   0.0000   0.3623   
 6.600   1.5463   0.01691   0.00935   -0.1898   0.0467   0.6824   -2.6012   0.0000   0.3612   
 6.700   1.5533   0.01708   0.00953   -0.1891   0.0455   0.6864   -2.6336   0.0000   0.3600   
 6.800   1.5601   0.01727   0.00972   -0.1884   0.0443   0.6898   -2.6657   0.0000   0.3588   
 6.900   1.5667   0.01747   0.00992   -0.1876   0.0430   0.6938   -2.6978   0.0000   0.3577   
 7.000   1.5736   0.01767   0.01012   -0.1869   0.0416   0.6994   -2.7301   0.0000   0.3565   
 7.100   1.5806   0.01786   0.01032   -0.1862   0.0401   0.7045   -2.7625   0.0000   0.3554   
 7.200   1.5877   0.01803   0.01051   -0.1856   0.0388   0.7096   -2.7951   0.0000   0.3543   
 7.300   1.5949   0.01820   0.01069   -0.1849   0.0381   0.7145   -2.8286   0.0000   0.3532   
 7.400   1.6022   0.01837   0.01086   -0.1843   0.0378   0.7193   -2.8627   0.0000   0.3521   
 7.600   1.6167   0.01872   0.01125   -0.1831   0.0369   0.7324   -2.9320   0.0000   0.3500   
 7.700   1.6238   0.01890   0.01145   -0.1825   0.0363   0.7396   -2.9668   0.0000   0.3489   
 7.800   1.6307   0.01910   0.01165   -0.1818   0.0355   0.7463   -3.0015   0.0000   0.3479   
 7.900   1.6370   0.01933   0.01189   -0.1811   0.0340   0.7531   -3.0365   0.0000   0.3468   
 8.000   1.6396   0.01979   0.01232   -0.1798   0.0280   0.7611   -3.0720   0.0000   0.3457   
 8.100   1.6427   0.02022   0.01271   -0.1785   0.0237   0.7692   -3.1002   0.0000   0.3446   
 8.200   1.6461   0.02062   0.01310   -0.1774   0.0204   0.7768   -3.1131   0.0000   0.3435   
 8.300   1.6513   0.02093   0.01343   -0.1765   0.0171   0.7863   -3.1324   0.0000   0.3424   
 8.400   1.6573   0.02119   0.01371   -0.1758   0.0161   0.7965   -3.1630   0.0000   0.3414   
 8.600   1.6579   0.02247   0.01501   -0.1727   0.0044   0.8163   -3.2130   0.0000   0.3391   
 8.700   1.6628   0.02283   0.01539   -0.1719   0.0041   0.8281   -3.2445   0.0000   0.3382   
 8.800   1.6720   0.02289   0.01553   -0.1717   0.0060   0.8433   -3.2789   0.0000   0.3373   
 8.900   1.6763   0.02327   0.01595   -0.1707   0.0044   0.8622   -3.3087   0.0000   0.3363   
 9.000   1.6794   0.02353   0.01632   -0.1695   0.0042   0.9096   -3.3364   0.0000   0.3352   
 9.100   1.6795   0.02381   0.01665   -0.1678   0.0040   1.0000   -3.3581   0.0000   0.3340   
 9.200   1.6845   0.02418   0.01703   -0.1670   0.0036   1.0000   -3.3886   0.0000   0.3331   
 9.300   1.6901   0.02452   0.01737   -0.1664   0.0030   1.0000   -3.4161   0.0000   0.3321   
 9.400   1.6960   0.02485   0.01771   -0.1657   0.0023   1.0000   -3.4452   0.0000   0.3312   
 9.500   1.7011   0.02524   0.01811   -0.1650   0.0020   1.0000   -3.4748   0.0000   0.3303   
 9.600   1.7059   0.02565   0.01854   -0.1643   0.0019   1.0000   -3.5045   0.0000   0.3294   
 9.700   1.7107   0.02606   0.01896   -0.1636   0.0018   1.0000   -3.5342   0.0000   0.3286   
 9.800   1.7155   0.02646   0.01938   -0.1629   0.0018   1.0000   -3.5641   0.0000   0.3277   
 9.900   1.7202   0.02688   0.01983   -0.1621   0.0017   1.0000   -3.5937   0.0000   0.3268   
 10.000   1.7247   0.02732   0.02029   -0.1614   0.0017   1.0000   -3.6266   0.0000   0.3260   
 10.100   1.7293   0.02777   0.02075   -0.1607   0.0017   1.0000   -3.6640   0.0000   0.3251   
 10.200   1.7340   0.02821   0.02121   -0.1601   0.0017   1.0000   -3.7019   0.0000   0.3243   
 10.300   1.7387   0.02867   0.02169   -0.1594   0.0017   1.0000   -3.7398   0.0000   0.3235   
 10.400   1.7430   0.02916   0.02220   -0.1588   0.0017   1.0000   -3.7769   0.0000   0.3227   
 10.500   1.7472   0.02965   0.02273   -0.1581   0.0017   1.0000   -3.8140   0.0000   0.3219   
 10.600   1.7516   0.03015   0.02325   -0.1575   0.0017   1.0000   -3.8515   0.0000   0.3211   
 10.700   1.7561   0.03065   0.02377   -0.1568   0.0017   1.0000   -3.8892   0.0000   0.3203   
 10.800   1.7600   0.03120   0.02434   -0.1562   0.0017   1.0000   -3.9257   0.0000   0.3195   
 10.900   1.7638   0.03176   0.02493   -0.1555   0.0017   1.0000   -3.9618   0.0000   0.3187   
 11.000   1.7677   0.03233   0.02552   -0.1549   0.0017   1.0000   -3.9982   0.0000   0.3180   
 11.100   1.7717   0.03289   0.02611   -0.1543   0.0017   1.0000   -4.0350   0.0000   0.3172   
 11.200   1.7756   0.03346   0.02671   -0.1537   0.0017   1.0000   -4.0715   0.0000   0.3165   
 11.300   1.7788   0.03411   0.02740   -0.1530   0.0017   1.0000   -4.1056   0.0000   0.3158   
 11.400   1.7819   0.03477   0.02809   -0.1524   0.0017   1.0000   -4.1398   0.0000   0.3150   
 11.500   1.7851   0.03542   0.02878   -0.1518   0.0018   1.0000   -4.1745   0.0000   0.3143   
 11.600   1.7883   0.03607   0.02946   -0.1512   0.0018   1.0000   -4.2095   0.0000   0.3136   
 11.700   1.7912   0.03677   0.03018   -0.1505   0.0018   1.0000   -4.2434   0.0000   0.3129   
 11.800   1.7934   0.03753   0.03098   -0.1499   0.0018   1.0000   -4.2757   0.0000   0.3122   
 11.900   1.7959   0.03828   0.03175   -0.1493   0.0018   1.0000   -4.3086   0.0000   0.3116   
 12.000   1.7985   0.03901   0.03252   -0.1487   0.0018   1.0000   -4.3594   0.0000   0.3109   
 12.100   1.8012   0.03975   0.03328   -0.1481   0.0019   1.0000   -4.4233   0.0000   0.3102   
 12.200   1.8037   0.04052   0.03408   -0.1475   0.0019   1.0000   -4.4861   0.0000   0.3096   
 12.300   1.8052   0.04138   0.03498   -0.1469   0.0019   1.0000   -4.5450   0.0000   0.3090   
 12.400   1.8068   0.04223   0.03586   -0.1463   0.0019   1.0000   -4.6042   0.0000   0.3083   
 12.500   1.8086   0.04306   0.03672   -0.1458   0.0020   1.0000   -4.6647   0.0000   0.3077   
 12.600   1.8104   0.04389   0.03758   -0.1452   0.0020   1.0000   -4.7259   0.0000   0.3071   
 12.700   1.8119   0.04478   0.03851   -0.1446   0.0020   1.0000   -4.7853   0.0000   0.3065   
 12.800   1.8125   0.04579   0.03955   -0.1441   0.0021   1.0000   -4.8403   0.0000   0.3059   
 12.900   1.8134   0.04677   0.04056   -0.1435   0.0021   1.0000   -4.8973   0.0000   0.3054   
 13.000   1.8147   0.04772   0.04155   -0.1430   0.0021   1.0000   -4.9563   0.0000   0.3048   
 13.100   1.8162   0.04867   0.04253   -0.1425   0.0022   1.0000   -5.0162   0.0000   0.3042   
 13.200   1.8175   0.04963   0.04352   -0.1420   0.0022   1.0000   -5.0757   0.0000   0.3037   
 13.300   1.8179   0.05074   0.04467   -0.1416   0.0022   1.0000   -5.1299   0.0000   0.3032   
 13.400   1.8178   0.05192   0.04588   -0.1411   0.0023   1.0000   -5.1816   0.0000   0.3027   
 13.500   1.8183   0.05303   0.04703   -0.1407   0.0023   1.0000   -5.2363   0.0000   0.3022   
 13.600   1.8190   0.05412   0.04815   -0.1403   0.0024   1.0000   -5.2918   0.0000   0.3017   
 13.700   1.8197   0.05521   0.04929   -0.1399   0.0024   1.0000   -5.3471   0.0000   0.3012   
 13.800   1.8195   0.05644   0.05055   -0.1395   0.0025   1.0000   -5.3971   0.0000   0.3008   
 13.900   1.8187   0.05777   0.05192   -0.1391   0.0025   1.0000   -5.4428   0.0000   0.3004   
 14.000   1.8188   0.05899   0.05318   -0.1388   0.0026   1.0000   -5.4921   0.0000   0.3000   
 14.100   1.8194   0.06015   0.05437   -0.1385   0.0027   1.0000   -5.5420   0.0000   0.2995   
 14.200   1.8203   0.06126   0.05551   -0.1381   0.0028   1.0000   -5.5909   0.0000   0.2991   
 14.300   1.8218   0.06232   0.05660   -0.1379   0.0029   1.0000   -5.6380   0.0000   0.2986   
 14.400   1.8233   0.06341   0.05771   -0.1376   0.0030   1.0000   -5.6811   0.0000   0.2982   
 14.500   1.8240   0.06461   0.05893   -0.1374   0.0032   1.0000   -5.7203   0.0000   0.2978   
 14.600   1.8257   0.06569   0.06002   -0.1372   0.0033   1.0000   -5.7640   0.0000   0.2973   
 14.700   1.8277   0.06672   0.06110   -0.1370   0.0035   1.0000   -5.8142   0.0000   0.2969   
 14.800   1.8304   0.06767   0.06207   -0.1368   0.0037   1.0000   -5.8646   0.0000   0.2964   
 14.900   1.8344   0.06845   0.06288   -0.1366   0.0038   1.0000   -5.9213   0.0000   0.2959   
 15.000   1.8384   0.06923   0.06369   -0.1365   0.0040   1.0000   -5.9780   0.0000   0.2954   
 15.100   1.8416   0.07012   0.06462   -0.1363   0.0042   1.0000   -6.0305   0.0000   0.2949   
 15.200   1.8423   0.07138   0.06594   -0.1362   0.0043   1.0000   -6.0692   0.0000   0.2946   
 15.300   1.8423   0.07274   0.06738   -0.1360   0.0045   1.0000   -6.0925   0.0000   0.2942   
 15.400   1.8431   0.07400   0.06872   -0.1359   0.0049   1.0000   -6.1145   0.0000   0.2938   
 15.500   1.8437   0.07522   0.06997   -0.1357   0.0050   1.0000   -6.1703   0.0000   0.2935   
 15.600   1.8442   0.07646   0.07124   -0.1356   0.0051   1.0000   -6.2256   0.0000   0.2932   
 15.700   1.8445   0.07773   0.07255   -0.1355   0.0053   1.0000   -6.2791   0.0000   0.2928   
 15.800   1.8431   0.07923   0.07409   -0.1355   0.0054   1.0000   -6.3235   0.0000   0.2926   
 15.900   1.8402   0.08096   0.07587   -0.1355   0.0056   1.0000   -6.3588   0.0000   0.2925   
 16.000   1.8385   0.08251   0.07746   -0.1355   0.0057   1.0000   -6.4011   0.0000   0.2923   
 16.100   1.8371   0.08403   0.07902   -0.1354   0.0059   1.0000   -6.4444   0.0000   0.2920   
 16.200   1.8355   0.08558   0.08062   -0.1354   0.0061   1.0000   -6.4859   0.0000   0.2918   
 16.300   1.8322   0.08742   0.08252   -0.1355   0.0063   1.0000   -6.5170   0.0000   0.2918   
 16.400   1.8279   0.08948   0.08464   -0.1357   0.0065   1.0000   -6.5410   0.0000   0.2918   
 16.500   1.8249   0.09131   0.08653   -0.1359   0.0068   1.0000   -6.5711   0.0000   0.2917   
 16.600   1.8226   0.09305   0.08834   -0.1360   0.0072   1.0000   -6.6009   0.0000   0.2916   
