XFLR5 v6.02 Beta

 Calculated polar for: WORTMANN FX 63-137

 1 1 Reynolds number fixed          Mach number fixed         

 xtrf =   1.000 (top)        1.000 (bottom)
 Mach =   0.000     Re =    43.750 e 6     Ncrit =   9.000

  alpha     CL        CD       CDp       CM    Top Xtr Bot Xtr   Cpmin    Chinge    XCp    
 ------- -------- --------- --------- -------- ------- ------- -------- --------- ---------
 -21.000  -1.2342   0.04054   0.03718  -0.1618  0.4777  0.0017  -26.9096   0.0000   0.0856
 -20.500  -1.2488   0.03333   0.02986  -0.1675  0.4671  0.0017  -26.7848   0.0000   0.0843
 -20.000  -1.2450   0.02853   0.02501  -0.1709  0.4663  0.0018  -26.3185   0.0000   0.0826
 -19.000  -1.2210   0.02084   0.01721  -0.1758  0.4657  0.0019  -25.0949   0.0000   0.0785
 -18.500  -1.1951   0.01797   0.01429  -0.1787  0.4655  0.0019  -24.2893   0.0000   0.0741
 -18.000  -1.1486   0.01561   0.01179  -0.1843  0.4227  0.0020  -23.2391   0.0000   0.0640
 -17.500  -1.0966   0.01424   0.01026  -0.1878  0.3523  0.0021  -22.1114   0.0000   0.0539
 -17.000  -1.0434   0.01328   0.00926  -0.1894  0.3423  0.0022  -20.9707   0.0000   0.0441
 -16.500  -0.9887   0.01246   0.00840  -0.1909  0.3386  0.0023  -19.8360   0.0000   0.0331
 -16.000  -0.9328   0.01173   0.00764  -0.1922  0.3378  0.0025  -18.7147   0.0000   0.0205
 -15.500  -0.8761   0.01106   0.00694  -0.1934  0.3376  0.0026  -17.6109   0.0000   0.0060
 -14.000  -0.7050   0.00961   0.00525  -0.1963  0.2430  0.0031  -14.4619   0.0000  -0.0514
 -13.500  -0.6465   0.00921   0.00481  -0.1972  0.2248  0.0032  -13.5374   0.0000  -0.0783
 -13.000  -0.5874   0.00881   0.00438  -0.1982  0.2217  0.0034  -12.6358   0.0000  -0.1112
 -12.500  -0.5288   0.00850   0.00401  -0.1991  0.1937  0.0036  -11.7625   0.0000  -0.1510
 -12.000  -0.4697   0.00822   0.00368  -0.1999  0.1701  0.0038  -10.9122   0.0000  -0.2013
 -11.500  -0.4101   0.00795   0.00338  -0.2008  0.1701  0.0039  -10.0834   0.0000  -0.2670
 -11.000  -0.3504   0.00772   0.00312  -0.2017  0.1697  0.0039  -9.2861   0.0000  -0.3552
 -10.500  -0.2906   0.00751   0.00288  -0.2026  0.1691  0.0040  -8.5171   0.0000  -0.4800
  -9.500  -0.1715   0.00719   0.00248  -0.2041  0.1430  0.0041  -7.0707   0.0000  -0.9879
  -9.000  -0.1119   0.00705   0.00231  -0.2048  0.1328  0.0041  -6.3919   0.0000  -1.6490
  -8.500  -0.0521   0.00692   0.00216  -0.2056  0.1276  0.0041  -5.7386   0.0000  -3.8366
  -8.000   0.0078   0.00681   0.00202  -0.2063  0.1241  0.0042  -5.1146   0.0000  27.5713
  -7.500   0.0676   0.00671   0.00191  -0.2071  0.1237  0.0042  -4.5203   0.0000   3.4032
  -7.000   0.1274   0.00662   0.00180  -0.2078  0.1235  0.0043  -4.0493   0.0000   1.9255
  -6.500   0.1872   0.00655   0.00171  -0.2085  0.1233  0.0043  -3.6578   0.0000   1.3921
  -6.000   0.2468   0.00649   0.00164  -0.2092  0.1228  0.0043  -3.2817   0.0000   1.1170
  -5.500   0.3064   0.00644   0.00159  -0.2098  0.1224  0.0044  -2.9209   0.0000   0.9492
  -5.000   0.3650   0.00648   0.00156  -0.2103  0.1011  0.0044  -2.5775   0.0000   0.8369
  -4.500   0.4242   0.00648   0.00153  -0.2109  0.0982  0.0045  -2.2484   0.0000   0.7554
  -4.000   0.4832   0.00649   0.00153  -0.2114  0.0900  0.0045  -1.9350   0.0000   0.6938
  -3.500   0.5422   0.00651   0.00153  -0.2119  0.0855  0.0046  -1.6366   0.0000   0.6456
  -3.000   0.6011   0.00653   0.00154  -0.2125  0.0843  0.0050  -1.3539   0.0000   0.6069
  -2.500   0.6598   0.00656   0.00156  -0.2130  0.0841  0.0047  -1.0860   0.0000   0.5751
  -2.000   0.7184   0.00660   0.00159  -0.2134  0.0837  0.0056  -0.9598   0.0000   0.5484
  -1.500   0.7753   0.00679   0.00169  -0.2135  0.0574  0.0069  -1.0090   0.0000   0.5259
  -1.000   0.8333   0.00687   0.00175  -0.2139  0.0509  0.0079  -1.0612   0.0000   0.5064
  -0.500   0.8909   0.00697   0.00184  -0.2142  0.0480  0.0088  -1.1136   0.0000   0.4893
   0.000   0.9484   0.00709   0.00193  -0.2145  0.0453  0.0095  -1.1662   0.0000   0.4743
   0.500   1.0059   0.00719   0.00203  -0.2148  0.0428  0.0157  -1.2208   0.0000   0.4610
   1.000   1.0632   0.00730   0.00213  -0.2151  0.0454  0.0170  -1.2853   0.0000   0.4490
   1.500   1.1201   0.00743   0.00226  -0.2153  0.0441  0.0172  -1.3607   0.0000   0.4382
   2.000   1.1766   0.00758   0.00239  -0.2155  0.0423  0.0194  -1.4369   0.0000   0.4284
   2.500   1.2292   0.00807   0.00277  -0.2148  0.0023  0.0373  -1.5241   0.0000   0.4193
   3.500   1.3397   0.00850   0.00317  -0.2147  0.0014  0.0418  -1.7556   0.0000   0.4034
   4.000   1.3944   0.00874   0.00339  -0.2145  0.0016  0.0452  -1.8984   0.0000   0.3962
   4.500   1.4487   0.00899   0.00364  -0.2143  0.0013  0.0518  -2.0763   0.0000   0.3896
   5.000   1.5026   0.00926   0.00389  -0.2141  0.0013  0.0670  -2.2585   0.0000   0.3833
   5.500   1.5559   0.00955   0.00417  -0.2137  0.0013  0.0802  -2.4447   0.0000   0.3774
   6.000   1.6091   0.00984   0.00448  -0.2134  0.0012  0.1211  -2.6352   0.0000   0.3719
   6.500   1.6615   0.01015   0.00481  -0.2130  0.0012  0.1460  -2.8293   0.0000   0.3666
   7.000   1.7129   0.01050   0.00515  -0.2123  0.0012  0.1574  -3.0261   0.0000   0.3615
   7.500   1.7637   0.01087   0.00552  -0.2116  0.0012  0.1735  -3.2264   0.0000   0.3567
   8.000   1.8132   0.01127   0.00590  -0.2106  0.0012  0.1680  -3.4288   0.0000   0.3520
   8.500   1.8627   0.01167   0.00633  -0.2097  0.0012  0.2182  -3.6350   0.0000   0.3475
   9.000   1.9110   0.01211   0.00679  -0.2086  0.0012  0.2663  -3.9015   0.0000   0.3431
  10.500   2.0468   0.01362   0.00843  -0.2038  0.0011  0.4067  -5.4006   0.0000   0.3306
  11.500   2.1053   0.01500   0.00984  -0.1943  0.0011  0.4342  -6.4879   0.0000   0.3214
  12.000   2.1350   0.01587   0.01072  -0.1900  0.0010  0.4347  -7.0671   0.0000   0.3170
  12.500   2.1637   0.01686   0.01176  -0.1858  0.0010  0.4681  -7.6606   0.0000   0.3129
  13.000   2.1918   0.01801   0.01296  -0.1817  0.0010  0.5088  -8.2697   0.0000   0.3088
  13.500   2.2174   0.01935   0.01433  -0.1776  0.0009  0.5224  -8.8823   0.0000   0.3049
  14.000   2.2406   0.02094   0.01598  -0.1734  0.0009  0.5540  -9.4951   0.0000   0.3011
  15.000   2.2804   0.02495   0.02013  -0.1653  0.0008  0.6303  -10.7232   0.0000   0.2938
  15.500   2.2980   0.02744   0.02267  -0.1615  0.0008  0.6619  -11.3444   0.0000   0.2905
  16.500   2.2728   0.03834   0.03392  -0.1503  0.0016  0.7135  -12.0275   0.0000   0.2838
  17.000   2.2746   0.04301   0.03869  -0.1471  0.0019  0.7483  -12.5664   0.0000   0.2810
  17.500   2.2843   0.04746   0.04324  -0.1452  0.0022  0.8012  -13.1724   0.0000   0.2785
  18.000   2.2923   0.05325   0.04926  -0.1447  0.0028  0.9414  -13.7573   0.0000   0.2766
  19.500   2.2841   0.07222   0.06852  -0.1408  0.0037  1.0000  -15.2508   0.0000   0.2707


