xflr5 v6.59

 Calculated polar for: WORTMANN FX 63-137 AIRFOIL

 1 1 Reynolds number fixed          Mach number fixed         

 xtrf =   1.000 (top)        1.000 (bottom)
 Mach =   0.000     Re =     2.000 e 6     Ncrit =   9.000

  alpha     CL        CD       CDp       Cm    Top Xtr Bot Xtr   Cpmin    Chinge    XCp    
 ------- -------- --------- --------- -------- ------- ------- -------- --------- ---------
 -13.800   -0.5728   0.06524   0.06356   -0.0995   0.9930   0.0068   -9.8875   0.0000   0.0503   
 -13.700   -0.6095   0.05555   0.05374   -0.1079   0.9917   0.0067   -10.5393   0.0000   0.0481   
 -13.500   -0.6377   0.04538   0.04339   -0.1183   0.9873   0.0067   -11.0207   0.0000   0.0409   
 -13.400   -0.6440   0.04152   0.03945   -0.1231   0.9846   0.0067   -11.1408   0.0000   0.0357   
 -13.300   -0.6497   0.03853   0.03639   -0.1265   0.9805   0.0067   -11.2191   0.0000   0.0326   
 -13.100   -0.6569   0.03359   0.03133   -0.1323   0.9669   0.0067   -11.2971   0.0000   0.0267   
 -13.000   -0.6509   0.03085   0.02849   -0.1376   0.9606   0.0067   -11.2687   0.0000   0.0168   
 -12.900   -0.6348   0.02794   0.02544   -0.1452   0.9541   0.0067   -11.1669   0.0000   -0.0007   
 -12.800   -0.6096   0.02517   0.02252   -0.1544   0.9491   0.0068   -10.9929   0.0000   -0.0258   
 -12.700   -0.5787   0.02273   0.01992   -0.1641   0.9421   0.0068   -10.7664   0.0000   -0.0567   
 -12.600   -0.5488   0.02080   0.01781   -0.1724   0.9287   0.0068   -10.5322   0.0000   -0.0882   
 -12.500   -0.5302   0.01952   0.01636   -0.1772   0.9091   0.0068   -10.3615   0.0000   -0.1086   
 -12.400   -0.5186   0.01860   0.01529   -0.1799   0.8910   0.0068   -10.2313   0.0000   -0.1213   
 -12.300   -0.5086   0.01785   0.01440   -0.1817   0.8765   0.0068   -10.1078   0.0000   -0.1319   
 -12.200   -0.4988   0.01723   0.01368   -0.1830   0.8648   0.0068   -9.9794   0.0000   -0.1417   
 -12.100   -0.4903   0.01678   0.01311   -0.1836   0.8518   0.0068   -9.8573   0.0000   -0.1492   
 -12.000   -0.4807   0.01632   0.01256   -0.1843   0.8425   0.0068   -9.7262   0.0000   -0.1583   
 -11.900   -0.4717   0.01592   0.01207   -0.1848   0.8328   0.0068   -9.5980   0.0000   -0.1666   
 -11.800   -0.4616   0.01552   0.01159   -0.1853   0.8259   0.0068   -9.4623   0.0000   -0.1767   
 -11.700   -0.4511   0.01515   0.01114   -0.1859   0.8189   0.0068   -9.3247   0.0000   -0.1875   
 -11.600   -0.4411   0.01482   0.01072   -0.1863   0.8104   0.0068   -9.1890   0.0000   -0.1979   
 -11.500   -0.4310   0.01452   0.01034   -0.1867   0.8028   0.0068   -9.0525   0.0000   -0.2089   
 -11.400   -0.4200   0.01420   0.00996   -0.1872   0.7980   0.0068   -8.9099   0.0000   -0.2217   
 -11.300   -0.4090   0.01391   0.00960   -0.1876   0.7931   0.0067   -8.7676   0.0000   -0.2351   
 -11.200   -0.3981   0.01364   0.00927   -0.1880   0.7882   0.0067   -8.6260   0.0000   -0.2490   
 -11.100   -0.3872   0.01340   0.00895   -0.1883   0.7828   0.0067   -8.4855   0.0000   -0.2633   
 -11.000   -0.3762   0.01316   0.00865   -0.1887   0.7776   0.0067   -8.3438   0.0000   -0.2789   
 -10.900   -0.3644   0.01291   0.00836   -0.1892   0.7755   0.0067   -8.1976   0.0000   -0.2969   
 -10.800   -0.3527   0.01267   0.00808   -0.1896   0.7727   0.0067   -8.0523   0.0000   -0.3159   
 -10.700   -0.3410   0.01246   0.00782   -0.1900   0.7687   0.0067   -7.9082   0.0000   -0.3359   
 -10.600   -0.3295   0.01226   0.00757   -0.1903   0.7637   0.0066   -7.7658   0.0000   -0.3569   
 -10.500   -0.3184   0.01209   0.00733   -0.1905   0.7576   0.0066   -7.6260   0.0000   -0.3785   
 -10.400   -0.3074   0.01193   0.00711   -0.1907   0.7508   0.0066   -7.4878   0.0000   -0.4012   
 -10.300   -0.2956   0.01176   0.00689   -0.1911   0.7472   0.0066   -7.3460   0.0000   -0.4276   
 -10.200   -0.2839   0.01159   0.00668   -0.1914   0.7438   0.0066   -7.2047   0.0000   -0.4564   
 -10.100   -0.2721   0.01143   0.00648   -0.1917   0.7402   0.0066   -7.0644   0.0000   -0.4874   
 -10.000   -0.2604   0.01128   0.00629   -0.1919   0.7366   0.0065   -6.9253   0.0000   -0.5210   
 -9.900   -0.2488   0.01114   0.00610   -0.1922   0.7329   0.0065   -6.7873   0.0000   -0.5576   
 -9.800   -0.2371   0.01101   0.00592   -0.1925   0.7293   0.0065   -6.6502   0.0000   -0.5978   
 -9.700   -0.2254   0.01087   0.00575   -0.1927   0.7257   0.0065   -6.5136   0.0000   -0.6425   
 -9.600   -0.2135   0.01074   0.00558   -0.1930   0.7227   0.0065   -6.3952   0.0000   -0.6929   
 -9.500   -0.2015   0.01060   0.00542   -0.1933   0.7208   0.0065   -6.2781   0.0000   -0.7502   
 -9.400   -0.1893   0.01045   0.00526   -0.1937   0.7200   0.0064   -6.1609   0.0000   -0.8161   
 -9.300   -0.1770   0.01031   0.00509   -0.1940   0.7190   0.0064   -6.0452   0.0000   -0.8911   
 -9.200   -0.1648   0.01017   0.00493   -0.1944   0.7178   0.0064   -5.9287   0.0000   -0.9774   
 -9.100   -0.1525   0.01003   0.00479   -0.1947   0.7164   0.0064   -5.8128   0.0000   -1.0775   
 -9.000   -0.1403   0.00990   0.00465   -0.1950   0.7147   0.0064   -5.6978   0.0000   -1.1944   
 -8.900   -0.1282   0.00979   0.00452   -0.1953   0.7114   0.0064   -5.5844   0.0000   -1.3316   
 -8.800   -0.1165   0.00970   0.00439   -0.1955   0.7052   0.0064   -5.4734   0.0000   -1.4918   
 -8.700   -0.1054   0.00964   0.00428   -0.1955   0.6956   0.0063   -5.3662   0.0000   -1.6751   
 -8.600   -0.0939   0.00957   0.00417   -0.1957   0.6881   0.0063   -5.2579   0.0000   -1.9114   
 -8.500   -0.0821   0.00950   0.00406   -0.1959   0.6823   0.0063   -5.1495   0.0000   -2.2203   
 -8.400   -0.0706   0.00944   0.00395   -0.1960   0.6758   0.0063   -5.0427   0.0000   -2.6251   
 -8.300   -0.0592   0.00940   0.00385   -0.1961   0.6688   0.0063   -4.9374   0.0000   -3.1800   
 -8.200   -0.0476   0.00934   0.00376   -0.1962   0.6615   0.0063   -4.8320   0.0000   -4.0183   
 -8.100   -0.0355   0.00926   0.00366   -0.1965   0.6591   0.0063   -4.7251   0.0000   -5.4783   
 -8.000   -0.0233   0.00919   0.00357   -0.1967   0.6569   0.0063   -4.6191   0.0000   -8.4593   
 -7.900   -0.0113   0.00912   0.00348   -0.1969   0.6543   0.0063   -4.5140   0.0000   -17.8222   
 -7.800   0.0008   0.00905   0.00340   -0.1971   0.6510   0.0063   -4.4102   0.0000   264.9613   
 -7.700   0.0126   0.00900   0.00332   -0.1973   0.6451   0.0063   -4.3081   0.0000   16.4417   
 -7.600   0.0240   0.00898   0.00325   -0.1974   0.6368   0.0063   -4.2086   0.0000   8.7340   
 -7.500   0.0355   0.00895   0.00318   -0.1975   0.6288   0.0063   -4.1096   0.0000   5.9862   
 -7.400   0.0474   0.00891   0.00310   -0.1976   0.6247   0.0063   -4.0326   0.0000   4.5492   
 -7.300   0.0592   0.00886   0.00303   -0.1978   0.6206   0.0063   -3.9575   0.0000   3.6889   
 -7.200   0.0710   0.00882   0.00297   -0.1980   0.6163   0.0063   -3.8829   0.0000   3.1177   
 -7.100   0.0828   0.00879   0.00291   -0.1981   0.6118   0.0064   -3.8089   0.0000   2.7114   
 -7.000   0.0945   0.00876   0.00285   -0.1982   0.6070   0.0064   -3.7354   0.0000   2.4072   
 -6.900   0.1064   0.00872   0.00278   -0.1984   0.6041   0.0064   -3.6613   0.0000   2.1662   
 -6.800   0.1183   0.00869   0.00272   -0.1986   0.5994   0.0064   -3.5882   0.0000   1.9746   
 -6.700   0.1303   0.00864   0.00267   -0.1988   0.5968   0.0064   -3.5149   0.0000   1.8161   
 -6.600   0.1424   0.00860   0.00261   -0.1990   0.5954   0.0063   -3.4416   0.0000   1.6838   
 -6.500   0.1545   0.00855   0.00256   -0.1991   0.5935   0.0063   -3.3686   0.0000   1.5726   
 -6.400   0.1665   0.00851   0.00251   -0.1993   0.5908   0.0063   -3.2957   0.0000   1.4778   
 -6.300   0.1783   0.00849   0.00247   -0.1995   0.5858   0.0063   -3.2231   0.0000   1.3967   
 -6.200   0.1896   0.00850   0.00244   -0.1995   0.5759   0.0063   -3.1514   0.0000   1.3280   
 -6.100   0.2007   0.00853   0.00242   -0.1995   0.5645   0.0063   -3.0779   0.0000   1.2681   
 -6.000   0.2123   0.00853   0.00240   -0.1996   0.5592   0.0063   -2.9980   0.0000   1.2126   
 -5.900   0.2237   0.00854   0.00241   -0.1997   0.5546   0.0063   -2.9066   0.0000   1.1633   
 -5.800   0.2342   0.00863   0.00254   -0.1995   0.5493   0.0063   -2.7788   0.0000   1.1212   
 -5.700   0.2452   0.00868   0.00259   -0.1995   0.5435   0.0063   -2.6892   0.0000   1.0817   
 -5.600   0.2567   0.00869   0.00258   -0.1996   0.5375   0.0063   -2.6190   0.0000   1.0444   
 -5.500   0.2684   0.00868   0.00256   -0.1997   0.5325   0.0063   -2.5506   0.0000   1.0098   
 -5.400   0.2804   0.00865   0.00253   -0.1998   0.5310   0.0063   -2.4837   0.0000   0.9777   
 -5.300   0.2923   0.00862   0.00250   -0.2000   0.5291   0.0063   -2.4188   0.0000   0.9482   
 -5.200   0.3042   0.00859   0.00247   -0.2002   0.5263   0.0063   -2.3556   0.0000   0.9211   
 -5.100   0.3160   0.00858   0.00244   -0.2003   0.5218   0.0063   -2.2943   0.0000   0.8962   
 -5.000   0.3268   0.00864   0.00244   -0.2002   0.5064   0.0063   -2.2370   0.0000   0.8745   
 -4.900   0.3380   0.00867   0.00243   -0.2003   0.4954   0.0063   -2.1796   0.0000   0.8537   
 -4.800   0.3495   0.00868   0.00240   -0.2004   0.4894   0.0063   -2.1224   0.0000   0.8337   
 -4.700   0.3611   0.00868   0.00238   -0.2005   0.4836   0.0063   -2.0664   0.0000   0.8151   
 -4.600   0.3726   0.00870   0.00236   -0.2005   0.4775   0.0063   -2.0114   0.0000   0.7976   
 -4.500   0.3841   0.00870   0.00233   -0.2006   0.4706   0.0064   -1.9570   0.0000   0.7811   
 -4.400   0.3960   0.00869   0.00230   -0.2008   0.4666   0.0064   -1.9031   0.0000   0.7654   
 -4.300   0.4080   0.00866   0.00227   -0.2009   0.4649   0.0065   -1.8487   0.0000   0.7504   
 -4.200   0.4198   0.00865   0.00225   -0.2011   0.4625   0.0066   -1.7940   0.0000   0.7364   
 -4.100   0.4314   0.00866   0.00225   -0.2011   0.4587   0.0067   -1.7373   0.0000   0.7233   
 -4.000   0.4421   0.00873   0.00231   -0.2010   0.4508   0.0071   -1.6703   0.0000   0.7114   
 -3.900   0.4500   0.00902   0.00257   -0.2004   0.4330   0.0093   -1.5677   0.0000   0.7016   
 -3.800   0.4676   0.00859   0.00203   -0.2018   0.4270   0.0155   -1.7373   0.0000   0.6875   
 -3.700   0.4784   0.00866   0.00210   -0.2017   0.4220   0.0160   -1.6456   0.0000   0.6773   
 -3.600   0.4892   0.00872   0.00217   -0.2017   0.4170   0.0163   -1.5590   0.0000   0.6675   
 -3.500   0.5000   0.00879   0.00225   -0.2016   0.4114   0.0166   -1.4769   0.0000   0.6582   
 -3.400   0.5108   0.00885   0.00235   -0.2016   0.4057   0.0169   -1.3948   0.0000   0.6493   
 -2.900   0.5702   0.00878   0.00227   -0.2024   0.3941   0.0212   -1.1299   0.0000   0.6083   
 -2.800   0.5816   0.00881   0.00225   -0.2025   0.3846   0.0210   -1.0868   0.0000   0.6012   
 -2.700   0.5922   0.00891   0.00226   -0.2024   0.3687   0.0208   -1.0454   0.0000   0.5946   
 -2.600   0.6039   0.00892   0.00223   -0.2025   0.3641   0.0206   -1.0020   0.0000   0.5880   
 -2.500   0.6155   0.00893   0.00221   -0.2026   0.3598   0.0204   -0.9588   0.0000   0.5816   
 -2.400   0.6270   0.00895   0.00219   -0.2027   0.3554   0.0200   -0.9157   0.0000   0.5755   
 -2.300   0.6385   0.00898   0.00217   -0.2027   0.3513   0.0193   -0.9013   0.0000   0.5695   
 -2.200   0.6501   0.00900   0.00216   -0.2028   0.3462   0.0192   -0.9101   0.0000   0.5638   
 -2.100   0.6617   0.00901   0.00214   -0.2029   0.3405   0.0192   -0.9188   0.0000   0.5583   
 -2.000   0.6735   0.00901   0.00213   -0.2030   0.3379   0.0191   -0.9279   0.0000   0.5529   
 -1.900   0.6852   0.00902   0.00211   -0.2032   0.3351   0.0191   -0.9374   0.0000   0.5477   
 -1.800   0.6968   0.00904   0.00211   -0.2032   0.3302   0.0191   -0.9473   0.0000   0.5427   
 -1.700   0.7059   0.00926   0.00219   -0.2029   0.3027   0.0190   -0.9584   0.0000   0.5383   
 -1.600   0.7166   0.00935   0.00221   -0.2028   0.2929   0.0190   -0.9607   0.0000   0.5337   
 -1.500   0.7274   0.00943   0.00223   -0.2028   0.2820   0.0189   -0.9706   0.0000   0.5293   
 -1.400   0.7390   0.00945   0.00223   -0.2028   0.2776   0.0191   -0.9811   0.0000   0.5248   
 -1.300   0.7505   0.00947   0.00223   -0.2029   0.2751   0.0193   -0.9919   0.0000   0.5205   
 -1.200   0.7621   0.00948   0.00223   -0.2030   0.2725   0.0196   -1.0028   0.0000   0.5164   
 -1.100   0.7717   0.00967   0.00231   -0.2027   0.2501   0.0199   -1.0170   0.0000   0.5125   
 -1.000   0.7830   0.00971   0.00232   -0.2028   0.2461   0.0201   -1.0267   0.0000   0.5086   
 -0.900   0.7942   0.00975   0.00234   -0.2028   0.2424   0.0203   -1.0351   0.0000   0.5048   
 -0.800   0.8054   0.00979   0.00236   -0.2028   0.2387   0.0203   -1.0422   0.0000   0.5012   
 -0.700   0.8166   0.00984   0.00238   -0.2028   0.2350   0.0203   -1.0488   0.0000   0.4976   
 -0.600   0.8278   0.00989   0.00240   -0.2028   0.2311   0.0201   -1.0560   0.0000   0.4941   
 -0.500   0.8391   0.00993   0.00242   -0.2029   0.2266   0.0200   -1.0640   0.0000   0.4906   
 -0.400   0.8504   0.00995   0.00244   -0.2029   0.2230   0.0199   -1.0731   0.0000   0.4873   
 -0.300   0.8619   0.00997   0.00245   -0.2030   0.2215   0.0198   -1.0833   0.0000   0.4841   
 -0.200   0.8733   0.01000   0.00247   -0.2030   0.2199   0.0197   -1.0938   0.0000   0.4809   
 -0.100   0.8845   0.01004   0.00250   -0.2030   0.2163   0.0196   -1.1047   0.0000   0.4778   
 0.000   0.8938   0.01025   0.00262   -0.2027   0.1952   0.0196   -1.1187   0.0000   0.4749   
 0.100   0.9046   0.01031   0.00266   -0.2026   0.1910   0.0195   -1.1295   0.0000   0.4720   
 0.200   0.9156   0.01037   0.00270   -0.2026   0.1879   0.0195   -1.1403   0.0000   0.4691   
 0.300   0.9265   0.01043   0.00275   -0.2026   0.1848   0.0194   -1.1513   0.0000   0.4663   
 0.400   0.9374   0.01049   0.00279   -0.2025   0.1817   0.0194   -1.1622   0.0000   0.4636   
 0.500   0.9484   0.01055   0.00283   -0.2025   0.1781   0.0194   -1.1730   0.0000   0.4609   
 0.600   0.9595   0.01059   0.00287   -0.2025   0.1744   0.0194   -1.1836   0.0000   0.4583   
 0.700   0.9707   0.01063   0.00290   -0.2025   0.1712   0.0195   -1.1942   0.0000   0.4557   
 0.800   0.9819   0.01067   0.00294   -0.2025   0.1700   0.0197   -1.2046   0.0000   0.4532   
 0.900   0.9931   0.01070   0.00297   -0.2025   0.1694   0.0202   -1.2150   0.0000   0.4508   
 1.000   1.0044   0.01073   0.00304   -0.2025   0.1688   0.0266   -1.2255   0.0000   0.4484   
 1.100   1.0158   0.01075   0.00308   -0.2026   0.1680   0.0357   -1.2378   0.0000   0.4460   
 1.200   1.0270   0.01078   0.00312   -0.2026   0.1670   0.0371   -1.2528   0.0000   0.4437   
 1.300   1.0381   0.01082   0.00316   -0.2026   0.1654   0.0378   -1.2681   0.0000   0.4415   
 1.400   1.0492   0.01086   0.00319   -0.2026   0.1640   0.0382   -1.2832   0.0000   0.4393   
 1.500   1.0581   0.01108   0.00334   -0.2023   0.1460   0.0387   -1.3017   0.0000   0.4372   
 1.600   1.0688   0.01115   0.00339   -0.2022   0.1435   0.0402   -1.3152   0.0000   0.4350   
 1.700   1.0795   0.01122   0.00344   -0.2021   0.1411   0.0419   -1.3278   0.0000   0.4330   
 1.800   1.0901   0.01129   0.00350   -0.2020   0.1386   0.0441   -1.3395   0.0000   0.4309   
 1.900   1.1007   0.01137   0.00356   -0.2019   0.1362   0.0468   -1.3507   0.0000   0.4289   
 2.000   1.1114   0.01144   0.00362   -0.2019   0.1335   0.0489   -1.3622   0.0000   0.4269   
 2.100   1.1222   0.01149   0.00369   -0.2018   0.1306   0.0512   -1.3748   0.0000   0.4250   
 2.200   1.1334   0.01154   0.00374   -0.2019   0.1275   0.0638   -1.3883   0.0000   0.4231   
 2.300   1.1443   0.01159   0.00380   -0.2018   0.1250   0.0685   -1.4040   0.0000   0.4213   
 2.400   1.1563   0.01158   0.00386   -0.2021   0.1239   0.1102   -1.4228   0.0000   0.4195   
 2.500   1.1685   0.01157   0.00391   -0.2024   0.1234   0.1486   -1.4420   0.0000   0.4178   
 2.600   1.1810   0.01155   0.00397   -0.2028   0.1228   0.1921   -1.4616   0.0000   0.4162   
 2.700   1.1920   0.01159   0.00402   -0.2028   0.1221   0.1997   -1.4800   0.0000   0.4144   
 2.800   1.2035   0.01161   0.00409   -0.2029   0.1212   0.2196   -1.4992   0.0000   0.4128   
 2.900   1.2151   0.01164   0.00416   -0.2031   0.1182   0.2485   -1.5194   0.0000   0.4112   
 3.000   1.2238   0.01189   0.00435   -0.2028   0.1016   0.2666   -1.5398   0.0000   0.4096   
 3.100   1.2349   0.01197   0.00446   -0.2029   0.0974   0.3041   -1.5605   0.0000   0.4080   
 3.200   1.2450   0.01209   0.00456   -0.2027   0.0924   0.3172   -1.5820   0.0000   0.4065   
 3.300   1.2563   0.01214   0.00466   -0.2029   0.0869   0.3450   -1.6044   0.0000   0.4050   
 3.400   1.2675   0.01219   0.00475   -0.2030   0.0842   0.3686   -1.6279   0.0000   0.4035   
 3.500   1.2785   0.01224   0.00483   -0.2030   0.0835   0.3832   -1.6529   0.0000   0.4020   
 3.600   1.2894   0.01229   0.00491   -0.2030   0.0823   0.3977   -1.6775   0.0000   0.4005   
 3.700   1.3002   0.01235   0.00500   -0.2030   0.0807   0.4143   -1.7021   0.0000   0.3990   
 3.800   1.3108   0.01242   0.00509   -0.2030   0.0783   0.4277   -1.7267   0.0000   0.3976   
 3.900   1.3217   0.01245   0.00515   -0.2029   0.0813   0.4271   -1.7478   0.0000   0.3961   
 4.000   1.3322   0.01252   0.00522   -0.2028   0.0805   0.4343   -1.7811   0.0000   0.3947   
 4.100   1.3427   0.01260   0.00532   -0.2028   0.0782   0.4464   -1.8145   0.0000   0.3933   
 4.200   1.3509   0.01285   0.00553   -0.2023   0.0658   0.4568   -1.8445   0.0000   0.3919   
 4.300   1.3608   0.01296   0.00563   -0.2021   0.0640   0.4647   -1.8772   0.0000   0.3905   
 4.400   1.3707   0.01307   0.00573   -0.2019   0.0622   0.4738   -1.9102   0.0000   0.3891   
 4.500   1.3809   0.01316   0.00583   -0.2018   0.0604   0.4852   -1.9436   0.0000   0.3878   
 4.600   1.3908   0.01326   0.00593   -0.2016   0.0585   0.4928   -1.9769   0.0000   0.3865   
 4.700   1.4006   0.01336   0.00603   -0.2013   0.0564   0.4975   -2.0100   0.0000   0.3851   
 4.800   1.4106   0.01346   0.00613   -0.2012   0.0546   0.5055   -2.0435   0.0000   0.3838   
 4.900   1.4210   0.01354   0.00624   -0.2011   0.0531   0.5202   -2.0778   0.0000   0.3826   
 5.000   1.4309   0.01362   0.00635   -0.2009   0.0517   0.5300   -2.1117   0.0000   0.3813   
 5.100   1.4410   0.01371   0.00645   -0.2007   0.0515   0.5391   -2.1469   0.0000   0.3801   
 5.200   1.4510   0.01380   0.00656   -0.2006   0.0511   0.5490   -2.1825   0.0000   0.3788   
 5.300   1.4608   0.01390   0.00667   -0.2003   0.0506   0.5534   -2.2177   0.0000   0.3776   
 5.400   1.4703   0.01400   0.00678   -0.2001   0.0497   0.5565   -2.2527   0.0000   0.3764   
 5.500   1.4796   0.01412   0.00690   -0.1998   0.0486   0.5598   -2.2877   0.0000   0.3752   
 5.600   1.4888   0.01425   0.00702   -0.1994   0.0473   0.5626   -2.3225   0.0000   0.3739   
 5.700   1.4979   0.01438   0.00714   -0.1991   0.0459   0.5649   -2.3572   0.0000   0.3727   
 5.800   1.5070   0.01451   0.00727   -0.1987   0.0445   0.5704   -2.3921   0.0000   0.3716   
 5.900   1.5161   0.01464   0.00741   -0.1984   0.0430   0.5787   -2.4271   0.0000   0.3704   
 6.000   1.5252   0.01477   0.00756   -0.1981   0.0414   0.5875   -2.4621   0.0000   0.3692   
 6.100   1.5337   0.01493   0.00774   -0.1977   0.0378   0.5966   -2.4977   0.0000   0.3681   
 6.200   1.5430   0.01504   0.00786   -0.1974   0.0373   0.6073   -2.5343   0.0000   0.3669   
 6.300   1.5522   0.01515   0.00799   -0.1971   0.0368   0.6170   -2.5709   0.0000   0.3658   
 6.400   1.5611   0.01527   0.00812   -0.1967   0.0362   0.6237   -2.6071   0.0000   0.3647   
 6.500   1.5698   0.01540   0.00824   -0.1963   0.0353   0.6277   -2.6432   0.0000   0.3636   
 6.600   1.5781   0.01554   0.00838   -0.1958   0.0343   0.6313   -2.6792   0.0000   0.3624   
 6.700   1.5812   0.01591   0.00869   -0.1944   0.0260   0.6380   -2.7140   0.0000   0.3611   
 6.800   1.5870   0.01613   0.00890   -0.1934   0.0231   0.6442   -2.7396   0.0000   0.3599   
 6.900   1.5928   0.01635   0.00912   -0.1925   0.0203   0.6495   -2.7592   0.0000   0.3587   
 7.000   1.5997   0.01652   0.00928   -0.1917   0.0174   0.6542   -2.7852   0.0000   0.3576   
 7.100   1.6069   0.01667   0.00944   -0.1910   0.0166   0.6582   -2.8171   0.0000   0.3564   
 7.200   1.6143   0.01682   0.00959   -0.1904   0.0162   0.6621   -2.8501   0.0000   0.3553   
 7.400   1.6196   0.01764   0.01040   -0.1874   0.0044   0.6736   -2.9072   0.0000   0.3528   
 7.500   1.6262   0.01783   0.01061   -0.1867   0.0042   0.6785   -2.9404   0.0000   0.3517   
 7.600   1.6327   0.01803   0.01082   -0.1859   0.0040   0.6829   -2.9733   0.0000   0.3506   
 7.700   1.6391   0.01824   0.01103   -0.1851   0.0039   0.6866   -3.0059   0.0000   0.3495   
 7.800   1.6457   0.01843   0.01123   -0.1844   0.0037   0.6897   -3.0385   0.0000   0.3484   
 7.900   1.6525   0.01862   0.01143   -0.1837   0.0034   0.6934   -3.0710   0.0000   0.3474   
 8.000   1.6596   0.01881   0.01163   -0.1831   0.0032   0.6996   -3.1038   0.0000   0.3463   
 8.100   1.6666   0.01900   0.01184   -0.1824   0.0029   0.7051   -3.1363   0.0000   0.3453   
 8.200   1.6734   0.01920   0.01204   -0.1818   0.0025   0.7103   -3.1686   0.0000   0.3443   
 8.300   1.6803   0.01940   0.01225   -0.1811   0.0022   0.7152   -3.2013   0.0000   0.3433   
 8.400   1.6871   0.01960   0.01246   -0.1805   0.0019   0.7198   -3.2342   0.0000   0.3423   
 8.500   1.6935   0.01982   0.01273   -0.1798   0.0022   0.7266   -3.2676   0.0000   0.3413   
 8.600   1.7001   0.02004   0.01297   -0.1791   0.0020   0.7345   -3.3005   0.0000   0.3403   
 8.700   1.7063   0.02028   0.01323   -0.1783   0.0014   0.7420   -3.3323   0.0000   0.3393   
 10.500   1.8003   0.02599   0.01961   -0.1644   0.0014   1.0000   -3.9572   0.0000   0.3227   
 11.100   1.8224   0.02907   0.02286   -0.1597   0.0016   1.0000   -4.1646   0.0000   0.3178   
 11.200   1.8261   0.02962   0.02343   -0.1590   0.0016   1.0000   -4.2018   0.0000   0.3170   
 11.300   1.8300   0.03016   0.02398   -0.1583   0.0017   1.0000   -4.2397   0.0000   0.3162   
 11.400   1.8335   0.03073   0.02458   -0.1576   0.0017   1.0000   -4.2766   0.0000   0.3154   
 11.500   1.8366   0.03135   0.02522   -0.1568   0.0018   1.0000   -4.3123   0.0000   0.3147   
 11.600   1.8399   0.03196   0.02585   -0.1561   0.0018   1.0000   -4.3489   0.0000   0.3140   
 11.700   1.8433   0.03256   0.02647   -0.1555   0.0019   1.0000   -4.4033   0.0000   0.3132   
 11.800   1.8467   0.03318   0.02711   -0.1548   0.0020   1.0000   -4.4721   0.0000   0.3125   
 11.900   1.8492   0.03387   0.02783   -0.1541   0.0020   1.0000   -4.5368   0.0000   0.3118   
 12.000   1.8517   0.03459   0.02857   -0.1534   0.0021   1.0000   -4.6011   0.0000   0.3111   
 12.100   1.8544   0.03528   0.02929   -0.1527   0.0022   1.0000   -4.6665   0.0000   0.3104   
 12.200   1.8570   0.03599   0.03002   -0.1521   0.0023   1.0000   -4.7318   0.0000   0.3097   
 12.300   1.8587   0.03679   0.03085   -0.1514   0.0024   1.0000   -4.7920   0.0000   0.3090   
 12.400   1.8599   0.03765   0.03175   -0.1507   0.0026   1.0000   -4.8474   0.0000   0.3084   
 12.500   1.8622   0.03843   0.03255   -0.1500   0.0029   1.0000   -4.8983   0.0000   0.3077   
 12.600   1.8790   0.03784   0.03184   -0.1504   0.0039   1.0000   -4.9512   0.0000   0.3069   
 12.700   1.8920   0.03759   0.03155   -0.1505   0.0044   1.0000   -5.0323   0.0000   0.3062   
