xflr5 v6.59

 Calculated polar for: WORTMANN FX 63-137 AIRFOIL

 1 1 Reynolds number fixed          Mach number fixed         

 xtrf =   1.000 (top)        1.000 (bottom)
 Mach =   0.000     Re =     2.300 e 6     Ncrit =   9.000

  alpha     CL        CD       CDp       Cm    Top Xtr Bot Xtr   Cpmin    Chinge    XCp    
 ------- -------- --------- --------- -------- ------- ------- -------- --------- ---------
 -15.500   -0.2336   0.16503   0.16370   -0.0592   0.9682   0.0045   -1.5781   0.0000   -0.0464   
 -15.400   -0.2195   0.16211   0.16076   -0.0637   0.9636   0.0045   -1.5832   0.0000   -0.0863   
 -15.300   -0.2046   0.15912   0.15774   -0.0685   0.9605   0.0045   -1.5891   0.0000   -0.1344   
 -15.200   -0.1894   0.15611   0.15470   -0.0734   0.9570   0.0045   -1.5961   0.0000   -0.1921   
 -15.100   -0.1738   0.15309   0.15165   -0.0785   0.9526   0.0045   -1.6045   0.0000   -0.2614   
 -15.000   -0.1581   0.15008   0.14859   -0.0837   0.9478   0.0045   -1.6153   0.0000   -0.3459   
 -14.900   -0.1438   0.14726   0.14573   -0.0885   0.9426   0.0045   -1.6297   0.0000   -0.4386   
 -14.800   -0.1296   0.14433   0.14272   -0.0932   0.9317   0.0045   -1.6533   0.0000   -0.5512   
 -13.700   -0.3155   0.09287   0.09142   -0.0991   0.9535   0.0072   -6.2220   0.0000   -0.1039   
 -13.500   -0.6439   0.04221   0.04026   -0.1231   0.9791   0.0066   -11.1926   0.0000   0.0354   
 -13.300   -0.6511   0.03594   0.03384   -0.1313   0.9660   0.0066   -11.3249   0.0000   0.0256   
 -13.200   -0.6399   0.03232   0.03009   -0.1395   0.9593   0.0067   -11.2900   0.0000   0.0093   
 -13.100   -0.6149   0.02859   0.02620   -0.1507   0.9506   0.0067   -11.1521   0.0000   -0.0183   
 -13.000   -0.5779   0.02509   0.02248   -0.1639   0.9359   0.0068   -10.9173   0.0000   -0.0579   
 -12.900   -0.5600   0.02325   0.02042   -0.1700   0.9079   0.0068   -10.7709   0.0000   -0.0782   
 -12.800   -0.5547   0.02211   0.01913   -0.1721   0.8862   0.0068   -10.6946   0.0000   -0.0846   
 -12.700   -0.5495   0.02106   0.01796   -0.1738   0.8711   0.0069   -10.6151   0.0000   -0.0907   
 -12.500   -0.1125   0.10029   0.09793   -0.1117   0.7626   0.0083   -3.2139   0.0000   -0.8323   
 -12.300   -0.5147   0.01753   0.01398   -0.1817   0.8240   0.0069   -10.1705   0.0000   -0.1272   
 -12.200   -0.5053   0.01698   0.01333   -0.1826   0.8142   0.0069   -10.0429   0.0000   -0.1357   
 -12.100   -0.4964   0.01651   0.01277   -0.1832   0.8038   0.0069   -9.9171   0.0000   -0.1435   
 -12.000   -0.4861   0.01604   0.01222   -0.1840   0.7984   0.0069   -9.7805   0.0000   -0.1531   
 -11.900   -0.4757   0.01561   0.01171   -0.1847   0.7931   0.0068   -9.6428   0.0000   -0.1631   
 -11.800   -0.4653   0.01521   0.01124   -0.1854   0.7878   0.0068   -9.5046   0.0000   -0.1732   
 -11.700   -0.4549   0.01485   0.01080   -0.1859   0.7820   0.0068   -9.3664   0.0000   -0.1836   
 -11.600   -0.4440   0.01450   0.01038   -0.1864   0.7782   0.0068   -9.2248   0.0000   -0.1953   
 -11.500   -0.4325   0.01415   0.00997   -0.1871   0.7762   0.0068   -9.0789   0.0000   -0.2081   
 -11.400   -0.4210   0.01382   0.00960   -0.1877   0.7740   0.0068   -8.9326   0.0000   -0.2217   
 -11.300   -0.4095   0.01352   0.00924   -0.1882   0.7707   0.0068   -8.7866   0.0000   -0.2358   
 -11.200   -0.3981   0.01325   0.00891   -0.1887   0.7663   0.0068   -8.6416   0.0000   -0.2505   
 -11.100   -0.3870   0.01300   0.00860   -0.1890   0.7605   0.0067   -8.4985   0.0000   -0.2655   
 -11.000   -0.3761   0.01278   0.00831   -0.1893   0.7534   0.0067   -8.3576   0.0000   -0.2807   
 -10.900   -0.3647   0.01256   0.00803   -0.1897   0.7482   0.0067   -8.2139   0.0000   -0.2978   
 -10.800   -0.3531   0.01234   0.00776   -0.1901   0.7446   0.0067   -8.0689   0.0000   -0.3165   
 -10.700   -0.3415   0.01214   0.00750   -0.1904   0.7407   0.0067   -7.9246   0.0000   -0.3364   
 -10.600   -0.3299   0.01195   0.00726   -0.1907   0.7366   0.0066   -7.7814   0.0000   -0.3574   
 -10.500   -0.3185   0.01178   0.00703   -0.1910   0.7323   0.0066   -7.6392   0.0000   -0.3798   
 -10.400   -0.3070   0.01161   0.00681   -0.1913   0.7277   0.0066   -7.4977   0.0000   -0.4038   
 -10.300   -0.2953   0.01145   0.00660   -0.1916   0.7232   0.0066   -7.3561   0.0000   -0.4301   
 -10.200   -0.2834   0.01129   0.00640   -0.1919   0.7207   0.0066   -7.2134   0.0000   -0.4594   
 -10.100   -0.2713   0.01112   0.00620   -0.1923   0.7197   0.0065   -7.0704   0.0000   -0.4920   
 -10.000   -0.2591   0.01096   0.00601   -0.1926   0.7187   0.0065   -6.9283   0.0000   -0.5276   
 -9.900   -0.2470   0.01081   0.00583   -0.1930   0.7176   0.0065   -6.7871   0.0000   -0.5667   
 -9.800   -0.2349   0.01066   0.00566   -0.1933   0.7162   0.0065   -6.6469   0.0000   -0.6097   
 -9.700   -0.2228   0.01052   0.00549   -0.1936   0.7145   0.0065   -6.5078   0.0000   -0.6573   
 -9.600   -0.2107   0.01038   0.00533   -0.1940   0.7121   0.0064   -6.3774   0.0000   -0.7101   
 -9.500   -0.1987   0.01026   0.00517   -0.1942   0.7089   0.0064   -6.2606   0.0000   -0.7689   
 -9.400   -0.1868   0.01014   0.00502   -0.1945   0.7047   0.0064   -6.1454   0.0000   -0.8344   
 -9.300   -0.1752   0.01003   0.00486   -0.1947   0.6986   0.0064   -6.0331   0.0000   -0.9066   
 -9.200   -0.1635   0.00992   0.00471   -0.1949   0.6929   0.0063   -5.9198   0.0000   -0.9899   
 -9.100   -0.1516   0.00980   0.00457   -0.1952   0.6883   0.0063   -5.8057   0.0000   -1.0886   
 -9.000   -0.1397   0.00969   0.00444   -0.1954   0.6832   0.0063   -5.6925   0.0000   -1.2031   
 -8.900   -0.1281   0.00961   0.00431   -0.1956   0.6768   0.0063   -5.5812   0.0000   -1.3358   
 -8.800   -0.1167   0.00954   0.00420   -0.1958   0.6692   0.0063   -5.4717   0.0000   -1.4913   
 -8.700   -0.1051   0.00947   0.00408   -0.1959   0.6608   0.0063   -5.3621   0.0000   -1.6844   
 -8.600   -0.0929   0.00938   0.00397   -0.1962   0.6584   0.0062   -5.2509   0.0000   -1.9387   
 -8.500   -0.0809   0.00929   0.00387   -0.1964   0.6550   0.0062   -5.1410   0.0000   -2.2667   
 -8.400   -0.0691   0.00923   0.00377   -0.1966   0.6477   0.0062   -5.0332   0.0000   -2.6959   
 -8.300   -0.0582   0.00922   0.00368   -0.1966   0.6336   0.0062   -4.9300   0.0000   -3.2489   
 -8.200   -0.0465   0.00917   0.00359   -0.1967   0.6257   0.0062   -4.8245   0.0000   -4.1246   
 -8.100   -0.0346   0.00911   0.00350   -0.1969   0.6213   0.0062   -4.7187   0.0000   -5.6290   
 -8.000   -0.0228   0.00906   0.00342   -0.1971   0.6169   0.0062   -4.6138   0.0000   -8.6918   
 -7.900   -0.0110   0.00901   0.00334   -0.1973   0.6122   0.0061   -4.5102   0.0000   -18.2713   
 -7.800   0.0007   0.00897   0.00326   -0.1974   0.6072   0.0061   -4.4077   0.0000   281.3113   
 -7.700   0.0125   0.00893   0.00319   -0.1976   0.6015   0.0061   -4.3056   0.0000   16.5366   
 -7.600   0.0245   0.00888   0.00311   -0.1978   0.5972   0.0061   -4.2036   0.0000   8.5750   
 -7.500   0.0366   0.00882   0.00304   -0.1980   0.5958   0.0061   -4.1174   0.0000   5.8215   
 -7.400   0.0487   0.00876   0.00297   -0.1982   0.5940   0.0061   -4.0413   0.0000   4.4405   
 -7.300   0.0608   0.00871   0.00291   -0.1984   0.5913   0.0061   -3.9658   0.0000   3.6117   
 -7.200   0.0726   0.00867   0.00285   -0.1985   0.5866   0.0061   -3.8911   0.0000   3.0627   
 -7.100   0.0842   0.00866   0.00279   -0.1986   0.5782   0.0061   -3.8178   0.0000   2.6771   
 -7.000   0.0953   0.00868   0.00275   -0.1987   0.5650   0.0062   -3.7463   0.0000   2.3943   
 -6.900   0.1072   0.00864   0.00268   -0.1988   0.5620   0.0062   -3.6720   0.0000   2.1563   
 -6.800   0.1190   0.00862   0.00264   -0.1990   0.5570   0.0062   -3.5991   0.0000   1.9681   
 -6.700   0.1306   0.00860   0.00259   -0.1991   0.5517   0.0062   -3.5268   0.0000   1.8146   
 -6.600   0.1423   0.00859   0.00255   -0.1992   0.5463   0.0062   -3.4552   0.0000   1.6869   
 -6.500   0.1539   0.00858   0.00251   -0.1993   0.5402   0.0062   -3.3841   0.0000   1.5786   
 -6.400   0.1657   0.00856   0.00247   -0.1994   0.5343   0.0062   -3.3126   0.0000   1.4843   
 -6.300   0.1777   0.00853   0.00243   -0.1996   0.5317   0.0061   -3.2405   0.0000   1.4014   
 -6.200   0.1897   0.00849   0.00239   -0.1998   0.5301   0.0061   -3.1684   0.0000   1.3289   
 -6.100   0.2017   0.00846   0.00235   -0.1999   0.5278   0.0061   -3.0962   0.0000   1.2653   
 -6.000   0.2135   0.00844   0.00232   -0.2001   0.5239   0.0061   -3.0231   0.0000   1.2093   
 -5.900   0.2252   0.00844   0.00230   -0.2002   0.5186   0.0061   -2.9477   0.0000   1.1597   
 -5.800   0.2354   0.00854   0.00232   -0.2000   0.4980   0.0061   -2.8724   0.0000   1.1190   
 -5.700   0.2465   0.00858   0.00236   -0.2000   0.4919   0.0061   -2.7708   0.0000   1.0795   
 -5.600   0.2570   0.00868   0.00249   -0.1999   0.4861   0.0061   -2.6467   0.0000   1.0447   
 -5.500   0.2683   0.00870   0.00249   -0.1999   0.4800   0.0061   -2.5771   0.0000   1.0110   
 -5.400   0.2798   0.00871   0.00248   -0.2000   0.4732   0.0061   -2.5105   0.0000   0.9798   
 -5.300   0.2915   0.00870   0.00246   -0.2001   0.4674   0.0061   -2.4452   0.0000   0.9505   
 -5.200   0.3035   0.00868   0.00243   -0.2003   0.4658   0.0061   -2.3813   0.0000   0.9232   
 -5.100   0.3154   0.00865   0.00241   -0.2004   0.4638   0.0060   -2.3190   0.0000   0.8979   
 -5.000   0.3273   0.00863   0.00238   -0.2006   0.4608   0.0060   -2.2584   0.0000   0.8746   
 -4.900   0.3393   0.00861   0.00235   -0.2008   0.4590   0.0060   -2.1990   0.0000   0.8528   
 -4.800   0.3494   0.00873   0.00237   -0.2006   0.4359   0.0060   -2.1456   0.0000   0.8345   
 -4.700   0.3610   0.00873   0.00235   -0.2007   0.4294   0.0060   -2.0895   0.0000   0.8158   
 -4.600   0.3727   0.00874   0.00232   -0.2008   0.4242   0.0061   -2.0346   0.0000   0.7982   
 -4.500   0.3842   0.00874   0.00230   -0.2009   0.4190   0.0061   -1.9810   0.0000   0.7817   
 -4.400   0.3957   0.00876   0.00227   -0.2010   0.4132   0.0061   -1.9292   0.0000   0.7662   
 -4.300   0.4074   0.00876   0.00225   -0.2011   0.4069   0.0061   -1.8771   0.0000   0.7515   
 -4.200   0.4193   0.00875   0.00223   -0.2012   0.4023   0.0062   -1.8254   0.0000   0.7374   
 -4.100   0.4312   0.00873   0.00220   -0.2014   0.4011   0.0063   -1.7740   0.0000   0.7240   
 -4.000   0.4432   0.00871   0.00218   -0.2015   0.3997   0.0064   -1.7228   0.0000   0.7114   
 -3.900   0.4547   0.00873   0.00220   -0.2016   0.3979   0.0067   -1.6641   0.0000   0.6997   
 -3.800   0.4622   0.00903   0.00256   -0.2007   0.3952   0.0091   -1.5129   0.0000   0.6903   
 -3.700   0.4807   0.00855   0.00199   -0.2024   0.3890   0.0153   -1.7052   0.0000   0.6766   
 -3.600   0.4903   0.00871   0.00208   -0.2021   0.3695   0.0157   -1.6228   0.0000   0.6674   
 -3.500   0.5013   0.00876   0.00214   -0.2021   0.3650   0.0161   -1.5376   0.0000   0.6580   
 -3.400   0.5124   0.00881   0.00219   -0.2021   0.3607   0.0164   -1.4571   0.0000   0.6491   
 -3.300   0.5234   0.00886   0.00225   -0.2021   0.3564   0.0166   -1.3804   0.0000   0.6405   
 -3.200   0.5342   0.00892   0.00233   -0.2020   0.3520   0.0169   -1.3038   0.0000   0.6323   
 -1.700   0.7049   0.00942   0.00230   -0.2029   0.2493   0.0191   -0.9570   0.0000   0.5387   
 -1.600   0.7159   0.00948   0.00232   -0.2029   0.2424   0.0190   -0.9647   0.0000   0.5341   
 -1.500   0.7270   0.00955   0.00234   -0.2029   0.2365   0.0189   -0.9699   0.0000   0.5296   
 -1.400   0.7382   0.00959   0.00234   -0.2029   0.2315   0.0188   -0.9767   0.0000   0.5252   
 -1.300   0.7497   0.00962   0.00234   -0.2029   0.2270   0.0188   -0.9859   0.0000   0.5209   
 -1.200   0.7612   0.00964   0.00235   -0.2030   0.2233   0.0190   -0.9949   0.0000   0.5167   
 -1.100   0.7729   0.00965   0.00234   -0.2031   0.2218   0.0192   -1.0039   0.0000   0.5126   
 -1.000   0.7845   0.00965   0.00234   -0.2032   0.2211   0.0194   -1.0143   0.0000   0.5087   
 -0.900   0.7962   0.00966   0.00234   -0.2033   0.2203   0.0197   -1.0247   0.0000   0.5049   
 -0.800   0.8078   0.00967   0.00235   -0.2034   0.2193   0.0198   -1.0352   0.0000   0.5011   
 -0.700   0.8194   0.00969   0.00235   -0.2035   0.2180   0.0199   -1.0458   0.0000   0.4975   
 -0.600   0.8309   0.00971   0.00237   -0.2035   0.2165   0.0200   -1.0564   0.0000   0.4940   
 -0.500   0.8418   0.00978   0.00241   -0.2035   0.2089   0.0199   -1.0683   0.0000   0.4906   
 -0.400   0.8518   0.00993   0.00249   -0.2033   0.1943   0.0197   -1.0809   0.0000   0.4874   
 -0.300   0.8627   0.00999   0.00252   -0.2032   0.1897   0.0196   -1.0918   0.0000   0.4842   
 -0.200   0.8734   0.01008   0.00257   -0.2032   0.1842   0.0195   -1.1032   0.0000   0.4811   
 -0.100   0.8842   0.01015   0.00261   -0.2031   0.1782   0.0194   -1.1142   0.0000   0.4780   
 0.000   0.8954   0.01019   0.00264   -0.2031   0.1734   0.0193   -1.1249   0.0000   0.4750   
 0.100   0.9067   0.01022   0.00267   -0.2032   0.1707   0.0192   -1.1354   0.0000   0.4720   
 0.200   0.9181   0.01025   0.00269   -0.2032   0.1699   0.0191   -1.1459   0.0000   0.4692   
 0.300   0.9295   0.01027   0.00272   -0.2032   0.1694   0.0190   -1.1563   0.0000   0.4664   
 0.400   0.9408   0.01030   0.00274   -0.2033   0.1687   0.0190   -1.1667   0.0000   0.4636   
 0.500   0.9521   0.01033   0.00277   -0.2033   0.1680   0.0190   -1.1772   0.0000   0.4609   
 0.600   0.9634   0.01036   0.00280   -0.2033   0.1670   0.0190   -1.1876   0.0000   0.4583   
 0.700   0.9746   0.01039   0.00284   -0.2033   0.1655   0.0190   -1.1981   0.0000   0.4558   
 0.800   0.9858   0.01043   0.00287   -0.2033   0.1644   0.0191   -1.2085   0.0000   0.4533   
 0.900   0.9950   0.01063   0.00301   -0.2030   0.1461   0.0194   -1.2189   0.0000   0.4509   
 1.000   1.0058   0.01069   0.00304   -0.2029   0.1445   0.0222   -1.2312   0.0000   0.4485   
 1.100   1.0170   0.01073   0.00313   -0.2030   0.1423   0.0333   -1.2446   0.0000   0.4461   
 1.200   1.0279   0.01079   0.00318   -0.2029   0.1401   0.0357   -1.2571   0.0000   0.4438   
 1.300   1.0388   0.01086   0.00324   -0.2029   0.1378   0.0369   -1.2690   0.0000   0.4416   
 1.400   1.0496   0.01092   0.00329   -0.2028   0.1356   0.0375   -1.2818   0.0000   0.4394   
 1.500   1.0605   0.01097   0.00333   -0.2028   0.1330   0.0380   -1.2944   0.0000   0.4372   
 1.600   1.0714   0.01103   0.00337   -0.2028   0.1304   0.0383   -1.3070   0.0000   0.4351   
 1.700   1.0824   0.01108   0.00342   -0.2027   0.1276   0.0393   -1.3196   0.0000   0.4330   
 1.800   1.0933   0.01112   0.00346   -0.2027   0.1253   0.0409   -1.3335   0.0000   0.4310   
 1.900   1.1043   0.01116   0.00350   -0.2027   0.1240   0.0429   -1.3481   0.0000   0.4290   
 2.000   1.1154   0.01120   0.00354   -0.2027   0.1236   0.0455   -1.3632   0.0000   0.4270   
 2.100   1.1264   0.01124   0.00359   -0.2027   0.1232   0.0480   -1.3783   0.0000   0.4251   
 2.200   1.1374   0.01128   0.00364   -0.2027   0.1226   0.0506   -1.3935   0.0000   0.4232   
 2.300   1.1488   0.01131   0.00371   -0.2028   0.1220   0.0686   -1.4113   0.0000   0.4214   
 2.400   1.1600   0.01134   0.00376   -0.2028   0.1211   0.0810   -1.4298   0.0000   0.4196   
 2.500   1.1716   0.01136   0.00381   -0.2029   0.1198   0.1052   -1.4489   0.0000   0.4178   
 2.600   1.1836   0.01136   0.00387   -0.2032   0.1182   0.1432   -1.4685   0.0000   0.4161   
 2.700   1.1922   0.01160   0.00404   -0.2028   0.1025   0.1486   -1.4890   0.0000   0.4144   
 2.800   1.2026   0.01170   0.00413   -0.2027   0.0991   0.1625   -1.5020   0.0000   0.4127   
 2.900   1.2135   0.01179   0.00422   -0.2027   0.0945   0.1921   -1.5191   0.0000   0.4111   
 3.000   1.2237   0.01188   0.00431   -0.2026   0.0890   0.1965   -1.5403   0.0000   0.4094   
 3.100   1.2348   0.01193   0.00438   -0.2026   0.0846   0.2147   -1.5624   0.0000   0.4079   
 3.200   1.2466   0.01195   0.00446   -0.2029   0.0838   0.2470   -1.5879   0.0000   0.4064   
 3.300   1.2575   0.01200   0.00453   -0.2029   0.0829   0.2602   -1.6124   0.0000   0.4048   
 3.400   1.2695   0.01201   0.00461   -0.2032   0.0815   0.2958   -1.6379   0.0000   0.4034   
 3.500   1.2802   0.01208   0.00469   -0.2031   0.0791   0.3090   -1.6625   0.0000   0.4018   
 3.600   1.2894   0.01228   0.00488   -0.2029   0.0665   0.3291   -1.6894   0.0000   0.4004   
 3.700   1.3007   0.01234   0.00497   -0.2030   0.0644   0.3637   -1.7099   0.0000   0.3990   
 3.800   1.3108   0.01244   0.00506   -0.2029   0.0625   0.3699   -1.7291   0.0000   0.3975   
 3.900   1.3218   0.01246   0.00512   -0.2028   0.0646   0.3690   -1.7549   0.0000   0.3960   
 4.000   1.3325   0.01252   0.00520   -0.2028   0.0637   0.3845   -1.7829   0.0000   0.3946   
 4.100   1.3430   0.01260   0.00529   -0.2028   0.0622   0.3993   -1.8163   0.0000   0.3933   
 4.200   1.3537   0.01267   0.00539   -0.2028   0.0606   0.4202   -1.8502   0.0000   0.3919   
 4.300   1.3641   0.01276   0.00548   -0.2026   0.0587   0.4315   -1.8836   0.0000   0.3905   
 4.400   1.3742   0.01285   0.00558   -0.2025   0.0567   0.4397   -1.9169   0.0000   0.3892   
 4.500   1.3847   0.01292   0.00568   -0.2024   0.0549   0.4532   -1.9509   0.0000   0.3879   
 4.600   1.3950   0.01300   0.00577   -0.2023   0.0534   0.4628   -1.9848   0.0000   0.3866   
 4.700   1.4052   0.01308   0.00586   -0.2022   0.0521   0.4706   -2.0186   0.0000   0.3853   
 4.800   1.4157   0.01315   0.00596   -0.2021   0.0516   0.4838   -2.0536   0.0000   0.3840   
 4.900   1.4260   0.01323   0.00606   -0.2020   0.0513   0.4954   -2.0889   0.0000   0.3827   
 5.000   1.4361   0.01331   0.00615   -0.2018   0.0509   0.5050   -2.1240   0.0000   0.3815   
 5.100   1.4465   0.01339   0.00627   -0.2018   0.0501   0.5219   -2.1599   0.0000   0.3802   
 5.200   1.4562   0.01349   0.00638   -0.2015   0.0490   0.5307   -2.1951   0.0000   0.3790   
 5.300   1.4658   0.01361   0.00650   -0.2013   0.0475   0.5367   -2.2302   0.0000   0.3778   
 5.400   1.4752   0.01373   0.00662   -0.2010   0.0458   0.5416   -2.2652   0.0000   0.3765   
 5.500   1.4846   0.01385   0.00674   -0.2007   0.0443   0.5457   -2.3001   0.0000   0.3753   
 5.600   1.4938   0.01398   0.00687   -0.2004   0.0428   0.5494   -2.3348   0.0000   0.3741   
 5.700   1.5031   0.01410   0.00699   -0.2001   0.0412   0.5532   -2.3695   0.0000   0.3729   
 5.800   1.5124   0.01422   0.00711   -0.1998   0.0396   0.5568   -2.4043   0.0000   0.3717   
 5.900   1.5218   0.01433   0.00722   -0.1995   0.0383   0.5604   -2.4393   0.0000   0.3706   
 6.000   1.5309   0.01445   0.00735   -0.1991   0.0374   0.5649   -2.4766   0.0000   0.3694   
 6.100   1.5402   0.01457   0.00747   -0.1988   0.0365   0.5735   -2.5137   0.0000   0.3683   
 6.200   1.5495   0.01468   0.00760   -0.1986   0.0355   0.5833   -2.5508   0.0000   0.3672   
 6.300   1.5586   0.01480   0.00773   -0.1982   0.0345   0.5914   -2.5877   0.0000   0.3660   
 6.400   1.5635   0.01518   0.00804   -0.1971   0.0251   0.5964   -2.6243   0.0000   0.3648   
 6.500   1.5709   0.01541   0.00824   -0.1965   0.0218   0.6056   -2.6475   0.0000   0.3636   
 6.600   1.5789   0.01558   0.00842   -0.1960   0.0187   0.6145   -2.6725   0.0000   0.3625   
 6.700   1.5870   0.01571   0.00856   -0.1955   0.0169   0.6210   -2.7042   0.0000   0.3614   
 6.800   1.5945   0.01584   0.00869   -0.1948   0.0163   0.6258   -2.7366   0.0000   0.3602   
 7.100   1.6075   0.01671   0.00957   -0.1911   0.0044   0.6418   -2.8273   0.0000   0.3565   
 7.200   1.6146   0.01688   0.00975   -0.1904   0.0042   0.6482   -2.8608   0.0000   0.3553   
 7.300   1.6215   0.01706   0.00993   -0.1897   0.0040   0.6536   -2.8942   0.0000   0.3542   
 7.400   1.6285   0.01723   0.01011   -0.1890   0.0038   0.6578   -2.9277   0.0000   0.3531   
 9.000   1.7362   0.02038   0.01349   -0.1779   0.0013   0.7444   -3.4563   0.0000   0.3367   
 9.700   1.7775   0.02236   0.01566   -0.1730   0.0013   0.8107   -3.7004   0.0000   0.3302   
 9.800   1.7832   0.02267   0.01602   -0.1723   0.0013   0.8237   -3.7419   0.0000   0.3293   
 9.900   1.7890   0.02299   0.01638   -0.1716   0.0013   0.8378   -3.7839   0.0000   0.3285   
 10.000   1.7947   0.02332   0.01676   -0.1710   0.0013   0.8561   -3.8254   0.0000   0.3276   
 10.100   1.8003   0.02365   0.01717   -0.1703   0.0013   0.8891   -3.8665   0.0000   0.3267   
 10.200   1.8010   0.02385   0.01750   -0.1687   0.0013   1.0000   -3.8951   0.0000   0.3256   
 10.300   1.8060   0.02423   0.01790   -0.1679   0.0013   1.0000   -3.9344   0.0000   0.3247   
 10.400   1.8106   0.02463   0.01833   -0.1671   0.0013   1.0000   -3.9724   0.0000   0.3239   
 10.500   1.8147   0.02507   0.01879   -0.1663   0.0013   1.0000   -4.0082   0.0000   0.3230   
 10.600   1.8185   0.02552   0.01928   -0.1654   0.0013   1.0000   -4.0418   0.0000   0.3221   
 10.700   1.8209   0.02611   0.01993   -0.1644   0.0015   1.0000   -4.0537   0.0000   0.3212   
 10.800   1.8247   0.02658   0.02042   -0.1636   0.0015   1.0000   -4.0912   0.0000   0.3204   
 10.900   1.8287   0.02707   0.02094   -0.1628   0.0016   1.0000   -4.1288   0.0000   0.3196   
 11.000   1.8329   0.02754   0.02143   -0.1620   0.0016   1.0000   -4.1677   0.0000   0.3188   
 11.100   1.8371   0.02802   0.02192   -0.1613   0.0017   1.0000   -4.2070   0.0000   0.3180   
 11.200   1.8408   0.02855   0.02247   -0.1606   0.0018   1.0000   -4.2446   0.0000   0.3172   
 11.300   1.8443   0.02910   0.02303   -0.1598   0.0018   1.0000   -4.2821   0.0000   0.3164   
 11.400   1.8481   0.02963   0.02359   -0.1591   0.0019   1.0000   -4.3203   0.0000   0.3156   
 11.500   1.8520   0.03017   0.02415   -0.1584   0.0020   1.0000   -4.3586   0.0000   0.3148   
 11.600   1.8552   0.03078   0.02477   -0.1577   0.0021   1.0000   -4.4104   0.0000   0.3141   
 11.700   1.8580   0.03142   0.02544   -0.1569   0.0022   1.0000   -4.4769   0.0000   0.3133   
 11.800   1.8609   0.03206   0.02610   -0.1562   0.0023   1.0000   -4.5438   0.0000   0.3126   
 11.900   1.8638   0.03271   0.02678   -0.1555   0.0025   1.0000   -4.6090   0.0000   0.3119   
 12.000   1.8661   0.03342   0.02752   -0.1547   0.0027   1.0000   -4.6671   0.0000   0.3111   
