XFLR5 v6.02 Beta

 Calculated polar for: WORTMANN FX 63-137

 1 1 Reynolds number fixed          Mach number fixed         

 xtrf =   1.000 (top)        1.000 (bottom)
 Mach =   0.000     Re =    59.500 e 6     Ncrit =   9.000

  alpha     CL        CD       CDp       CM    Top Xtr Bot Xtr   Cpmin    Chinge    XCp    
 ------- -------- --------- --------- -------- ------- ------- -------- --------- ---------
 -23.000  -0.3989   0.22432   0.22190  -0.0518  0.2221  0.0013  -4.8940   0.0000   0.0714
 -22.500  -0.3808   0.22027   0.21784  -0.0555  0.2216  0.0013  -4.7002   0.0000   0.0551
 -22.000  -0.3625   0.21647   0.21402  -0.0592  0.2212  0.0013  -4.5103   0.0000   0.0372
 -21.500  -0.3450   0.21124   0.20877  -0.0628  0.2210  0.0013  -4.3325   0.0000   0.0178
 -21.000  -0.3279   0.20592   0.20339  -0.0662  0.1821  0.0013  -4.1618   0.0000  -0.0028
 -20.500  -0.3105   0.20049   0.19794  -0.0696  0.1698  0.0013  -3.9962   0.0000  -0.0263
 -20.000  -0.2931   0.19498   0.19242  -0.0730  0.1695  0.0013  -3.8378   0.0000  -0.0525
 -19.500  -0.2758   0.18941   0.18682  -0.0763  0.1698  0.0013  -3.6881   0.0000  -0.0817
 -19.000  -0.2587   0.18375   0.18115  -0.0796  0.1696  0.0013  -3.5482   0.0000  -0.1145
 -18.500  -0.2418   0.17798   0.17537  -0.0828  0.1693  0.0013  -3.4234   0.0000  -0.1514
 -18.000  -0.2253   0.17206   0.16943  -0.0859  0.1691  0.0014  -3.3211   0.0000  -0.1929
 -17.000  -1.0427   0.01255   0.00859  -0.1910  0.3076  0.0019  -20.9992   0.0000   0.0424
 -16.500  -0.9877   0.01187   0.00785  -0.1922  0.3003  0.0020  -19.8557   0.0000   0.0315
 -16.000  -0.9316   0.01124   0.00719  -0.1933  0.2934  0.0021  -18.7274   0.0000   0.0189
 -15.500  -0.8747   0.01066   0.00658  -0.1944  0.2889  0.0022  -17.6181   0.0000   0.0045
 -15.000  -0.8172   0.01014   0.00603  -0.1955  0.2781  0.0023  -16.5320   0.0000  -0.0123
 -14.500  -0.7603   0.00972   0.00552  -0.1963  0.2292  0.0025  -15.4828   0.0000  -0.0312
 -14.000  -0.7019   0.00928   0.00505  -0.1973  0.2220  0.0026  -14.4472   0.0000  -0.0542
 -13.500  -0.6431   0.00889   0.00463  -0.1982  0.2209  0.0027  -13.5225   0.0000  -0.0817
 -13.000  -0.5845   0.00854   0.00423  -0.1991  0.1962  0.0029  -12.6287   0.0000  -0.1146
 -12.500  -0.5255   0.00822   0.00386  -0.2000  0.1696  0.0031  -11.7583   0.0000  -0.1553
 -11.000  -0.3462   0.00736   0.00292  -0.2028  0.1689  0.0039  -9.2804   0.0000  -0.3658
 -10.500  -0.2870   0.00719   0.00270  -0.2036  0.1430  0.0040  -8.5143   0.0000  -0.4928
 -10.000  -0.2273   0.00702   0.00250  -0.2043  0.1377  0.0040  -7.7743   0.0000  -0.6883
  -9.500  -0.1675   0.00687   0.00233  -0.2051  0.1325  0.0041  -7.0633   0.0000  -1.0242
  -9.000  -0.1077   0.00673   0.00217  -0.2059  0.1241  0.0041  -6.3819   0.0000  -1.7337
  -8.500  -0.0478   0.00661   0.00203  -0.2066  0.1237  0.0041  -5.7279   0.0000  -4.2217
  -8.000   0.0120   0.00650   0.00190  -0.2074  0.1235  0.0042  -5.1036   0.0000  18.0343
  -7.500   0.0719   0.00641   0.00180  -0.2081  0.1232  0.0042  -4.5089   0.0000   3.2321
  -6.500   0.1914   0.00626   0.00162  -0.2095  0.1226  0.0043  -3.6522   0.0000   1.3723
  -6.000   0.2503   0.00627   0.00157  -0.2100  0.1014  0.0043  -3.2781   0.0000   1.1082
  -5.500   0.3097   0.00624   0.00152  -0.2106  0.0985  0.0044  -2.9175   0.0000   0.9443
  -5.000   0.3690   0.00623   0.00149  -0.2112  0.0959  0.0044  -2.5720   0.0000   0.8331
  -4.500   0.4283   0.00622   0.00146  -0.2118  0.0915  0.0045  -2.2418   0.0000   0.7527
  -4.000   0.4874   0.00622   0.00145  -0.2123  0.0844  0.0045  -1.9274   0.0000   0.6919
  -3.500   0.5465   0.00623   0.00145  -0.2129  0.0842  0.0045  -1.6288   0.0000   0.6443
  -3.000   0.6054   0.00625   0.00146  -0.2134  0.0841  0.0046  -1.3460   0.0000   0.6060
  -2.500   0.6642   0.00628   0.00148  -0.2139  0.0839  0.0046  -1.0784   0.0000   0.5744
  -2.000   0.7214   0.00645   0.00157  -0.2141  0.0543  0.0050  -0.9615   0.0000   0.5481
  -1.500   0.7794   0.00653   0.00162  -0.2145  0.0477  0.0059  -1.0118   0.0000   0.5256
  -1.000   0.8374   0.00662   0.00169  -0.2148  0.0450  0.0069  -1.0640   0.0000   0.5062
  -0.500   0.8953   0.00670   0.00176  -0.2152  0.0426  0.0076  -1.1166   0.0000   0.4892
   0.000   0.9530   0.00680   0.00185  -0.2155  0.0403  0.0082  -1.1695   0.0000   0.4743
   0.500   1.0106   0.00690   0.00194  -0.2158  0.0383  0.0154  -1.2244   0.0000   0.4610
   1.000   1.0680   0.00700   0.00204  -0.2161  0.0413  0.0170  -1.2894   0.0000   0.4491
   1.500   1.1250   0.00713   0.00215  -0.2163  0.0403  0.0171  -1.3650   0.0000   0.4383
   2.500   1.2345   0.00773   0.00264  -0.2159  0.0016  0.0372  -1.5297   0.0000   0.4195
   4.000   1.4003   0.00837   0.00323  -0.2157  0.0013  0.0426  -1.9086   0.0000   0.3964
   4.500   1.4548   0.00861   0.00346  -0.2156  0.0013  0.0486  -2.0872   0.0000   0.3898
   6.000   1.6160   0.00942   0.00426  -0.2148  0.0012  0.1100  -2.6486   0.0000   0.3721
   6.500   1.6685   0.00973   0.00456  -0.2143  0.0012  0.1222  -2.8434   0.0000   0.3669
   7.000   1.7206   0.01005   0.00489  -0.2138  0.0012  0.1460  -3.0420   0.0000   0.3618
   7.500   1.7717   0.01040   0.00522  -0.2131  0.0012  0.1507  -3.2432   0.0000   0.3570
   8.000   1.8219   0.01078   0.00559  -0.2123  0.0012  0.1473  -3.4474   0.0000   0.3523
   8.500   1.8715   0.01117   0.00598  -0.2114  0.0012  0.1703  -3.6546   0.0000   0.3478
   9.500   1.9682   0.01202   0.00687  -0.2092  0.0012  0.2501  -4.3003   0.0000   0.3393
  10.000   2.0153   0.01248   0.00738  -0.2080  0.0011  0.3264  -4.8832   0.0000   0.3352
  11.000   2.1010   0.01357   0.00850  -0.2039  0.0011  0.3701  -6.0934   0.0000   0.3270
  11.500   2.1259   0.01422   0.00917  -0.1981  0.0011  0.3732  -6.6259   0.0000   0.3222
  12.000   2.1551   0.01500   0.00995  -0.1935  0.0010  0.3748  -7.2072   0.0000   0.3178
  12.500   2.1849   0.01588   0.01085  -0.1893  0.0010  0.3863  -7.8134   0.0000   0.3136
  13.000   2.2137   0.01689   0.01193  -0.1852  0.0010  0.4536  -8.4333   0.0000   0.3096
  13.500   2.2399   0.01811   0.01320  -0.1810  0.0009  0.4850  -9.0562   0.0000   0.3056
  14.000   2.2635   0.01956   0.01468  -0.1765  0.0008  0.4962  -9.6788   0.0000   0.3017
  15.000   2.2637   0.02603   0.02141  -0.1629  0.0015  0.5415  -10.5302   0.0000   0.2933
  15.500   2.2785   0.02878   0.02423  -0.1590  0.0020  0.5679  -11.1540   0.0000   0.2900
  16.000   2.2944   0.03165   0.02717  -0.1557  0.0024  0.6028  -11.7749   0.0000   0.2868
  16.500   2.3047   0.03518   0.03078  -0.1523  0.0028  0.6313  -12.3533   0.0000   0.2837
  17.000   2.3111   0.03912   0.03480  -0.1490  0.0031  0.6581  -12.9092   0.0000   0.2808
  17.500   2.3140   0.04377   0.03954  -0.1461  0.0037  0.6891  -13.4403   0.0000   0.2781
  18.000   2.3153   0.04895   0.04480  -0.1436  0.0040  0.7143  -13.9670   0.0000   0.2756
  18.500   2.3148   0.05472   0.05069  -0.1417  0.0042  0.7497  -14.4849   0.0000   0.2734
  19.000   2.3118   0.06113   0.05722  -0.1404  0.0044  0.7982  -14.9862   0.0000   0.2714
  19.500   2.3062   0.06804   0.06424  -0.1395  0.0045  0.8354  -15.4673   0.0000   0.2697


