XFLR5 v6.02 Beta

 Calculated polar for: WORTMANN FX 63-137

 1 1 Reynolds number fixed          Mach number fixed         

 xtrf =   1.000 (top)        1.000 (bottom)
 Mach =   0.000     Re =    48.250 e 6     Ncrit =   9.000

  alpha     CL        CD       CDp       CM    Top Xtr Bot Xtr   Cpmin    Chinge    XCp    
 ------- -------- --------- --------- -------- ------- ------- -------- --------- ---------
 -22.000  -1.1914   0.05786   0.05472  -0.1484  0.4709  0.0016  -26.8119   0.0000   0.0884
 -21.000  -1.2571   0.03770   0.03432  -0.1645  0.4660  0.0016  -27.3320   0.0000   0.0862
 -20.500  -1.2595   0.03212   0.02867  -0.1686  0.4658  0.0016  -26.9793   0.0000   0.0847
 -20.000  -1.2596   0.02686   0.02334  -0.1726  0.4657  0.0017  -26.5747   0.0000   0.0831
 -19.000  -1.2353   0.01999   0.01632  -0.1759  0.4343  0.0018  -25.3109   0.0000   0.0804
 -18.500  -1.1991   0.01734   0.01361  -0.1799  0.4281  0.0018  -24.3692   0.0000   0.0737
 -18.000  -1.1474   0.01503   0.01121  -0.1863  0.4013  0.0019  -23.2528   0.0000   0.0621
 -17.500  -1.0966   0.01394   0.00999  -0.1884  0.3396  0.0020  -22.1243   0.0000   0.0533
 -17.000  -1.0429   0.01304   0.00905  -0.1900  0.3383  0.0021  -20.9767   0.0000   0.0435
 -16.000  -0.9320   0.01156   0.00750  -0.1926  0.3376  0.0023  -18.7132   0.0000   0.0198
 -15.500  -0.8761   0.01097   0.00684  -0.1936  0.3086  0.0025  -17.6174   0.0000   0.0057
 -15.000  -0.8189   0.01041   0.00623  -0.1947  0.3014  0.0026  -16.5368   0.0000  -0.0108
 -14.500  -0.7623   0.00996   0.00569  -0.1956  0.2452  0.0028  -15.4909   0.0000  -0.0295
 -14.000  -0.7041   0.00951   0.00519  -0.1966  0.2353  0.0029  -14.4587   0.0000  -0.0522
 -13.500  -0.6454   0.00910   0.00475  -0.1975  0.2218  0.0031  -13.5343   0.0000  -0.0794
 -13.000  -0.5863   0.00871   0.00433  -0.1986  0.2211  0.0033  -12.6344   0.0000  -0.1125
 -12.500  -0.5279   0.00841   0.00395  -0.1994  0.1816  0.0035  -11.7657   0.0000  -0.1522
 -12.000  -0.4684   0.00810   0.00361  -0.2003  0.1697  0.0037  -10.9125   0.0000  -0.2033
 -11.500  -0.4087   0.00783   0.00331  -0.2012  0.1697  0.0039  -10.0825   0.0000  -0.2696
 -11.000  -0.3490   0.00760   0.00305  -0.2021  0.1693  0.0039  -9.2848   0.0000  -0.3587
 -10.500  -0.2892   0.00739   0.00282  -0.2029  0.1689  0.0040  -8.5154   0.0000  -0.4848
 -10.000  -0.2299   0.00724   0.00262  -0.2036  0.1452  0.0040  -7.7788   0.0000  -0.6745
  -9.500  -0.1703   0.00709   0.00243  -0.2044  0.1395  0.0041  -7.0693   0.0000  -0.9991
  -9.000  -0.1105   0.00695   0.00226  -0.2052  0.1295  0.0041  -6.3892   0.0000  -1.6758
  -8.500  -0.0507   0.00682   0.00212  -0.2059  0.1245  0.0041  -5.7356   0.0000  -3.9547
  -8.000   0.0092   0.00671   0.00198  -0.2067  0.1238  0.0042  -5.1115   0.0000  23.5014
  -7.500   0.0690   0.00661   0.00187  -0.2074  0.1235  0.0042  -4.5170   0.0000   3.3452
  -7.000   0.1288   0.00652   0.00177  -0.2081  0.1234  0.0043  -4.0479   0.0000   1.9102
  -6.500   0.1885   0.00645   0.00168  -0.2088  0.1230  0.0043  -3.6562   0.0000   1.3856
  -6.000   0.2482   0.00640   0.00162  -0.2095  0.1226  0.0043  -3.2799   0.0000   1.1136
  -5.500   0.3071   0.00641   0.00158  -0.2100  0.1023  0.0044  -2.9213   0.0000   0.9482
  -5.000   0.3663   0.00640   0.00154  -0.2106  0.0994  0.0044  -2.5760   0.0000   0.8357
  -4.500   0.4255   0.00640   0.00151  -0.2112  0.0966  0.0045  -2.2463   0.0000   0.7545
  -4.000   0.4845   0.00641   0.00150  -0.2117  0.0871  0.0045  -1.9326   0.0000   0.6932
  -3.500   0.5436   0.00642   0.00150  -0.2122  0.0844  0.0046  -1.6341   0.0000   0.6452
  -3.000   0.6025   0.00644   0.00151  -0.2128  0.0843  0.0048  -1.3513   0.0000   0.6066
  -2.500   0.6612   0.00647   0.00153  -0.2133  0.0840  0.0046  -1.0836   0.0000   0.5749
  -2.000   0.7198   0.00651   0.00156  -0.2137  0.0835  0.0054  -0.9607   0.0000   0.5483
  -1.500   0.7767   0.00670   0.00166  -0.2138  0.0514  0.0065  -1.0099   0.0000   0.5258
  -1.000   0.8346   0.00679   0.00173  -0.2142  0.0489  0.0076  -1.0621   0.0000   0.5063
  -0.500   0.8923   0.00689   0.00181  -0.2145  0.0462  0.0084  -1.1145   0.0000   0.4893
   0.000   0.9498   0.00700   0.00191  -0.2148  0.0436  0.0091  -1.1672   0.0000   0.4743
   0.500   1.0074   0.00710   0.00200  -0.2151  0.0413  0.0156  -1.2219   0.0000   0.4610
   1.000   1.0647   0.00720   0.00210  -0.2154  0.0440  0.0170  -1.2866   0.0000   0.4490
   1.500   1.1216   0.00734   0.00222  -0.2156  0.0428  0.0172  -1.3621   0.0000   0.4382
   2.000   1.1783   0.00748   0.00235  -0.2158  0.0411  0.0192  -1.4383   0.0000   0.4284
   2.500   1.2309   0.00796   0.00273  -0.2152  0.0021  0.0373  -1.5259   0.0000   0.4194
   3.500   1.3416   0.00839   0.00312  -0.2151  0.0013  0.0410  -1.7580   0.0000   0.4034
   4.000   1.3963   0.00862   0.00334  -0.2149  0.0014  0.0444  -1.9017   0.0000   0.3963
   4.500   1.4507   0.00887   0.00358  -0.2147  0.0013  0.0507  -2.0798   0.0000   0.3897
   5.000   1.5047   0.00913   0.00383  -0.2145  0.0013  0.0669  -2.2624   0.0000   0.3834
   5.500   1.5581   0.00941   0.00410  -0.2142  0.0013  0.0784  -2.4487   0.0000   0.3775
   6.000   1.6113   0.00970   0.00441  -0.2139  0.0012  0.1173  -2.6395   0.0000   0.3720
   7.000   1.7154   0.01036   0.00506  -0.2128  0.0012  0.1509  -3.0313   0.0000   0.3616
   7.500   1.7662   0.01072   0.00542  -0.2121  0.0012  0.1646  -3.2318   0.0000   0.3568
   8.000   1.8160   0.01111   0.00579  -0.2111  0.0012  0.1611  -3.4347   0.0000   0.3521
   8.500   1.8655   0.01151   0.00622  -0.2102  0.0012  0.2014  -3.6413   0.0000   0.3476
   9.000   1.9142   0.01193   0.00667  -0.2092  0.0012  0.2519  -3.9109   0.0000   0.3432
   9.500   1.9610   0.01240   0.00714  -0.2078  0.0012  0.2749  -4.2589   0.0000   0.3390
  10.000   2.0082   0.01286   0.00770  -0.2067  0.0011  0.3739  -4.8398   0.0000   0.3349
  10.500   2.0510   0.01342   0.00825  -0.2046  0.0011  0.3898  -5.4270   0.0000   0.3308
  11.000   2.0822   0.01403   0.00889  -0.2001  0.0011  0.4007  -5.9736   0.0000   0.3261
  12.000   2.1419   0.01557   0.01048  -0.1912  0.0010  0.4329  -7.1147   0.0000   0.3173
  12.500   2.1700   0.01654   0.01147  -0.1868  0.0010  0.4431  -7.7058   0.0000   0.3131
  13.000   2.1986   0.01765   0.01264  -0.1828  0.0010  0.4990  -8.3210   0.0000   0.3091
  13.500   2.2242   0.01895   0.01397  -0.1786  0.0009  0.5022  -8.9349   0.0000   0.3051
  14.000   2.2490   0.02044   0.01550  -0.1745  0.0009  0.5298  -9.5618   0.0000   0.3013
  14.500   2.2700   0.02220   0.01732  -0.1703  0.0009  0.5711  -10.1780   0.0000   0.2976
  15.000   2.2879   0.02439   0.01958  -0.1661  0.0008  0.6143  -10.7879   0.0000   0.2940
  16.000   2.2714   0.03378   0.02929  -0.1539  0.0016  0.6576  -11.5331   0.0000   0.2867
  16.500   2.2794   0.03769   0.03328  -0.1507  0.0019  0.6899  -12.1208   0.0000   0.2838
  17.000   2.2878   0.04158   0.03724  -0.1478  0.0023  0.7162  -12.7016   0.0000   0.2809
  17.500   2.2907   0.04652   0.04230  -0.1453  0.0027  0.7509  -13.2318   0.0000   0.2784
  18.000   2.2931   0.05195   0.04785  -0.1433  0.0032  0.8030  -13.7637   0.0000   0.2761
  18.500   2.3085   0.05725   0.05341  -0.1436  0.0036  1.0000  -14.4286   0.0000   0.2743
  19.000   2.3029   0.06385   0.06009  -0.1421  0.0038  1.0000  -14.9026   0.0000   0.2723
  19.500   2.2935   0.07112   0.06744  -0.1410  0.0040  1.0000  -15.3434   0.0000   0.2706


