XFLR5 v6.02 Beta

 Calculated polar for: WORTMANN FX 63-137

 1 1 Reynolds number fixed          Mach number fixed         

 xtrf =   1.000 (top)        1.000 (bottom)
 Mach =   0.000     Re =     9.250 e 6     Ncrit =   9.000

  alpha     CL        CD       CDp       CM    Top Xtr Bot Xtr   Cpmin    Chinge    XCp    
 ------- -------- --------- --------- -------- ------- ------- -------- --------- ---------
 -18.000  -0.9064   0.04641   0.04359  -0.1501  0.7776  0.0036  -18.7664   0.0000   0.0540
 -17.500  -0.9349   0.03587   0.03284  -0.1596  0.7651  0.0036  -18.9917   0.0000   0.0511
 -17.000  -0.9356   0.02962   0.02640  -0.1653  0.7412  0.0037  -18.7117   0.0000   0.0467
 -16.500  -0.9244   0.02507   0.02171  -0.1691  0.7230  0.0037  -18.2281   0.0000   0.0418
 -16.000  -0.9068   0.02132   0.01787  -0.1723  0.7179  0.0037  -17.6461   0.0000   0.0359
 -15.500  -0.8688   0.01837   0.01470  -0.1776  0.6725  0.0038  -16.8409   0.0000   0.0222
 -14.500  -0.7624   0.01479   0.01086  -0.1865  0.6283  0.0039  -14.8994   0.0000  -0.0174
 -14.000  -0.7086   0.01377   0.00972  -0.1883  0.6108  0.0040  -13.9373   0.0000  -0.0385
 -13.500  -0.6573   0.01308   0.00874  -0.1891  0.5293  0.0040  -13.0270   0.0000  -0.0605
 -13.000  -0.6034   0.01246   0.00791  -0.1901  0.4724  0.0041  -12.1128   0.0000  -0.0881
 -12.500  -0.5454   0.01173   0.00712  -0.1916  0.4643  0.0042  -11.1919   0.0000  -0.1249
 -12.000  -0.4886   0.01119   0.00643  -0.1926  0.4283  0.0042  -10.3112   0.0000  -0.1687
 -11.500  -0.4304   0.01068   0.00584  -0.1938  0.4131  0.0043  -9.4395   0.0000  -0.2261
 -11.000  -0.3712   0.01018   0.00529  -0.1951  0.4013  0.0044  -8.5943   0.0000  -0.3033
  -3.500   0.5184   0.00798   0.00191  -0.2066  0.1421  0.0064  -1.6662   0.0000   0.6534
  -3.000   0.5774   0.00799   0.00190  -0.2072  0.1343  0.0137  -1.3978   0.0000   0.6124
  -2.500   0.6358   0.00804   0.00193  -0.2076  0.1233  0.0147  -1.1266   0.0000   0.5790
  -2.000   0.6940   0.00810   0.00197  -0.2081  0.1215  0.0147  -0.9445   0.0000   0.5512
  -1.500   0.7509   0.00827   0.00207  -0.2082  0.1022  0.0154  -0.9925   0.0000   0.5278
  -1.000   0.8082   0.00840   0.00215  -0.2085  0.0969  0.0158  -1.0440   0.0000   0.5077
  -0.500   0.8656   0.00851   0.00223  -0.2088  0.0917  0.0161  -1.0959   0.0000   0.4901
   0.000   0.9229   0.00863   0.00234  -0.2091  0.0866  0.0163  -1.1482   0.0000   0.4747
   0.500   0.9799   0.00875   0.00245  -0.2093  0.0839  0.0167  -1.2006   0.0000   0.4610
   1.000   1.0368   0.00887   0.00257  -0.2095  0.0841  0.0173  -1.2629   0.0000   0.4488
   1.500   1.0933   0.00902   0.00272  -0.2097  0.0837  0.0210  -1.3364   0.0000   0.4378
   2.000   1.1497   0.00916   0.00289  -0.2098  0.0831  0.0356  -1.4119   0.0000   0.4278
   2.500   1.2006   0.00975   0.00332  -0.2089  0.0439  0.0394  -1.4946   0.0000   0.4186
   3.500   1.3100   0.01023   0.00379  -0.2087  0.0371  0.0673  -1.7162   0.0000   0.4024
   4.000   1.3639   0.01049   0.00405  -0.2084  0.0362  0.0757  -1.8473   0.0000   0.3952
   4.500   1.4141   0.01104   0.00452  -0.2075  0.0171  0.1020  -2.0062   0.0000   0.3884
   5.000   1.4633   0.01163   0.00508  -0.2063  0.0041  0.1232  -2.1870   0.0000   0.3819
   5.500   1.5157   0.01198   0.00550  -0.2059  0.0032  0.1937  -2.3686   0.0000   0.3760
   6.500   1.6210   0.01266   0.00644  -0.2055  0.0014  0.3952  -2.7465   0.0000   0.3652
   7.000   1.6701   0.01311   0.00694  -0.2045  0.0013  0.4340  -2.9365   0.0000   0.3601
   7.500   1.7186   0.01359   0.00749  -0.2035  0.0013  0.4987  -3.1298   0.0000   0.3552
   8.000   1.7632   0.01416   0.00806  -0.2016  0.0013  0.4991  -3.3198   0.0000   0.3502
   8.500   1.8060   0.01476   0.00869  -0.1994  0.0012  0.5242  -3.5102   0.0000   0.3454
   9.000   1.8381   0.01543   0.00938  -0.1951  0.0012  0.5319  -3.6939   0.0000   0.3403
   9.500   1.8717   0.01620   0.01020  -0.1914  0.0012  0.5646  -3.9322   0.0000   0.3354
  10.000   1.9046   0.01708   0.01115  -0.1877  0.0012  0.6067  -4.2282   0.0000   0.3308
  10.500   1.9361   0.01810   0.01226  -0.1839  0.0011  0.6507  -4.7129   0.0000   0.3263
  11.000   1.9653   0.01929   0.01353  -0.1800  0.0011  0.6876  -5.2058   0.0000   0.3219
  11.500   1.9924   0.02069   0.01499  -0.1761  0.0011  0.7107  -5.7039   0.0000   0.3176
  12.000   2.0175   0.02235   0.01673  -0.1722  0.0011  0.7466  -6.2049   0.0000   0.3136
  12.500   2.0400   0.02428   0.01878  -0.1683  0.0011  0.7978  -6.7013   0.0000   0.3097
  13.500   2.0858   0.02867   0.02350  -0.1620  0.0009  1.0000  -7.8466   0.0000   0.3026
  14.000   2.1026   0.03149   0.02638  -0.1585  0.0009  1.0000  -8.3756   0.0000   0.2992
  14.500   2.1175   0.03466   0.02960  -0.1553  0.0009  1.0000  -8.9047   0.0000   0.2959
  15.000   2.1299   0.03822   0.03323  -0.1523  0.0009  1.0000  -9.4278   0.0000   0.2929
  15.500   2.1384   0.04222   0.03731  -0.1493  0.0009  1.0000  -9.9304   0.0000   0.2899
  16.000   2.1449   0.04675   0.04193  -0.1468  0.0008  1.0000  -10.4312   0.0000   0.2873
  16.500   2.1509   0.05161   0.04686  -0.1446  0.0008  1.0000  -10.9382   0.0000   0.2847
  17.000   2.1573   0.05660   0.05193  -0.1428  0.0008  1.0000  -11.4591   0.0000   0.2824
  17.500   2.1593   0.06228   0.05771  -0.1413  0.0008  1.0000  -11.9514   0.0000   0.2802
  18.000   2.1564   0.06878   0.06431  -0.1402  0.0008  1.0000  -12.4049   0.0000   0.2784
  18.500   2.1505   0.07581   0.07145  -0.1396  0.0007  1.0000  -12.8360   0.0000   0.2769
  19.000   2.1431   0.08289   0.07864  -0.1392  0.0007  1.0000  -13.2613   0.0000   0.2755
  19.500   2.1395   0.08959   0.08544  -0.1391  0.0007  1.0000  -13.7234   0.0000   0.2740
  20.000   2.1275   0.09783   0.09380  -0.1399  0.0007  1.0000  -14.1007   0.0000   0.2732


