XFLR5 v6.02 Beta

 Calculated polar for: WORTMANN FX 63-137

 1 1 Reynolds number fixed          Mach number fixed         

 xtrf =   1.000 (top)        1.000 (bottom)
 Mach =   0.000     Re =    70.500 e 6     Ncrit =   9.000

  alpha     CL        CD       CDp       CM    Top Xtr Bot Xtr   Cpmin    Chinge    XCp    
 ------- -------- --------- --------- -------- ------- ------- -------- --------- ---------
 -22.000  -1.2896   0.04532   0.04204  -0.1595  0.4020  0.0014  -28.7184   0.0000   0.0907
 -21.500  -1.3117   0.03689   0.03351  -0.1663  0.4020  0.0014  -28.7405   0.0000   0.0896
 -21.000  -1.3140   0.03141   0.02797  -0.1703  0.4018  0.0014  -28.3692   0.0000   0.0883
 -20.500  -1.3136   0.02634   0.02283  -0.1740  0.4015  0.0014  -27.9373   0.0000   0.0869
 -20.000  -1.2987   0.02282   0.01926  -0.1763  0.4012  0.0014  -27.2554   0.0000   0.0850
 -19.500  -1.2880   0.01959   0.01600  -0.1772  0.4012  0.0014  -26.6149   0.0000   0.0845
 -19.000  -1.2521   0.01701   0.01337  -0.1810  0.4011  0.0014  -25.6513   0.0000   0.0785
 -18.500  -1.2000   0.01473   0.01105  -0.1873  0.4009  0.0015  -24.5000   0.0000   0.0677
 -18.000  -1.1499   0.01371   0.00988  -0.1893  0.3109  0.0015  -23.3513   0.0000   0.0599
 -17.500  -1.0969   0.01288   0.00898  -0.1906  0.2997  0.0016  -22.1800   0.0000   0.0513
 -17.000  -1.0423   0.01215   0.00822  -0.1919  0.2924  0.0017  -21.0144   0.0000   0.0416
 -16.500  -0.9867   0.01150   0.00754  -0.1930  0.2854  0.0018  -19.8619   0.0000   0.0305
 -16.000  -0.9303   0.01091   0.00692  -0.1941  0.2788  0.0019  -18.7275   0.0000   0.0178
 -15.500  -0.8731   0.01037   0.00635  -0.1951  0.2784  0.0020  -17.6144   0.0000   0.0032
 -15.000  -0.8165   0.00994   0.00584  -0.1960  0.2416  0.0021  -16.5360   0.0000  -0.0131
 -14.500  -0.7585   0.00949   0.00536  -0.1969  0.2218  0.0022  -15.4743   0.0000  -0.0327
 -14.000  -0.7000   0.00908   0.00492  -0.1979  0.2212  0.0023  -14.4374   0.0000  -0.0559
 -13.500  -0.6418   0.00873   0.00451  -0.1987  0.1936  0.0024  -13.5163   0.0000  -0.0831
 -13.000  -0.5828   0.00839   0.00413  -0.1996  0.1866  0.0026  -12.6200   0.0000  -0.1165
 -12.000  -0.4644   0.00779   0.00345  -0.2014  0.1447  0.0030  -10.9027   0.0000  -0.2095
 -11.500  -0.4045   0.00748   0.00313  -0.2024  0.1459  0.0034  -10.0786   0.0000  -0.2778
 -11.000  -0.3448   0.00724   0.00285  -0.2033  0.1421  0.0037  -9.2818   0.0000  -0.3696
 -10.500  -0.2850   0.00703   0.00262  -0.2041  0.1373  0.0039  -8.5106   0.0000  -0.5000
 -10.000  -0.2251   0.00685   0.00242  -0.2049  0.1323  0.0040  -7.7687   0.0000  -0.6999
  -9.500  -0.1653   0.00670   0.00225  -0.2057  0.1272  0.0041  -7.0569   0.0000  -1.0446
  -9.000  -0.1055   0.00657   0.00210  -0.2064  0.1237  0.0041  -6.3750   0.0000  -1.7809
  -8.500  -0.0456   0.00645   0.00196  -0.2072  0.1235  0.0041  -5.7210   0.0000  -4.4524
  -8.000   0.0143   0.00635   0.00184  -0.2079  0.1232  0.0042  -5.0966   0.0000  15.2990
  -7.500   0.0741   0.00626   0.00174  -0.2086  0.1228  0.0042  -4.5020   0.0000   3.1501
  -6.500   0.1929   0.00617   0.00158  -0.2099  0.1013  0.0043  -3.6512   0.0000   1.3651
  -6.000   0.2524   0.00613   0.00152  -0.2105  0.0985  0.0043  -3.2749   0.0000   1.1031
  -5.500   0.3118   0.00610   0.00148  -0.2111  0.0958  0.0044  -2.9138   0.0000   0.9411
  -5.000   0.3712   0.00608   0.00145  -0.2117  0.0930  0.0044  -2.5681   0.0000   0.8310
  -4.500   0.4305   0.00608   0.00142  -0.2123  0.0865  0.0044  -2.2379   0.0000   0.7513
  -4.000   0.4897   0.00608   0.00141  -0.2129  0.0843  0.0045  -1.9232   0.0000   0.6910
  -3.500   0.5488   0.00609   0.00141  -0.2134  0.0841  0.0045  -1.6246   0.0000   0.6436
  -3.000   0.6077   0.00611   0.00142  -0.2139  0.0840  0.0046  -1.3417   0.0000   0.6055
  -2.500   0.6665   0.00614   0.00144  -0.2144  0.0838  0.0046  -1.0743   0.0000   0.5741
  -2.000   0.7235   0.00632   0.00153  -0.2145  0.0476  0.0048  -0.9627   0.0000   0.5479
  -1.500   0.7817   0.00639   0.00159  -0.2149  0.0446  0.0055  -1.0133   0.0000   0.5255
  -1.000   0.8398   0.00647   0.00165  -0.2153  0.0422  0.0064  -1.0656   0.0000   0.5061
  -0.500   0.8977   0.00655   0.00172  -0.2157  0.0400  0.0071  -1.1183   0.0000   0.4891
   0.000   0.9554   0.00665   0.00180  -0.2160  0.0382  0.0076  -1.1712   0.0000   0.4742
   0.500   1.0130   0.00675   0.00189  -0.2163  0.0381  0.0095  -1.2263   0.0000   0.4610
   1.000   1.0705   0.00684   0.00199  -0.2167  0.0392  0.0169  -1.2916   0.0000   0.4491
   1.500   1.1276   0.00697   0.00210  -0.2169  0.0384  0.0171  -1.3673   0.0000   0.4383
   2.000   1.1829   0.00722   0.00229  -0.2168  0.0248  0.0203  -1.4422   0.0000   0.4285
   2.500   1.2373   0.00755   0.00257  -0.2165  0.0014  0.0371  -1.5326   0.0000   0.4195
   3.500   1.3484   0.00796   0.00294  -0.2165  0.0013  0.0387  -1.7668   0.0000   0.4037
   4.000   1.4034   0.00818   0.00315  -0.2164  0.0013  0.0413  -1.9139   0.0000   0.3966
   4.500   1.4580   0.00841   0.00336  -0.2162  0.0013  0.0469  -2.0929   0.0000   0.3899
   5.500   1.5661   0.00893   0.00386  -0.2158  0.0013  0.0723  -2.4639   0.0000   0.3778
   6.000   1.6196   0.00920   0.00414  -0.2155  0.0012  0.1045  -2.6557   0.0000   0.3723
   6.500   1.6723   0.00950   0.00443  -0.2151  0.0012  0.1164  -2.8509   0.0000   0.3670
   8.500   1.8763   0.01091   0.00580  -0.2123  0.0012  0.1552  -3.6650   0.0000   0.3480
   9.000   1.9257   0.01130   0.00622  -0.2114  0.0012  0.2106  -3.9442   0.0000   0.3437
   9.500   1.9741   0.01172   0.00667  -0.2103  0.0012  0.2491  -4.3334   0.0000   0.3395
  10.000   2.0214   0.01216   0.00715  -0.2091  0.0012  0.3075  -4.9202   0.0000   0.3354
  10.500   2.0662   0.01267   0.00766  -0.2074  0.0011  0.3298  -5.5239   0.0000   0.3314
  11.000   2.1088   0.01322   0.00822  -0.2053  0.0011  0.3396  -6.1439   0.0000   0.3273
  13.000   2.2239   0.01637   0.01144  -0.1869  0.0009  0.3989  -8.5100   0.0000   0.3099
  14.000   2.2432   0.02078   0.01609  -0.1734  0.0016  0.4645  -9.4661   0.0000   0.3010
  14.500   2.2574   0.02287   0.01823  -0.1682  0.0017  0.4694  -10.0277   0.0000   0.2971
  15.000   2.2768   0.02501   0.02042  -0.1643  0.0022  0.4999  -10.6765   0.0000   0.2936
  15.500   2.2927   0.02760   0.02308  -0.1604  0.0027  0.5324  -11.2802   0.0000   0.2901
  16.500   2.3158   0.03405   0.02967  -0.1530  0.0035  0.5845  -12.4484   0.0000   0.2838
  17.000   2.3238   0.03795   0.03365  -0.1499  0.0038  0.6253  -13.0197   0.0000   0.2809
  17.500   2.3266   0.04231   0.03809  -0.1466  0.0043  0.6340  -13.5529   0.0000   0.2780
  18.000   2.3290   0.04727   0.04313  -0.1440  0.0045  0.6585  -14.0931   0.0000   0.2755
  18.500   2.3295   0.05277   0.04873  -0.1420  0.0046  0.6898  -14.6248   0.0000   0.2731
  19.000   2.3258   0.05901   0.05507  -0.1403  0.0046  0.7185  -15.1246   0.0000   0.2711
  19.500   2.3329   0.06400   0.06014  -0.1391  0.0046  0.7562  -15.7387   0.0000   0.2689
  20.000   2.3244   0.07131   0.06758  -0.1384  0.0047  0.7971  -16.2023   0.0000   0.2673
  20.500   2.3115   0.07916   0.07554  -0.1382  0.0047  0.8276  -16.6241   0.0000   0.2659


