XFLR5 v6.02 Beta

 Calculated polar for: WORTMANN FX 63-137

 1 1 Reynolds number fixed          Mach number fixed         

 xtrf =   1.000 (top)        1.000 (bottom)
 Mach =   0.000     Re =    74.250 e 6     Ncrit =   9.000

  alpha     CL        CD       CDp       CM    Top Xtr Bot Xtr   Cpmin    Chinge    XCp    
 ------- -------- --------- --------- -------- ------- ------- -------- --------- ---------
 -23.000  -1.1861   0.07044   0.06744  -0.1400  0.4014  0.0014  -27.3906   0.0000   0.0918
 -21.500  -0.3417   0.21165   0.20921  -0.0634  0.1831  0.0013  -4.2240   0.0000   0.0138
 -21.000  -0.3243   0.20624   0.20378  -0.0670  0.1693  0.0013  -4.0599   0.0000  -0.0079
 -20.000  -1.3039   0.02224   0.01869  -0.1769  0.4012  0.0014  -27.3461   0.0000   0.0851
 -19.500  -1.2914   0.01920   0.01562  -0.1776  0.4011  0.0014  -26.6765   0.0000   0.0845
 -19.000  -1.2532   0.01661   0.01298  -0.1819  0.4009  0.0014  -25.6832   0.0000   0.0779
 -18.500  -1.2003   0.01447   0.01075  -0.1881  0.3697  0.0014  -24.5191   0.0000   0.0671
 -18.000  -1.1502   0.01355   0.00971  -0.1896  0.3036  0.0015  -23.3624   0.0000   0.0597
 -17.500  -1.0968   0.01274   0.00885  -0.1909  0.2953  0.0016  -22.1862   0.0000   0.0510
 -17.000  -1.0421   0.01203   0.00811  -0.1921  0.2880  0.0016  -21.0174   0.0000   0.0412
 -16.500  -0.9864   0.01139   0.00745  -0.1933  0.2806  0.0017  -19.8631   0.0000   0.0301
 -16.000  -0.9298   0.01081   0.00684  -0.1943  0.2784  0.0018  -18.7273   0.0000   0.0174
 -15.500  -0.8726   0.01028   0.00628  -0.1954  0.2781  0.0019  -17.6131   0.0000   0.0028
 -15.000  -0.8161   0.00986   0.00578  -0.1961  0.2340  0.0020  -16.5354   0.0000  -0.0135
 -14.500  -0.7580   0.00942   0.00531  -0.1971  0.2216  0.0021  -15.4717   0.0000  -0.0332
 -14.000  -0.6994   0.00901   0.00487  -0.1981  0.2210  0.0023  -14.4345   0.0000  -0.0564
 -13.500  -0.6413   0.00868   0.00448  -0.1989  0.1911  0.0024  -13.5136   0.0000  -0.0836
 -13.000  -0.5823   0.00834   0.00410  -0.1998  0.1825  0.0025  -12.6168   0.0000  -0.1171
 -12.000  -0.4639   0.00775   0.00343  -0.2015  0.1428  0.0029  -10.8998   0.0000  -0.2103
 -11.500  -0.4040   0.00744   0.00311  -0.2025  0.1441  0.0033  -10.0764   0.0000  -0.2788
 -11.000  -0.3442   0.00720   0.00284  -0.2034  0.1404  0.0035  -9.2804   0.0000  -0.3709
 -10.500  -0.2844   0.00698   0.00260  -0.2043  0.1357  0.0038  -8.5096   0.0000  -0.5021
 -10.000  -0.2245   0.00680   0.00240  -0.2051  0.1308  0.0040  -7.7669   0.0000  -0.7033
  -9.500  -0.1646   0.00665   0.00223  -0.2059  0.1257  0.0040  -7.0549   0.0000  -1.0508
  -9.000  -0.1048   0.00652   0.00208  -0.2066  0.1237  0.0041  -6.3729   0.0000  -1.7953
  -8.500  -0.0449   0.00640   0.00194  -0.2074  0.1234  0.0041  -5.7188   0.0000  -4.5255
  -8.000   0.0149   0.00630   0.00183  -0.2081  0.1231  0.0042  -5.0944   0.0000  14.6425
  -7.500   0.0747   0.00621   0.00172  -0.2088  0.1228  0.0042  -4.4997   0.0000   3.1264
  -7.000   0.1340   0.00617   0.00164  -0.2094  0.1032  0.0043  -4.0419   0.0000   1.8550
  -6.500   0.1936   0.00613   0.00157  -0.2100  0.1004  0.0043  -3.6502   0.0000   1.3623
  -6.000   0.2530   0.00609   0.00151  -0.2106  0.0976  0.0043  -3.2738   0.0000   1.1016
  -5.500   0.3125   0.00606   0.00147  -0.2113  0.0950  0.0044  -2.9127   0.0000   0.9402
  -5.000   0.3719   0.00604   0.00143  -0.2119  0.0918  0.0044  -2.5669   0.0000   0.8304
  -4.500   0.4312   0.00603   0.00141  -0.2124  0.0851  0.0044  -2.2367   0.0000   0.7509
  -4.000   0.4904   0.00603   0.00140  -0.2130  0.0842  0.0045  -1.9220   0.0000   0.6907
  -3.500   0.5494   0.00604   0.00140  -0.2136  0.0841  0.0045  -1.6233   0.0000   0.6434
  -3.000   0.6084   0.00606   0.00141  -0.2141  0.0840  0.0046  -1.3405   0.0000   0.6053
  -2.500   0.6672   0.00609   0.00143  -0.2146  0.0838  0.0046  -1.0731   0.0000   0.5740
  -2.000   0.7241   0.00628   0.00152  -0.2147  0.0466  0.0047  -0.9631   0.0000   0.5478
  -1.500   0.7823   0.00635   0.00157  -0.2151  0.0437  0.0054  -1.0137   0.0000   0.5254
  -1.000   0.8405   0.00643   0.00164  -0.2155  0.0414  0.0063  -1.0661   0.0000   0.5060
  -0.500   0.8984   0.00651   0.00171  -0.2158  0.0392  0.0069  -1.1188   0.0000   0.4891
   0.000   0.9562   0.00660   0.00178  -0.2162  0.0382  0.0075  -1.1717   0.0000   0.4742
   0.500   1.0137   0.00670   0.00188  -0.2165  0.0381  0.0093  -1.2269   0.0000   0.4610
   1.000   1.0713   0.00680   0.00197  -0.2168  0.0386  0.0169  -1.2923   0.0000   0.4491
   1.500   1.1284   0.00692   0.00208  -0.2171  0.0382  0.0171  -1.3680   0.0000   0.4384
   2.000   1.1833   0.00720   0.00229  -0.2169  0.0217  0.0200  -1.4425   0.0000   0.4286
   3.500   1.3493   0.00790   0.00291  -0.2167  0.0013  0.0385  -1.7680   0.0000   0.4037
   4.000   1.4044   0.00812   0.00312  -0.2166  0.0013  0.0409  -1.9155   0.0000   0.3966
   4.500   1.4590   0.00835   0.00334  -0.2164  0.0013  0.0465  -2.0946   0.0000   0.3900
   5.500   1.5672   0.00886   0.00383  -0.2160  0.0013  0.0715  -2.4659   0.0000   0.3779
   6.000   1.6207   0.00913   0.00411  -0.2157  0.0012  0.1036  -2.6579   0.0000   0.3723
   6.500   1.6734   0.00943   0.00439  -0.2153  0.0012  0.1147  -2.8532   0.0000   0.3671
   7.000   1.7259   0.00974   0.00471  -0.2149  0.0012  0.1455  -3.0528   0.0000   0.3620
   7.500   1.7773   0.01008   0.00503  -0.2142  0.0012  0.1460  -3.2550   0.0000   0.3572
   8.000   1.8279   0.01044   0.00538  -0.2135  0.0012  0.1457  -3.4602   0.0000   0.3526
   8.500   1.8777   0.01082   0.00575  -0.2126  0.0012  0.1517  -3.6682   0.0000   0.3481
   9.000   1.9273   0.01121   0.00617  -0.2117  0.0012  0.2064  -3.9486   0.0000   0.3438
   9.500   1.9758   0.01163   0.00661  -0.2107  0.0012  0.2491  -4.3430   0.0000   0.3396
  10.000   2.0225   0.01209   0.00707  -0.2093  0.0012  0.2735  -4.9273   0.0000   0.3354
  10.500   2.0681   0.01257   0.00759  -0.2078  0.0011  0.3224  -5.5362   0.0000   0.3314
  11.000   2.1109   0.01312   0.00813  -0.2057  0.0011  0.3323  -6.1578   0.0000   0.3274
  11.500   2.1415   0.01371   0.00874  -0.2011  0.0011  0.3394  -6.7297   0.0000   0.3229
  12.000   2.1701   0.01442   0.00946  -0.1963  0.0010  0.3407  -7.3109   0.0000   0.3184
  13.000   2.2268   0.01622   0.01130  -0.1874  0.0009  0.3837  -8.5329   0.0000   0.3100
  14.000   2.2464   0.02056   0.01589  -0.1738  0.0018  0.4548  -9.4988   0.0000   0.3011
  16.500   2.3193   0.03372   0.02934  -0.1533  0.0037  0.5653  -12.4784   0.0000   0.2838
  17.000   2.3272   0.03757   0.03327  -0.1500  0.0040  0.5969  -13.0497   0.0000   0.2808
  17.500   2.3314   0.04184   0.03763  -0.1469  0.0044  0.6281  -13.5960   0.0000   0.2780
  18.000   2.3333   0.04674   0.04260  -0.1442  0.0046  0.6452  -14.1332   0.0000   0.2754
  18.500   2.3340   0.05215   0.04810  -0.1420  0.0046  0.6686  -14.6686   0.0000   0.2731
  19.000   2.3412   0.05694   0.05297  -0.1404  0.0046  0.7001  -15.2764   0.0000   0.2707
  19.500   2.3371   0.06338   0.05951  -0.1391  0.0047  0.7359  -15.7818   0.0000   0.2688
  20.000   2.3284   0.07064   0.06689  -0.1383  0.0047  0.7716  -16.2448   0.0000   0.2671


