XFLR5 v6.02 Beta

 Calculated polar for: WORTMANN FX 63-137

 1 1 Reynolds number fixed          Mach number fixed         

 xtrf =   1.000 (top)        1.000 (bottom)
 Mach =   0.000     Re =    11.250 e 6     Ncrit =   9.000

  alpha     CL        CD       CDp       CM    Top Xtr Bot Xtr   Cpmin    Chinge    XCp    
 ------- -------- --------- --------- -------- ------- ------- -------- --------- ---------
 -18.500  -0.9920   0.04121   0.03821  -0.1557  0.7489  0.0034  -20.6489   0.0000   0.0630
 -18.000  -1.0040   0.03346   0.03028  -0.1627  0.7336  0.0035  -20.5545   0.0000   0.0598
 -17.500  -0.9992   0.02803   0.02473  -0.1674  0.7203  0.0035  -20.1580   0.0000   0.0556
 -17.000  -0.9853   0.02375   0.02036  -0.1710  0.7176  0.0035  -19.6105   0.0000   0.0509
 -16.500  -0.9653   0.02051   0.01697  -0.1736  0.6860  0.0036  -18.9649   0.0000   0.0457
 -16.000  -0.9234   0.01790   0.01421  -0.1786  0.6592  0.0036  -18.0713   0.0000   0.0329
 -15.500  -0.8717   0.01588   0.01197  -0.1842  0.6091  0.0037  -17.0822   0.0000   0.0155
 -15.000  -0.8184   0.01470   0.01070  -0.1865  0.5963  0.0038  -16.0633   0.0000  -0.0009
 -14.500  -0.7634   0.01370   0.00965  -0.1884  0.5933  0.0038  -15.0489   0.0000  -0.0196
 -14.000  -0.7097   0.01294   0.00874  -0.1896  0.5567  0.0039  -14.0734   0.0000  -0.0400
 -13.500  -0.6596   0.01253   0.00796  -0.1899  0.4355  0.0039  -13.1638   0.0000  -0.0606
 -13.000  -0.6030   0.01191   0.00722  -0.1911  0.4142  0.0040  -12.2151   0.0000  -0.0900
 -12.500  -0.5449   0.01129   0.00654  -0.1924  0.4012  0.0041  -11.2834   0.0000  -0.1268
 -11.500  -0.4285   0.01031   0.00539  -0.1947  0.3644  0.0042  -9.5058   0.0000  -0.2303
 -11.000  -0.3695   0.00987   0.00487  -0.1958  0.3510  0.0043  -8.6655   0.0000  -0.3078
  -4.000   0.4628   0.00777   0.00185  -0.2068  0.1378  0.0045  -1.9340   0.0000   0.7033
  -3.500   0.5217   0.00778   0.00185  -0.2073  0.1323  0.0057  -1.6647   0.0000   0.6523
  -3.000   0.5806   0.00779   0.00186  -0.2079  0.1237  0.0094  -1.3896   0.0000   0.6116
  -2.500   0.6395   0.00780   0.00187  -0.2085  0.1220  0.0143  -1.1235   0.0000   0.5784
  -2.000   0.6965   0.00798   0.00195  -0.2086  0.1006  0.0143  -0.9460   0.0000   0.5510
  -1.500   0.7543   0.00807   0.00201  -0.2090  0.0971  0.0152  -0.9948   0.0000   0.5276
  -1.000   0.8119   0.00817   0.00208  -0.2093  0.0909  0.0156  -1.0466   0.0000   0.5075
  -0.500   0.8695   0.00827   0.00217  -0.2096  0.0868  0.0159  -1.0987   0.0000   0.4900
   0.000   0.9269   0.00837   0.00227  -0.2099  0.0841  0.0161  -1.1511   0.0000   0.4746
   0.500   0.9840   0.00849   0.00238  -0.2102  0.0833  0.0164  -1.2039   0.0000   0.4610
   1.500   1.0977   0.00874   0.00263  -0.2106  0.0833  0.0199  -1.3405   0.0000   0.4379
   2.000   1.1540   0.00890   0.00279  -0.2107  0.0825  0.0274  -1.4161   0.0000   0.4279
   2.500   1.2051   0.00948   0.00322  -0.2098  0.0385  0.0383  -1.4994   0.0000   0.4187
   3.500   1.3100   0.01035   0.00397  -0.2087  0.0056  0.0662  -1.7173   0.0000   0.4024
   4.000   1.3660   0.01043   0.00407  -0.2088  0.0183  0.0687  -1.8422   0.0000   0.3953
   4.500   1.4165   0.01095   0.00456  -0.2079  0.0044  0.0825  -2.0193   0.0000   0.3884
   5.000   1.4688   0.01130   0.00491  -0.2074  0.0035  0.1093  -2.1966   0.0000   0.3821
   5.500   1.5209   0.01165   0.00530  -0.2069  0.0026  0.1527  -2.3786   0.0000   0.3761
   6.000   1.5757   0.01191   0.00575  -0.2071  0.0014  0.3062  -2.5688   0.0000   0.3707
   6.500   1.6263   0.01232   0.00619  -0.2064  0.0013  0.3441  -2.7574   0.0000   0.3654
   7.000   1.6759   0.01275   0.00666  -0.2055  0.0013  0.3873  -2.9489   0.0000   0.3602
   7.500   1.7259   0.01318   0.00720  -0.2048  0.0013  0.4702  -3.1451   0.0000   0.3554
   8.000   1.7708   0.01373   0.00773  -0.2029  0.0012  0.4554  -3.3363   0.0000   0.3505
   8.500   1.8159   0.01428   0.00833  -0.2013  0.0012  0.4993  -3.5315   0.0000   0.3458
   9.000   1.8524   0.01491   0.00898  -0.1978  0.0012  0.5141  -3.7336   0.0000   0.3409
   9.500   1.8856   0.01562   0.00972  -0.1939  0.0012  0.5337  -3.9722   0.0000   0.3360
  10.000   1.9182   0.01644   0.01060  -0.1900  0.0011  0.5671  -4.3097   0.0000   0.3313
  10.500   1.9507   0.01738   0.01161  -0.1863  0.0011  0.6146  -4.8069   0.0000   0.3268
  11.000   1.9799   0.01848   0.01279  -0.1823  0.0011  0.6491  -5.3067   0.0000   0.3223
  11.500   2.0082   0.01977   0.01415  -0.1784  0.0011  0.6878  -5.8209   0.0000   0.3181
  12.000   2.0343   0.02127   0.01571  -0.1744  0.0011  0.7110  -6.3394   0.0000   0.3140
  12.500   2.0588   0.02299   0.01752  -0.1706  0.0011  0.7474  -6.8644   0.0000   0.3100
  13.000   2.0824   0.02491   0.01954  -0.1671  0.0010  0.8025  -7.4451   0.0000   0.3063
  13.500   2.1075   0.02707   0.02199  -0.1644  0.0009  1.0000  -8.0208   0.0000   0.3029
  14.000   2.1244   0.02977   0.02473  -0.1607  0.0009  1.0000  -8.5571   0.0000   0.2994
  14.500   2.1403   0.03273   0.02775  -0.1573  0.0009  1.0000  -9.0998   0.0000   0.2961
  15.000   2.1534   0.03612   0.03120  -0.1541  0.0009  1.0000  -9.6356   0.0000   0.2929
  15.500   2.1665   0.03962   0.03476  -0.1513  0.0008  1.0000  -10.1829   0.0000   0.2899
  16.000   2.1742   0.04377   0.03898  -0.1484  0.0008  1.0000  -10.7013   0.0000   0.2871
  16.500   2.1800   0.04847   0.04376  -0.1460  0.0008  1.0000  -11.2151   0.0000   0.2845
  17.000   2.1835   0.05370   0.04907  -0.1440  0.0008  1.0000  -11.7183   0.0000   0.2821
  17.500   2.1842   0.05948   0.05495  -0.1423  0.0008  1.0000  -12.2051   0.0000   0.2800
  18.000   2.1859   0.06525   0.06081  -0.1410  0.0007  1.0000  -12.7090   0.0000   0.2779
  18.500   2.1874   0.07111   0.06675  -0.1400  0.0007  1.0000  -13.2219   0.0000   0.2760
  19.000   2.1806   0.07824   0.07399  -0.1395  0.0007  1.0000  -13.6582   0.0000   0.2745
  19.500   2.1685   0.08594   0.08181  -0.1393  0.0007  1.0000  -14.0459   0.0000   0.2733
  20.000   2.1550   0.09429   0.09028  -0.1398  0.0007  1.0000  -14.4174   0.0000   0.2724


