XFLR5 v6.02 Beta

 Calculated polar for: WORTMANN FX 63-137

 1 1 Reynolds number fixed          Mach number fixed         

 xtrf =   1.000 (top)        1.000 (bottom)
 Mach =   0.000     Re =    54.000 e 6     Ncrit =   9.000

  alpha     CL        CD       CDp       CM    Top Xtr Bot Xtr   Cpmin    Chinge    XCp    
 ------- -------- --------- --------- -------- ------- ------- -------- --------- ---------
 -22.500  -1.1101   0.07498   0.07199  -0.1355  0.4344  0.0015  -25.5084   0.0000   0.0882
 -22.000  -1.2124   0.05507   0.05192  -0.1509  0.4659  0.0015  -27.2285   0.0000   0.0888
 -21.500  -1.2522   0.04412   0.04085  -0.1595  0.4658  0.0015  -27.6254   0.0000   0.0880
 -21.000  -1.2718   0.03613   0.03272  -0.1659  0.4349  0.0015  -27.6017   0.0000   0.0868
 -20.500  -1.2800   0.02995   0.02644  -0.1706  0.4313  0.0015  -27.3409   0.0000   0.0856
 -20.000  -1.2708   0.02583   0.02226  -0.1734  0.4271  0.0016  -26.7675   0.0000   0.0838
 -19.500  -1.2582   0.02201   0.01838  -0.1760  0.4226  0.0016  -26.1378   0.0000   0.0817
 -19.000  -1.2420   0.01916   0.01548  -0.1770  0.4177  0.0017  -25.4311   0.0000   0.0804
 -18.500  -1.2013   0.01656   0.01283  -0.1818  0.4111  0.0017  -24.4319   0.0000   0.0725
 -18.000  -1.1482   0.01459   0.01073  -0.1875  0.3635  0.0018  -23.2875   0.0000   0.0612
 -17.000  -1.0423   0.01276   0.00880  -0.1906  0.3378  0.0020  -20.9834   0.0000   0.0427
 -16.500  -0.9880   0.01206   0.00804  -0.1918  0.3104  0.0021  -19.8493   0.0000   0.0320
 -16.000  -0.9322   0.01141   0.00734  -0.1929  0.3023  0.0022  -18.7251   0.0000   0.0195
 -15.500  -0.8754   0.01082   0.00670  -0.1940  0.2978  0.0023  -17.6191   0.0000   0.0051
 -15.000  -0.8181   0.01028   0.00613  -0.1951  0.2863  0.0024  -16.5355   0.0000  -0.0116
 -14.500  -0.7613   0.00984   0.00560  -0.1959  0.2362  0.0026  -15.4874   0.0000  -0.0304
 -14.000  -0.7029   0.00939   0.00512  -0.1969  0.2269  0.0028  -14.4528   0.0000  -0.0533
 -13.500  -0.6442   0.00899   0.00468  -0.1979  0.2212  0.0029  -13.5285   0.0000  -0.0806
 -12.500  -0.5266   0.00831   0.00390  -0.1997  0.1702  0.0033  -11.7630   0.0000  -0.1539
 -12.000  -0.4670   0.00799   0.00355  -0.2007  0.1692  0.0035  -10.9119   0.0000  -0.2054
 -11.500  -0.4072   0.00770   0.00323  -0.2016  0.1693  0.0038  -10.0813   0.0000  -0.2725
 -11.000  -0.3475   0.00746   0.00298  -0.2025  0.1690  0.0039  -9.2825   0.0000  -0.3625
 -10.500  -0.2882   0.00729   0.00276  -0.2032  0.1467  0.0040  -8.5162   0.0000  -0.4887
 -10.000  -0.2285   0.00712   0.00255  -0.2040  0.1411  0.0040  -7.7768   0.0000  -0.6819
  -9.500  -0.1688   0.00697   0.00237  -0.2048  0.1356  0.0041  -7.0664   0.0000  -1.0124
  -9.000  -0.1090   0.00683   0.00221  -0.2056  0.1256  0.0041  -6.3855   0.0000  -1.7068
  -8.500  -0.0491   0.00671   0.00207  -0.2063  0.1239  0.0041  -5.7317   0.0000  -4.0957
  -8.000   0.0107   0.00660   0.00194  -0.2071  0.1236  0.0042  -5.1074   0.0000  20.1732
  -7.500   0.0706   0.00650   0.00183  -0.2078  0.1234  0.0042  -4.5128   0.0000   3.2827
  -6.500   0.1901   0.00635   0.00165  -0.2092  0.1227  0.0043  -3.6542   0.0000   1.3783
  -6.000   0.2491   0.00635   0.00160  -0.2097  0.1033  0.0043  -3.2798   0.0000   1.1112
  -5.500   0.3085   0.00632   0.00155  -0.2103  0.1002  0.0044  -2.9193   0.0000   0.9461
  -5.000   0.3678   0.00631   0.00151  -0.2109  0.0974  0.0044  -2.5740   0.0000   0.8343
  -4.500   0.4270   0.00630   0.00148  -0.2115  0.0941  0.0045  -2.2439   0.0000   0.7536
  -4.000   0.4861   0.00631   0.00148  -0.2121  0.0851  0.0045  -1.9298   0.0000   0.6925
  -3.500   0.5452   0.00632   0.00147  -0.2126  0.0843  0.0046  -1.6312   0.0000   0.6447
  -3.000   0.6041   0.00634   0.00148  -0.2131  0.0842  0.0047  -1.3484   0.0000   0.6063
  -2.500   0.6629   0.00637   0.00150  -0.2136  0.0839  0.0046  -1.0808   0.0000   0.5746
  -2.000   0.7214   0.00641   0.00154  -0.2141  0.0828  0.0052  -0.9617   0.0000   0.5481
  -1.500   0.7782   0.00661   0.00164  -0.2142  0.0496  0.0062  -1.0110   0.0000   0.5257
  -1.000   0.8361   0.00670   0.00171  -0.2145  0.0468  0.0072  -1.0631   0.0000   0.5062
  -0.500   0.8939   0.00679   0.00179  -0.2149  0.0442  0.0080  -1.1156   0.0000   0.4893
   0.000   0.9515   0.00689   0.00188  -0.2152  0.0418  0.0086  -1.1684   0.0000   0.4743
   0.500   1.0091   0.00699   0.00197  -0.2155  0.0396  0.0154  -1.2233   0.0000   0.4610
   1.000   1.0665   0.00710   0.00207  -0.2158  0.0425  0.0170  -1.2881   0.0000   0.4490
   1.500   1.1234   0.00722   0.00219  -0.2160  0.0415  0.0171  -1.3637   0.0000   0.4383
   2.000   1.1802   0.00736   0.00231  -0.2162  0.0405  0.0217  -1.4400   0.0000   0.4285
   2.500   1.2329   0.00783   0.00268  -0.2156  0.0018  0.0372  -1.5279   0.0000   0.4194
   3.500   1.3437   0.00825   0.00306  -0.2155  0.0013  0.0402  -1.7607   0.0000   0.4035
   4.000   1.3985   0.00849   0.00328  -0.2154  0.0014  0.0434  -1.9054   0.0000   0.3964
   4.500   1.4529   0.00873   0.00351  -0.2152  0.0013  0.0495  -2.0838   0.0000   0.3897
   5.000   1.5071   0.00899   0.00376  -0.2150  0.0013  0.0667  -2.2667   0.0000   0.3835
   5.500   1.5605   0.00927   0.00403  -0.2147  0.0013  0.0764  -2.4534   0.0000   0.3776
   6.000   1.6138   0.00955   0.00433  -0.2144  0.0012  0.1133  -2.6444   0.0000   0.3721
   7.000   1.7182   0.01019   0.00496  -0.2134  0.0012  0.1465  -3.0371   0.0000   0.3617
   7.500   1.7692   0.01055   0.00531  -0.2126  0.0012  0.1569  -3.2379   0.0000   0.3569
   8.000   1.8192   0.01093   0.00568  -0.2118  0.0012  0.1536  -3.4416   0.0000   0.3522
  10.500   2.0559   0.01318   0.00807  -0.2055  0.0011  0.3708  -5.4581   0.0000   0.3310
  11.000   2.0905   0.01378   0.00868  -0.2017  0.0011  0.3809  -6.0276   0.0000   0.3265
  11.500   2.1196   0.01446   0.00936  -0.1969  0.0011  0.3907  -6.5835   0.0000   0.3219
  12.000   2.1488   0.01526   0.01018  -0.1924  0.0010  0.3926  -7.1634   0.0000   0.3176
  13.000   2.2063   0.01725   0.01227  -0.1840  0.0010  0.4744  -8.3781   0.0000   0.3093
  13.500   2.2325   0.01851   0.01357  -0.1798  0.0009  0.4982  -8.9990   0.0000   0.3053
  14.000   2.2562   0.01997   0.01505  -0.1755  0.0009  0.4999  -9.6206   0.0000   0.3015
  14.500   2.2785   0.02165   0.01679  -0.1714  0.0008  0.5481  -10.2488   0.0000   0.2977
  15.500   2.2678   0.02968   0.02513  -0.1581  0.0016  0.5958  -11.0295   0.0000   0.2899
  16.000   2.2808   0.03289   0.02840  -0.1546  0.0020  0.6290  -11.6526   0.0000   0.2867
  16.500   2.2920   0.03642   0.03201  -0.1515  0.0024  0.6577  -12.2424   0.0000   0.2838
  17.000   2.2978   0.04051   0.03620  -0.1484  0.0027  0.6892  -12.7916   0.0000   0.2809
  17.500   2.2993   0.04542   0.04119  -0.1455  0.0032  0.7118  -13.3078   0.0000   0.2783
  18.000   2.3086   0.04986   0.04572  -0.1435  0.0037  0.7501  -13.9059   0.0000   0.2757
  19.000   2.3049   0.06234   0.05845  -0.1406  0.0042  0.8500  -14.9203   0.0000   0.2717
  19.500   2.3052   0.06974   0.06609  -0.1413  0.0043  1.0000  -15.4590   0.0000   0.2704


