XFLR5 v6.02 Beta

 Calculated polar for: WORTMANN FX 63-137

 1 1 Reynolds number fixed          Mach number fixed         

 xtrf =   1.000 (top)        1.000 (bottom)
 Mach =   0.000     Re =     6.750 e 6     Ncrit =   9.000

  alpha     CL        CD       CDp       CM    Top Xtr Bot Xtr   Cpmin    Chinge    XCp    
 ------- -------- --------- --------- -------- ------- ------- -------- --------- ---------
 -17.000  -0.7997   0.04838   0.04589  -0.1465  0.8395  0.0039  -16.2694   0.0000   0.0369
 -16.500  -0.8365   0.03595   0.03311  -0.1582  0.8009  0.0039  -16.6729   0.0000   0.0334
 -16.000  -0.8408   0.02894   0.02588  -0.1649  0.7765  0.0039  -16.4843   0.0000   0.0282
 -15.500  -0.8333   0.02417   0.02092  -0.1686  0.7463  0.0040  -16.0788   0.0000   0.0234
 -15.000  -0.8075   0.02050   0.01707  -0.1733  0.7208  0.0040  -15.4582   0.0000   0.0121
 -14.500  -0.7601   0.01749   0.01387  -0.1804  0.6956  0.0041  -14.6190   0.0000  -0.0102
 -14.000  -0.7060   0.01565   0.01186  -0.1849  0.6799  0.0041  -13.6984   0.0000  -0.0347
 -13.500  -0.6524   0.01440   0.01045  -0.1871  0.6596  0.0042  -12.7911   0.0000  -0.0598
 -13.000  -0.6008   0.01360   0.00939  -0.1882  0.5964  0.0043  -11.9136   0.0000  -0.0864
 -12.500  -0.5463   0.01286   0.00848  -0.1894  0.5565  0.0043  -11.0330   0.0000  -0.1204
 -12.000  -0.4897   0.01224   0.00776  -0.1907  0.5326  0.0044  -10.1520   0.0000  -0.1638
  -4.500   0.3924   0.00849   0.00235  -0.2036  0.1842  0.0052  -1.9587   0.0000   0.7779
  -4.000   0.4528   0.00838   0.00214  -0.2045  0.1739  0.0048  -1.7415   0.0000   0.7084
  -3.500   0.5132   0.00828   0.00198  -0.2053  0.1697  0.0084  -1.6606   0.0000   0.6550
  -3.000   0.5733   0.00820   0.00194  -0.2062  0.1684  0.0145  -1.3942   0.0000   0.6132
  -2.500   0.6297   0.00842   0.00203  -0.2063  0.1383  0.0152  -1.1269   0.0000   0.5800
  -2.000   0.6876   0.00850   0.00207  -0.2067  0.1241  0.0152  -0.9404   0.0000   0.5520
  -1.500   0.7458   0.00856   0.00211  -0.2071  0.1232  0.0157  -0.9890   0.0000   0.5282
  -1.000   0.8037   0.00864   0.00218  -0.2075  0.1220  0.0161  -1.0408   0.0000   0.5079
  -0.500   0.8594   0.00889   0.00234  -0.2075  0.1004  0.0163  -1.0916   0.0000   0.4903
   0.000   0.9162   0.00905   0.00246  -0.2076  0.0960  0.0165  -1.1433   0.0000   0.4748
   1.500   1.0857   0.00949   0.00287  -0.2081  0.0843  0.0237  -1.3293   0.0000   0.4377
   2.000   1.1420   0.00964   0.00306  -0.2082  0.0839  0.0367  -1.4045   0.0000   0.4277
   2.500   1.1936   0.01016   0.00345  -0.2075  0.0511  0.0427  -1.4867   0.0000   0.4184
   3.000   1.2476   0.01047   0.00375  -0.2072  0.0437  0.0668  -1.5876   0.0000   0.4100
   3.500   1.3014   0.01075   0.00401  -0.2070  0.0382  0.0778  -1.7040   0.0000   0.4022
   4.000   1.3557   0.01099   0.00429  -0.2068  0.0379  0.1008  -1.8309   0.0000   0.3950
   4.500   1.4087   0.01129   0.00460  -0.2064  0.0366  0.1200  -2.0059   0.0000   0.3882
   5.000   1.4578   0.01190   0.00515  -0.2053  0.0184  0.1690  -2.1674   0.0000   0.3818
   5.500   1.5071   0.01251   0.00583  -0.2044  0.0042  0.2613  -2.3520   0.0000   0.3757
   6.000   1.5620   0.01281   0.00639  -0.2048  0.0025  0.4324  -2.5423   0.0000   0.3704
   6.500   1.6112   0.01326   0.00687  -0.2038  0.0018  0.4635  -2.7268   0.0000   0.3650
   7.000   1.6592   0.01376   0.00741  -0.2026  0.0014  0.4996  -2.9139   0.0000   0.3597
   7.500   1.7051   0.01430   0.00799  -0.2010  0.0013  0.5293  -3.1017   0.0000   0.3547
   8.000   1.7480   0.01492   0.00861  -0.1988  0.0013  0.5355  -3.2876   0.0000   0.3497
   8.500   1.7824   0.01558   0.00931  -0.1950  0.0013  0.5561  -3.4605   0.0000   0.3444
   9.000   1.8163   0.01634   0.01012  -0.1912  0.0012  0.5809  -3.6352   0.0000   0.3394
   9.500   1.8501   0.01720   0.01106  -0.1876  0.0012  0.6291  -3.8693   0.0000   0.3346
  10.000   1.8822   0.01820   0.01214  -0.1840  0.0012  0.6692  -4.1065   0.0000   0.3300
  10.500   1.9112   0.01939   0.01341  -0.1800  0.0012  0.6964  -4.5463   0.0000   0.3255
  11.500   1.9650   0.02242   0.01662  -0.1723  0.0011  0.7671  -5.4718   0.0000   0.3170
  12.000   1.9862   0.02450   0.01886  -0.1682  0.0011  0.8258  -5.8683   0.0000   0.3129
  14.000   2.0653   0.03461   0.02938  -0.1551  0.0010  1.0000  -8.0435   0.0000   0.2988
  14.500   2.0780   0.03816   0.03300  -0.1520  0.0009  1.0000  -8.5433   0.0000   0.2957
  15.000   2.0873   0.04211   0.03703  -0.1491  0.0009  1.0000  -9.0305   0.0000   0.2928
  15.500   2.0942   0.04660   0.04161  -0.1465  0.0009  1.0000  -9.5099   0.0000   0.2901
  16.000   2.1000   0.05149   0.04660  -0.1443  0.0009  1.0000  -9.9804   0.0000   0.2875
  16.500   2.1059   0.05656   0.05176  -0.1425  0.0008  1.0000  -10.4736   0.0000   0.2852
  17.000   2.1086   0.06221   0.05750  -0.1410  0.0008  1.0000  -10.9491   0.0000   0.2830
  17.500   2.1064   0.06866   0.06407  -0.1399  0.0008  1.0000  -11.3889   0.0000   0.2812
  18.000   2.1012   0.07564   0.07117  -0.1393  0.0008  1.0000  -11.8067   0.0000   0.2796
  18.500   2.0939   0.08279   0.07844  -0.1389  0.0008  1.0000  -12.2092   0.0000   0.2783
  19.000   2.0848   0.09046   0.08623  -0.1391  0.0007  1.0000  -12.5963   0.0000   0.2772
  19.500   2.0804   0.09761   0.09349  -0.1396  0.0007  1.0000  -13.0406   0.0000   0.2761
  20.000   2.0661   0.10643   0.10245  -0.1411  0.0007  1.0000  -13.3755   0.0000   0.2757


