XFLR5 v6.02 Beta

 Calculated polar for: WORTMANN FX 63-137

 1 1 Reynolds number fixed          Mach number fixed         

 xtrf =   1.000 (top)        1.000 (bottom)
 Mach =   0.000     Re =    47.250 e 6     Ncrit =   9.000

  alpha     CL        CD       CDp       CM    Top Xtr Bot Xtr   Cpmin    Chinge    XCp    
 ------- -------- --------- --------- -------- ------- ------- -------- --------- ---------
 -22.000  -0.3961   0.20435   0.20181  -0.0603  0.2370  0.0014  -6.5746   0.0000   0.0474
 -21.500  -0.3789   0.19915   0.19658  -0.0639  0.2314  0.0014  -6.3634   0.0000   0.0307
 -21.000  -0.3618   0.19387   0.19129  -0.0674  0.2263  0.0014  -6.1585   0.0000   0.0124
 -20.500  -0.3447   0.18853   0.18592  -0.0709  0.2221  0.0016  -5.9620   0.0000  -0.0075
 -20.000  -0.3276   0.18315   0.18053  -0.0743  0.2213  0.0017  -5.7669   0.0000  -0.0294
 -19.500  -0.3110   0.17781   0.17512  -0.0775  0.1810  0.0019  -5.5776   0.0000  -0.0526
 -19.000  -0.2942   0.17234   0.16964  -0.0808  0.1707  0.0020  -5.3929   0.0000  -0.0791
 -18.500  -0.2775   0.16681   0.16409  -0.0840  0.1812  0.0022  -5.2155   0.0000  -0.1085
 -18.000  -0.2611   0.16125   0.15853  -0.0871  0.1717  0.0024  -5.0451   0.0000  -0.1411
 -17.500  -0.2450   0.15568   0.15295  -0.0902  0.1702  0.0026  -4.8827   0.0000  -0.1772
 -17.000  -0.2297   0.15021   0.14747  -0.0931  0.1699  0.0028  -4.7303   0.0000  -0.2165
 -16.500  -0.2147   0.14479   0.14204  -0.0959  0.1696  0.0030  -4.5862   0.0000  -0.2602
 -16.000  -0.1992   0.13904   0.13628  -0.0989  0.1693  0.0032  -4.4457   0.0000  -0.3127
 -15.500  -0.1839   0.13322   0.13045  -0.1018  0.1690  0.0033  -4.3129   0.0000  -0.3730
 -15.000  -0.1690   0.12735   0.12457  -0.1047  0.1689  0.0034  -4.1882   0.0000  -0.4427
 -14.000  -0.7043   0.00953   0.00520  -0.1965  0.2369  0.0030  -14.4596   0.0000  -0.0521
 -13.500  -0.6457   0.00912   0.00476  -0.1975  0.2219  0.0031  -13.5351   0.0000  -0.0792
 -13.000  -0.5865   0.00873   0.00434  -0.1985  0.2213  0.0033  -12.6349   0.0000  -0.1122
 -12.500  -0.5281   0.00843   0.00396  -0.1993  0.1841  0.0035  -11.7656   0.0000  -0.1519
 -12.000  -0.4686   0.00813   0.00362  -0.2002  0.1697  0.0037  -10.9124   0.0000  -0.2029
 -11.500  -0.4090   0.00786   0.00332  -0.2011  0.1698  0.0039  -10.0828   0.0000  -0.2690
 -11.000  -0.3493   0.00762   0.00307  -0.2020  0.1694  0.0039  -9.2851   0.0000  -0.3579
 -10.500  -0.2895   0.00741   0.00283  -0.2028  0.1689  0.0040  -8.5159   0.0000  -0.4838
 -10.000  -0.2302   0.00726   0.00263  -0.2036  0.1459  0.0040  -7.7791   0.0000  -0.6731
  -9.500  -0.1706   0.00711   0.00244  -0.2043  0.1402  0.0041  -7.0697   0.0000  -0.9966
  -9.000  -0.1108   0.00697   0.00227  -0.2051  0.1302  0.0041  -6.3898   0.0000  -1.6701
  -8.500  -0.0510   0.00684   0.00213  -0.2058  0.1250  0.0041  -5.7363   0.0000  -3.9291
  -8.000   0.0089   0.00673   0.00199  -0.2066  0.1239  0.0042  -5.1122   0.0000  24.2595
  -7.500   0.0687   0.00663   0.00188  -0.2073  0.1236  0.0042  -4.5177   0.0000   3.3573
  -7.000   0.1285   0.00654   0.00177  -0.2080  0.1234  0.0043  -4.0482   0.0000   1.9135
  -6.500   0.1882   0.00647   0.00169  -0.2087  0.1231  0.0043  -3.6566   0.0000   1.3869
  -6.000   0.2479   0.00642   0.00162  -0.2094  0.1226  0.0043  -3.2803   0.0000   1.1143
  -5.500   0.3068   0.00643   0.00158  -0.2099  0.1027  0.0044  -2.9217   0.0000   0.9486
  -5.000   0.3660   0.00642   0.00154  -0.2105  0.0997  0.0044  -2.5763   0.0000   0.8359
  -4.500   0.4252   0.00641   0.00152  -0.2111  0.0969  0.0045  -2.2468   0.0000   0.7547
  -4.000   0.4842   0.00642   0.00151  -0.2116  0.0877  0.0045  -1.9331   0.0000   0.6934
  -3.500   0.5433   0.00643   0.00151  -0.2122  0.0846  0.0046  -1.6346   0.0000   0.6453
  -3.000   0.6022   0.00645   0.00152  -0.2127  0.0843  0.0049  -1.3519   0.0000   0.6067
  -2.500   0.6609   0.00649   0.00154  -0.2132  0.0840  0.0046  -1.0841   0.0000   0.5749
  -2.000   0.7195   0.00653   0.00157  -0.2137  0.0835  0.0055  -0.9605   0.0000   0.5483
  -1.500   0.7764   0.00672   0.00167  -0.2138  0.0518  0.0066  -1.0097   0.0000   0.5258
  -1.000   0.8343   0.00680   0.00174  -0.2141  0.0493  0.0077  -1.0619   0.0000   0.5063
  -0.500   0.8920   0.00691   0.00182  -0.2145  0.0466  0.0085  -1.1143   0.0000   0.4893
   0.000   0.9495   0.00702   0.00191  -0.2147  0.0440  0.0092  -1.1670   0.0000   0.4743
   0.500   1.0071   0.00712   0.00201  -0.2151  0.0416  0.0156  -1.2217   0.0000   0.4610
   1.000   1.0644   0.00722   0.00211  -0.2154  0.0443  0.0170  -1.2863   0.0000   0.4490
   1.500   1.1213   0.00736   0.00223  -0.2156  0.0431  0.0172  -1.3618   0.0000   0.4382
   2.000   1.1779   0.00750   0.00236  -0.2157  0.0413  0.0192  -1.4380   0.0000   0.4284
   2.500   1.2306   0.00798   0.00274  -0.2151  0.0021  0.0373  -1.5255   0.0000   0.4194
   3.500   1.3412   0.00841   0.00313  -0.2150  0.0013  0.0412  -1.7575   0.0000   0.4034
   4.000   1.3959   0.00865   0.00335  -0.2148  0.0015  0.0445  -1.9010   0.0000   0.3963
   4.500   1.4503   0.00890   0.00359  -0.2147  0.0013  0.0510  -2.0791   0.0000   0.3896
   5.000   1.5043   0.00916   0.00385  -0.2144  0.0013  0.0669  -2.2616   0.0000   0.3834
   5.500   1.5576   0.00944   0.00412  -0.2141  0.0013  0.0788  -2.4479   0.0000   0.3775
   6.000   1.6108   0.00973   0.00443  -0.2138  0.0012  0.1181  -2.6386   0.0000   0.3719
   6.500   1.6634   0.01004   0.00475  -0.2133  0.0012  0.1455  -2.8330   0.0000   0.3667
   7.000   1.7149   0.01039   0.00508  -0.2127  0.0012  0.1522  -3.0302   0.0000   0.3616
   7.500   1.7657   0.01075   0.00544  -0.2120  0.0012  0.1660  -3.2306   0.0000   0.3567
   8.000   1.8154   0.01115   0.00582  -0.2110  0.0012  0.1625  -3.4334   0.0000   0.3520
   8.500   1.8649   0.01155   0.00624  -0.2101  0.0012  0.2050  -3.6399   0.0000   0.3475
   9.000   1.9135   0.01197   0.00670  -0.2091  0.0012  0.2550  -3.9089   0.0000   0.3432
   9.500   1.9603   0.01244   0.00717  -0.2077  0.0012  0.2777  -4.2549   0.0000   0.3389
  10.000   2.0074   0.01290   0.00773  -0.2065  0.0011  0.3786  -4.8348   0.0000   0.3349
  10.500   2.0501   0.01346   0.00829  -0.2044  0.0011  0.3935  -5.4216   0.0000   0.3307
  11.000   2.0807   0.01408   0.00893  -0.1998  0.0011  0.4046  -5.9642   0.0000   0.3261
  12.500   2.1686   0.01661   0.01153  -0.1866  0.0010  0.4507  -7.6956   0.0000   0.3130
  13.000   2.1971   0.01773   0.01271  -0.1826  0.0010  0.4995  -8.3098   0.0000   0.3090
  13.500   2.2227   0.01903   0.01404  -0.1783  0.0009  0.5059  -8.9234   0.0000   0.3051
  14.000   2.2475   0.02053   0.01558  -0.1743  0.0009  0.5315  -9.5497   0.0000   0.3013
  14.500   2.2677   0.02234   0.01746  -0.1700  0.0009  0.5786  -10.1594   0.0000   0.2975
  15.000   2.2866   0.02451   0.01970  -0.1660  0.0008  0.6251  -10.7769   0.0000   0.2940
  16.000   2.2692   0.03398   0.02948  -0.1538  0.0015  0.6604  -11.5162   0.0000   0.2867
  16.500   2.2761   0.03799   0.03358  -0.1504  0.0019  0.6909  -12.0791   0.0000   0.2837
  17.000   2.2859   0.04178   0.03744  -0.1477  0.0022  0.7195  -12.6837   0.0000   0.2810
  17.500   2.2893   0.04671   0.04248  -0.1452  0.0026  0.7623  -13.2191   0.0000   0.2784
  18.000   2.2915   0.05219   0.04809  -0.1433  0.0031  0.8146  -13.7490   0.0000   0.2761
  18.500   2.2986   0.05853   0.05470  -0.1435  0.0035  1.0000  -14.3344   0.0000   0.2745
  19.000   2.3010   0.06407   0.06030  -0.1420  0.0037  1.0000  -14.8844   0.0000   0.2723
  19.500   2.2914   0.07136   0.06768  -0.1410  0.0039  1.0000  -15.3232   0.0000   0.2706


