XFLR5 v6.02 Beta

 Calculated polar for: WORTMANN FX 63-137

 1 1 Reynolds number fixed          Mach number fixed         

 xtrf =   1.000 (top)        1.000 (bottom)
 Mach =   0.000     Re =    69.750 e 6     Ncrit =   9.000

  alpha     CL        CD       CDp       CM    Top Xtr Bot Xtr   Cpmin    Chinge    XCp    
 ------- -------- --------- --------- -------- ------- ------- -------- --------- ---------
 -22.500  -1.2453   0.05674   0.05358  -0.1505  0.4023  0.0014  -28.2340   0.0000   0.0914
 -22.000  -1.2880   0.04551   0.04223  -0.1593  0.4022  0.0014  -28.6877   0.0000   0.0907
 -21.500  -1.3104   0.03704   0.03366  -0.1661  0.4022  0.0014  -28.7159   0.0000   0.0895
 -21.000  -1.3126   0.03157   0.02813  -0.1702  0.4020  0.0014  -28.3429   0.0000   0.0882
 -20.500  -1.3126   0.02644   0.02293  -0.1740  0.4017  0.0014  -27.9198   0.0000   0.0869
 -20.000  -1.2978   0.02292   0.01936  -0.1762  0.4013  0.0014  -27.2396   0.0000   0.0849
 -19.500  -1.2867   0.01966   0.01606  -0.1772  0.4012  0.0014  -26.5957   0.0000   0.0843
 -19.000  -1.2519   0.01709   0.01345  -0.1808  0.4011  0.0014  -25.6449   0.0000   0.0786
 -18.500  -1.2002   0.01481   0.01112  -0.1870  0.4009  0.0015  -24.4993   0.0000   0.0680
 -17.500  -1.0969   0.01291   0.00901  -0.1906  0.3007  0.0016  -22.1786   0.0000   0.0514
 -17.000  -1.0424   0.01218   0.00824  -0.1918  0.2933  0.0017  -21.0137   0.0000   0.0416
 -16.500  -0.9868   0.01153   0.00756  -0.1930  0.2863  0.0018  -19.8617   0.0000   0.0305
 -16.000  -0.9303   0.01093   0.00694  -0.1940  0.2793  0.0019  -18.7276   0.0000   0.0179
 -15.500  -0.8732   0.01039   0.00637  -0.1951  0.2785  0.0020  -17.6146   0.0000   0.0033
 -15.000  -0.8165   0.00995   0.00585  -0.1959  0.2432  0.0021  -16.5359   0.0000  -0.0131
 -14.500  -0.7586   0.00951   0.00537  -0.1969  0.2219  0.0022  -15.4748   0.0000  -0.0326
 -14.000  -0.7001   0.00909   0.00492  -0.1978  0.2212  0.0024  -14.4380   0.0000  -0.0558
 -13.500  -0.6419   0.00874   0.00452  -0.1987  0.1941  0.0025  -13.5169   0.0000  -0.0830
 -13.000  -0.5829   0.00840   0.00414  -0.1996  0.1873  0.0026  -12.6205   0.0000  -0.1163
 -12.000  -0.4645   0.00780   0.00346  -0.2014  0.1451  0.0030  -10.9033   0.0000  -0.2093
 -11.500  -0.4046   0.00749   0.00313  -0.2023  0.1463  0.0034  -10.0790   0.0000  -0.2776
 -11.000  -0.3449   0.00725   0.00286  -0.2032  0.1425  0.0037  -9.2820   0.0000  -0.3693
 -10.500  -0.2851   0.00704   0.00262  -0.2041  0.1376  0.0039  -8.5109   0.0000  -0.4996
 -10.000  -0.2253   0.00686   0.00243  -0.2049  0.1327  0.0040  -7.7690   0.0000  -0.6991
  -9.500  -0.1654   0.00671   0.00226  -0.2057  0.1275  0.0041  -7.0573   0.0000  -1.0433
  -9.000  -0.1056   0.00658   0.00210  -0.2064  0.1238  0.0041  -6.3755   0.0000  -1.7779
  -8.500  -0.0457   0.00646   0.00197  -0.2072  0.1235  0.0041  -5.7214   0.0000  -4.4375
  -8.000   0.0141   0.00636   0.00185  -0.2079  0.1232  0.0042  -5.0971   0.0000  15.4434
  -7.500   0.0739   0.00627   0.00174  -0.2086  0.1228  0.0042  -4.5024   0.0000   3.1551
  -7.000   0.1337   0.00619   0.00165  -0.2093  0.1227  0.0043  -4.0411   0.0000   1.8580
  -6.500   0.1928   0.00618   0.00159  -0.2098  0.1015  0.0043  -3.6514   0.0000   1.3657
  -6.000   0.2523   0.00614   0.00153  -0.2105  0.0986  0.0043  -3.2751   0.0000   1.1035
  -5.500   0.3117   0.00611   0.00148  -0.2111  0.0960  0.0044  -2.9141   0.0000   0.9413
  -5.000   0.3711   0.00609   0.00145  -0.2117  0.0933  0.0044  -2.5684   0.0000   0.8311
  -4.500   0.4304   0.00609   0.00143  -0.2123  0.0868  0.0044  -2.2382   0.0000   0.7514
  -4.000   0.4895   0.00609   0.00141  -0.2128  0.0843  0.0045  -1.9235   0.0000   0.6910
  -3.500   0.5486   0.00610   0.00141  -0.2134  0.0842  0.0045  -1.6248   0.0000   0.6437
  -3.000   0.6076   0.00611   0.00142  -0.2139  0.0841  0.0046  -1.3420   0.0000   0.6055
  -2.500   0.6664   0.00615   0.00144  -0.2144  0.0838  0.0046  -1.0746   0.0000   0.5741
  -2.000   0.7233   0.00633   0.00153  -0.2145  0.0478  0.0048  -0.9627   0.0000   0.5479
  -1.500   0.7815   0.00640   0.00159  -0.2149  0.0448  0.0055  -1.0132   0.0000   0.5255
  -1.000   0.8396   0.00648   0.00165  -0.2153  0.0423  0.0064  -1.0655   0.0000   0.5061
  -0.500   0.8975   0.00656   0.00172  -0.2157  0.0401  0.0071  -1.1182   0.0000   0.4891
   0.000   0.9553   0.00666   0.00180  -0.2160  0.0382  0.0077  -1.1711   0.0000   0.4742
   0.500   1.0128   0.00676   0.00189  -0.2163  0.0381  0.0095  -1.2262   0.0000   0.4610
   1.000   1.0703   0.00685   0.00199  -0.2166  0.0393  0.0169  -1.2915   0.0000   0.4491
   1.500   1.1274   0.00698   0.00210  -0.2169  0.0385  0.0171  -1.3672   0.0000   0.4383
   2.000   1.1828   0.00722   0.00229  -0.2168  0.0254  0.0203  -1.4422   0.0000   0.4285
   3.500   1.3482   0.00797   0.00294  -0.2164  0.0013  0.0388  -1.7666   0.0000   0.4036
   4.000   1.4032   0.00819   0.00315  -0.2163  0.0013  0.0414  -1.9136   0.0000   0.3965
   4.500   1.4578   0.00843   0.00337  -0.2162  0.0013  0.0470  -2.0925   0.0000   0.3899
   5.500   1.5659   0.00894   0.00387  -0.2157  0.0013  0.0724  -2.4635   0.0000   0.3778
   6.000   1.6194   0.00921   0.00415  -0.2155  0.0012  0.1048  -2.6553   0.0000   0.3723
   6.500   1.6720   0.00952   0.00444  -0.2150  0.0012  0.1167  -2.8505   0.0000   0.3670
   7.500   1.7757   0.01017   0.00509  -0.2139  0.0012  0.1463  -3.2517   0.0000   0.3571
   8.000   1.8263   0.01053   0.00544  -0.2132  0.0012  0.1460  -3.4567   0.0000   0.3525
   8.500   1.8759   0.01092   0.00582  -0.2122  0.0012  0.1560  -3.6643   0.0000   0.3480
   9.000   1.9254   0.01131   0.00623  -0.2114  0.0012  0.2115  -3.9433   0.0000   0.3437
  10.500   2.0658   0.01269   0.00768  -0.2073  0.0011  0.3313  -5.5214   0.0000   0.3313
  11.000   2.1083   0.01324   0.00824  -0.2052  0.0011  0.3425  -6.1407   0.0000   0.3273
  11.500   2.1378   0.01384   0.00887  -0.2004  0.0011  0.3692  -6.7048   0.0000   0.3227
  12.000   2.1662   0.01457   0.00960  -0.1956  0.0010  0.3693  -7.2834   0.0000   0.3183
  12.500   2.1953   0.01542   0.01046  -0.1911  0.0010  0.3695  -7.8877   0.0000   0.3140
  13.000   2.2233   0.01640   0.01147  -0.1868  0.0009  0.4020  -8.5057   0.0000   0.3099
  13.500   2.2511   0.01754   0.01267  -0.1827  0.0009  0.4617  -9.1428   0.0000   0.3059
  15.000   2.2757   0.02508   0.02049  -0.1642  0.0022  0.5010  -10.6676   0.0000   0.2935
  15.500   2.2919   0.02766   0.02314  -0.1603  0.0026  0.5334  -11.2738   0.0000   0.2901
  16.000   2.3049   0.03068   0.02623  -0.1566  0.0030  0.5631  -11.8642   0.0000   0.2869
  16.500   2.3152   0.03412   0.02974  -0.1530  0.0034  0.5886  -12.4432   0.0000   0.2838
  18.000   2.3280   0.04737   0.04323  -0.1440  0.0045  0.6600  -14.0843   0.0000   0.2755
  18.500   2.3285   0.05288   0.04884  -0.1419  0.0046  0.6906  -14.6147   0.0000   0.2732
  19.500   2.3321   0.06413   0.06028  -0.1391  0.0046  0.7633  -15.7302   0.0000   0.2689


