XFLR5 v6.02 Beta

 Calculated polar for: WORTMANN FX 63-137

 1 1 Reynolds number fixed          Mach number fixed         

 xtrf =   1.000 (top)        1.000 (bottom)
 Mach =   0.000     Re =    30.250 e 6     Ncrit =   9.000

  alpha     CL        CD       CDp       CM    Top Xtr Bot Xtr   Cpmin    Chinge    XCp    
 ------- -------- --------- --------- -------- ------- ------- -------- --------- ---------
 -25.000  -0.4972   0.23396   0.23164  -0.0355  0.4062  0.0014  -7.4820   0.0000   0.1285
 -24.500  -0.4793   0.22954   0.22720  -0.0395  0.4019  0.0014  -7.2044   0.0000   0.1179
 -24.000  -0.4604   0.22553   0.22318  -0.0434  0.4011  0.0014  -6.8825   0.0000   0.1064
 -23.500  -0.4400   0.22216   0.21980  -0.0471  0.4009  0.0014  -6.4849   0.0000   0.0939
 -23.000  -0.4330   0.21493   0.21247  -0.0516  0.3667  0.0014  -6.9357   0.0000   0.0814
 -22.500  -0.4164   0.21036   0.20775  -0.0550  0.2963  0.0014  -6.7253   0.0000   0.0684
 -22.000  -0.3994   0.20518   0.20254  -0.0586  0.2851  0.0014  -6.5179   0.0000   0.0535
 -21.500  -0.3826   0.19981   0.19715  -0.0623  0.2787  0.0016  -6.3353   0.0000   0.0372
 -21.000  -0.3656   0.19448   0.19181  -0.0658  0.2779  0.0018  -6.1397   0.0000   0.0195
 -20.500  -0.3485   0.18914   0.18646  -0.0693  0.2774  0.0020  -5.9412   0.0000   0.0001
 -20.000  -0.3314   0.18374   0.18106  -0.0727  0.2772  0.0022  -5.7465   0.0000  -0.0213
 -19.500  -0.3148   0.17837   0.17564  -0.0760  0.2505  0.0024  -5.5582   0.0000  -0.0439
 -19.000  -0.2983   0.17294   0.17015  -0.0791  0.2217  0.0026  -5.3751   0.0000  -0.0688
 -18.500  -0.2814   0.16737   0.16459  -0.0824  0.2445  0.0027  -5.1952   0.0000  -0.0978
 -18.000  -0.2652   0.16184   0.15904  -0.0855  0.2331  0.0029  -5.0233   0.0000  -0.1288
 -17.500  -0.2491   0.15629   0.15347  -0.0886  0.2208  0.0030  -4.8575   0.0000  -0.1635
 -17.000  -0.2340   0.15087   0.14799  -0.0913  0.1918  0.0031  -4.7019   0.0000  -0.2002
 -16.500  -0.2192   0.14552   0.14262  -0.0941  0.1877  0.0032  -4.5548   0.0000  -0.2413
 -16.000  -0.2037   0.13981   0.13690  -0.0971  0.1835  0.0033  -4.4107   0.0000  -0.2910
 -15.500  -0.1884   0.13403   0.13110  -0.1000  0.1794  0.0034  -4.2752   0.0000  -0.3480
 -15.000  -0.1735   0.12817   0.12523  -0.1029  0.1753  0.0035  -4.1493   0.0000  -0.4136
 -14.500  -0.1592   0.12223   0.11929  -0.1058  0.1711  0.0036  -4.0354   0.0000  -0.4889
 -14.000  -0.1457   0.11626   0.11329  -0.1086  0.1696  0.0036  -3.9696   0.0000  -0.5740
 -13.500  -0.1337   0.11039   0.10742  -0.1113  0.1692  0.0037  -3.9219   0.0000  -0.6655
 -13.000  -0.1216   0.10409   0.10112  -0.1144  0.1688  0.0038  -3.8904   0.0000  -0.7783
 -12.000  -0.4747   0.00875   0.00403  -0.1984  0.1930  0.0038  -10.9005   0.0000  -0.1933
 -11.000  -0.3558   0.00822   0.00342  -0.2002  0.1835  0.0039  -9.2781   0.0000  -0.3416
 -10.500  -0.2961   0.00799   0.00316  -0.2010  0.1762  0.0040  -8.5105   0.0000  -0.4613
 -10.000  -0.2363   0.00778   0.00292  -0.2019  0.1702  0.0040  -7.7716   0.0000  -0.6421
  -9.500  -0.1764   0.00758   0.00270  -0.2028  0.1695  0.0041  -7.0631   0.0000  -0.9463
  -9.000  -0.1170   0.00745   0.00251  -0.2035  0.1503  0.0041  -6.3904   0.0000  -1.5545
  -8.500  -0.0574   0.00732   0.00233  -0.2042  0.1413  0.0041  -5.7402   0.0000  -3.4353
  -8.000   0.0024   0.00720   0.00218  -0.2050  0.1361  0.0042  -5.1190   0.0000  89.3312
  -7.500   0.0622   0.00709   0.00205  -0.2057  0.1310  0.0042  -4.5268   0.0000   3.6575
  -7.000   0.1220   0.00699   0.00193  -0.2065  0.1274  0.0043  -4.0507   0.0000   1.9894
  -6.500   0.1817   0.00691   0.00184  -0.2072  0.1241  0.0043  -3.6611   0.0000   1.4190
  -6.000   0.2414   0.00685   0.00176  -0.2079  0.1237  0.0043  -3.2865   0.0000   1.1311
  -5.500   0.3010   0.00680   0.00169  -0.2086  0.1234  0.0044  -2.9269   0.0000   0.9575
  -5.000   0.3605   0.00676   0.00164  -0.2092  0.1229  0.0044  -2.5805   0.0000   0.8413
  -4.500   0.4198   0.00674   0.00161  -0.2098  0.1222  0.0045  -2.2527   0.0000   0.7582
  -4.000   0.4782   0.00680   0.00162  -0.2102  0.1018  0.0045  -1.9423   0.0000   0.6961
  -3.500   0.5367   0.00685   0.00162  -0.2107  0.0917  0.0046  -1.6457   0.0000   0.6474
  -3.000   0.5955   0.00688   0.00163  -0.2112  0.0886  0.0057  -1.3635   0.0000   0.6082
  -2.500   0.6543   0.00691   0.00165  -0.2117  0.0856  0.0059  -1.0958   0.0000   0.5760
  -2.000   0.7128   0.00695   0.00168  -0.2122  0.0842  0.0067  -0.9563   0.0000   0.5491
  -1.500   0.7711   0.00701   0.00173  -0.2126  0.0835  0.0081  -1.0064   0.0000   0.5262
  -1.000   0.8293   0.00708   0.00179  -0.2130  0.0823  0.0094  -1.0587   0.0000   0.5066
  -0.500   0.8858   0.00729   0.00192  -0.2131  0.0602  0.0149  -1.1100   0.0000   0.4895
   0.000   0.9431   0.00741   0.00202  -0.2134  0.0515  0.0154  -1.1625   0.0000   0.4744
   0.500   1.0002   0.00754   0.00213  -0.2136  0.0492  0.0159  -1.2164   0.0000   0.4610
   1.000   1.0576   0.00764   0.00223  -0.2139  0.0510  0.0171  -1.2804   0.0000   0.4490
   1.500   1.1144   0.00777   0.00236  -0.2141  0.0507  0.0173  -1.3558   0.0000   0.4381
   2.000   1.1705   0.00795   0.00251  -0.2142  0.0475  0.0209  -1.4314   0.0000   0.4283
   2.500   1.2223   0.00850   0.00294  -0.2134  0.0032  0.0375  -1.5169   0.0000   0.4191
   3.000   1.2775   0.00872   0.00314  -0.2133  0.0024  0.0382  -1.6291   0.0000   0.4108
   3.500   1.3324   0.00896   0.00336  -0.2132  0.0019  0.0451  -1.7461   0.0000   0.4031
   4.000   1.3868   0.00921   0.00361  -0.2130  0.0023  0.0487  -1.8854   0.0000   0.3960
   4.500   1.4409   0.00947   0.00387  -0.2128  0.0017  0.0662  -2.0625   0.0000   0.3893
   5.000   1.4943   0.00976   0.00414  -0.2124  0.0014  0.0708  -2.2433   0.0000   0.3830
   6.000   1.6005   0.01036   0.00478  -0.2117  0.0012  0.1465  -2.6182   0.0000   0.3715
   6.500   1.6521   0.01071   0.00512  -0.2111  0.0012  0.1653  -2.8105   0.0000   0.3662
   7.000   1.7034   0.01107   0.00550  -0.2105  0.0012  0.1952  -3.0066   0.0000   0.3611
   7.500   1.7534   0.01147   0.00589  -0.2096  0.0012  0.2112  -3.2047   0.0000   0.3562
   8.000   1.8020   0.01190   0.00631  -0.2085  0.0012  0.2063  -3.4047   0.0000   0.3515
   8.500   1.8522   0.01229   0.00680  -0.2078  0.0012  0.3083  -3.6115   0.0000   0.3471
   9.000   1.8988   0.01278   0.00729  -0.2064  0.0012  0.3313  -3.8660   0.0000   0.3427
  10.000   1.9895   0.01381   0.00847  -0.2033  0.0011  0.4627  -4.7263   0.0000   0.3342
  10.500   2.0198   0.01445   0.00912  -0.1986  0.0011  0.4699  -5.2354   0.0000   0.3294
  11.000   2.0505   0.01519   0.00988  -0.1942  0.0011  0.4903  -5.7678   0.0000   0.3249
  11.500   2.0809   0.01605   0.01077  -0.1900  0.0011  0.5007  -6.3235   0.0000   0.3205
  12.000   2.1101   0.01704   0.01180  -0.1859  0.0010  0.5301  -6.8930   0.0000   0.3162
  12.500   2.1373   0.01820   0.01299  -0.1816  0.0010  0.5404  -7.4703   0.0000   0.3120
  13.000   2.1642   0.01953   0.01436  -0.1776  0.0010  0.5651  -8.0643   0.0000   0.3080
  13.500   2.1894   0.02107   0.01598  -0.1737  0.0009  0.6174  -8.6657   0.0000   0.3042
  14.000   2.2097   0.02293   0.01791  -0.1694  0.0009  0.6520  -9.2497   0.0000   0.3004
  14.500   2.2300   0.02506   0.02012  -0.1656  0.0009  0.6898  -9.8497   0.0000   0.2969
  15.000   2.2487   0.02747   0.02259  -0.1620  0.0009  0.7186  -10.4547   0.0000   0.2934
  15.500   2.2659   0.03024   0.02544  -0.1587  0.0008  0.7626  -11.0627   0.0000   0.2902
  16.500   2.3009   0.03687   0.03242  -0.1541  0.0008  1.0000  -12.3321   0.0000   0.2845
  17.000   2.3085   0.04081   0.03642  -0.1510  0.0007  1.0000  -12.9030   0.0000   0.2817
  19.000   2.2450   0.07090   0.06703  -0.1409  0.0019  1.0000  -14.3308   0.0000   0.2733
  19.500   2.2369   0.07819   0.07442  -0.1404  0.0021  1.0000  -14.7809   0.0000   0.2718


