xflr5 v6.59

 Calculated polar for: WORTMANN FX 63-137 AIRFOIL

 1 1 Reynolds number fixed          Mach number fixed         

 xtrf =   1.000 (top)        1.000 (bottom)
 Mach =   0.000     Re =     4.600 e 6     Ncrit =   9.000

  alpha     CL        CD       CDp       Cm    Top Xtr Bot Xtr   Cpmin    Chinge    XCp    
 ------- -------- --------- --------- -------- ------- ------- -------- --------- ---------
 -15.700   -0.1825   0.14336   0.14097   -0.0932   0.6804   0.0034   -3.3842   0.0000   -0.3271   
 -15.600   -0.1791   0.14228   0.13988   -0.0937   0.6776   0.0034   -3.3517   0.0000   -0.3407   
 -15.500   -0.1757   0.14120   0.13879   -0.0943   0.6747   0.0035   -3.3196   0.0000   -0.3548   
 -15.400   -0.1723   0.14012   0.13770   -0.0948   0.6718   0.0036   -3.2879   0.0000   -0.3694   
 -15.300   -0.1689   0.13903   0.13660   -0.0954   0.6689   0.0036   -3.2567   0.0000   -0.3847   
 -15.200   -0.1655   0.13794   0.13549   -0.0959   0.6655   0.0037   -3.2260   0.0000   -0.4006   
 -15.100   -0.1621   0.13683   0.13438   -0.0965   0.6626   0.0037   -3.1965   0.0000   -0.4171   
 -15.000   -0.1594   0.13582   0.13327   -0.0969   0.6397   0.0038   -3.1716   0.0000   -0.4302   
 -14.900   -0.1568   0.13488   0.13222   -0.0972   0.6129   0.0038   -3.1433   0.0000   -0.4429   
 -14.800   -0.1538   0.13385   0.13114   -0.0976   0.5971   0.0039   -3.1144   0.0000   -0.4588   
 -14.600   -0.4756   0.06450   0.06220   -0.1324   0.7366   0.0045   -9.8637   0.0000   -0.0629   
 -14.500   -0.4794   0.06235   0.06004   -0.1338   0.7342   0.0045   -9.9095   0.0000   -0.0631   
 -14.400   -0.4836   0.06007   0.05774   -0.1353   0.7317   0.0045   -9.9595   0.0000   -0.0634   
 -14.300   -0.4890   0.05749   0.05514   -0.1371   0.7299   0.0045   -10.0327   0.0000   -0.0633   
 -14.200   -0.4952   0.05477   0.05240   -0.1390   0.7284   0.0045   -10.1161   0.0000   -0.0632   
 -14.100   -0.5016   0.05195   0.04956   -0.1412   0.7269   0.0045   -10.2020   0.0000   -0.0631   
 -14.000   -0.5088   0.04914   0.04672   -0.1433   0.7256   0.0045   -10.2941   0.0000   -0.0628   
 -13.900   -0.5159   0.04631   0.04386   -0.1457   0.7241   0.0045   -10.3818   0.0000   -0.0628   
 -13.800   -0.5234   0.04348   0.04099   -0.1481   0.7229   0.0045   -10.4744   0.0000   -0.0626   
 -13.700   -0.5311   0.04069   0.03816   -0.1506   0.7217   0.0045   -10.5630   0.0000   -0.0626   
 -13.600   -0.5392   0.03796   0.03539   -0.1531   0.7209   0.0045   -10.6549   0.0000   -0.0622   
 -13.500   -0.5475   0.03525   0.03263   -0.1557   0.7207   0.0045   -10.7461   0.0000   -0.0618   
 -13.400   -0.5562   0.03260   0.02992   -0.1583   0.7204   0.0045   -10.8399   0.0000   -0.0612   
 -13.300   -0.5653   0.03001   0.02726   -0.1608   0.7200   0.0045   -10.9347   0.0000   -0.0602   
 -13.200   -0.5750   0.02758   0.02475   -0.1629   0.7197   0.0045   -11.0297   0.0000   -0.0583   
 -13.100   -0.5852   0.02518   0.02227   -0.1652   0.7192   0.0045   -11.1321   0.0000   -0.0565   
 -7.500   0.0364   0.00879   0.00274   -0.1993   0.3486   0.0063   -4.1582   0.0000   5.8852   
 -7.400   0.0484   0.00876   0.00269   -0.1994   0.3436   0.0063   -4.0822   0.0000   4.4956   
 -7.300   0.0604   0.00873   0.00265   -0.1996   0.3397   0.0062   -4.0065   0.0000   3.6525   
 -7.200   0.0725   0.00869   0.00260   -0.1998   0.3386   0.0062   -3.9310   0.0000   3.0875   
 -7.100   0.0845   0.00865   0.00256   -0.2000   0.3378   0.0062   -3.8559   0.0000   2.6840   
 -7.000   0.0965   0.00862   0.00252   -0.2001   0.3370   0.0061   -3.7812   0.0000   2.3815   
 -6.900   0.1086   0.00859   0.00247   -0.2003   0.3368   0.0061   -3.7065   0.0000   2.1456   
 -6.800   0.1206   0.00856   0.00244   -0.2005   0.3357   0.0060   -3.6328   0.0000   1.9575   
 -6.700   0.1326   0.00853   0.00240   -0.2006   0.3350   0.0060   -3.5593   0.0000   1.8035   
 -6.600   0.1446   0.00850   0.00237   -0.2008   0.3347   0.0060   -3.4863   0.0000   1.6748   
 -6.500   0.1553   0.00858   0.00238   -0.2007   0.3144   0.0059   -3.4182   0.0000   1.5758   
 -6.400   0.1669   0.00858   0.00236   -0.2008   0.3063   0.0059   -3.3472   0.0000   1.4837   
 -6.300   0.1786   0.00858   0.00234   -0.2009   0.3024   0.0058   -3.2757   0.0000   1.4028   
 -6.200   0.1903   0.00858   0.00232   -0.2010   0.2986   0.0058   -3.2043   0.0000   1.3322   
 -6.100   0.2019   0.00859   0.00231   -0.2011   0.2947   0.0058   -3.1328   0.0000   1.2699   
 -6.000   0.2136   0.00859   0.00230   -0.2012   0.2907   0.0058   -3.0605   0.0000   1.2142   
 -5.900   0.2253   0.00859   0.00229   -0.2013   0.2865   0.0058   -2.9868   0.0000   1.1641   
 -5.800   0.2371   0.00859   0.00228   -0.2014   0.2820   0.0058   -2.9113   0.0000   1.1189   
 -5.700   0.2488   0.00858   0.00227   -0.2015   0.2788   0.0057   -2.8319   0.0000   1.0779   
 -5.600   0.2590   0.00871   0.00248   -0.2013   0.2782   0.0057   -2.6527   0.0000   1.0441   
 -5.500   0.2709   0.00869   0.00247   -0.2014   0.2775   0.0057   -2.5842   0.0000   1.0094   
 -5.400   0.2828   0.00868   0.00245   -0.2016   0.2768   0.0056   -2.5184   0.0000   0.9777   
 -5.300   0.2947   0.00866   0.00243   -0.2017   0.2758   0.0056   -2.4550   0.0000   0.9485   
 -5.200   0.3066   0.00864   0.00241   -0.2018   0.2750   0.0055   -2.3934   0.0000   0.9215   
 -5.100   0.3187   0.00861   0.00239   -0.2020   0.2747   0.0055   -2.3333   0.0000   0.8964   
 -5.000   0.3293   0.00870   0.00241   -0.2019   0.2554   0.0054   -2.2785   0.0000   0.8750   
 -4.900   0.3410   0.00871   0.00239   -0.2020   0.2481   0.0054   -2.2224   0.0000   0.8537   
 -4.800   0.3528   0.00871   0.00236   -0.2022   0.2451   0.0054   -2.1672   0.0000   0.8336   
 -4.700   0.3645   0.00870   0.00234   -0.2023   0.2422   0.0053   -2.1134   0.0000   0.8148   
 -4.600   0.3763   0.00870   0.00231   -0.2024   0.2393   0.0053   -2.0610   0.0000   0.7972   
 -4.500   0.3881   0.00870   0.00229   -0.2025   0.2363   0.0052   -2.0100   0.0000   0.7807   
 -4.400   0.4000   0.00869   0.00225   -0.2027   0.2328   0.0052   -1.9612   0.0000   0.7650   
 -4.300   0.4119   0.00868   0.00222   -0.2028   0.2297   0.0051   -1.9127   0.0000   0.7503   
 -4.200   0.4239   0.00866   0.00220   -0.2030   0.2262   0.0051   -1.8659   0.0000   0.7363   
 -4.100   0.4359   0.00865   0.00217   -0.2031   0.2233   0.0051   -1.8214   0.0000   0.7230   
 -4.000   0.4485   0.00859   0.00208   -0.2034   0.2220   0.0051   -1.8226   0.0000   0.7102   
 -3.900   0.4605   0.00857   0.00205   -0.2035   0.2216   0.0050   -1.7864   0.0000   0.6983   
 -3.800   0.4725   0.00856   0.00204   -0.2037   0.2211   0.0050   -1.7443   0.0000   0.6870   
 -3.700   0.4844   0.00855   0.00202   -0.2038   0.2206   0.0050   -1.7013   0.0000   0.6764   
 -3.600   0.4964   0.00854   0.00201   -0.2040   0.2201   0.0051   -1.6596   0.0000   0.6662   
 -3.500   0.5092   0.00846   0.00199   -0.2043   0.2194   0.0135   -1.6823   0.0000   0.6563   
 -3.400   0.5209   0.00847   0.00199   -0.2044   0.2184   0.0141   -1.6202   0.0000   0.6471   
 -3.300   0.5327   0.00846   0.00199   -0.2046   0.2181   0.0145   -1.5584   0.0000   0.6384   
 -3.100   0.5546   0.00860   0.00205   -0.2045   0.1955   0.0150   -1.4393   0.0000   0.6226   
 -3.000   0.5662   0.00862   0.00206   -0.2046   0.1935   0.0152   -1.3777   0.0000   0.6149   
 -2.900   0.5777   0.00864   0.00207   -0.2046   0.1915   0.0154   -1.3159   0.0000   0.6076   
 -2.800   0.5892   0.00866   0.00208   -0.2047   0.1895   0.0156   -1.2546   0.0000   0.6005   
 -2.700   0.6007   0.00869   0.00209   -0.2048   0.1876   0.0157   -1.1949   0.0000   0.5938   
 -2.600   0.6122   0.00871   0.00210   -0.2048   0.1856   0.0158   -1.1385   0.0000   0.5873   
 -2.500   0.6238   0.00873   0.00210   -0.2049   0.1837   0.0159   -1.0882   0.0000   0.5809   
 -2.400   0.6354   0.00874   0.00209   -0.2050   0.1800   0.0157   -1.0514   0.0000   0.5748   
 -2.300   0.6468   0.00878   0.00209   -0.2050   0.1679   0.0154   -1.0208   0.0000   0.5690   
 -2.200   0.6585   0.00879   0.00210   -0.2051   0.1672   0.0155   -0.9675   0.0000   0.5633   
 -2.100   0.6701   0.00880   0.00211   -0.2052   0.1663   0.0156   -0.9279   0.0000   0.5579   
 -2.000   0.6817   0.00881   0.00211   -0.2053   0.1661   0.0158   -0.9367   0.0000   0.5526   
 -1.900   0.6920   0.00894   0.00218   -0.2052   0.1489   0.0159   -0.9447   0.0000   0.5477   
 -1.800   0.7034   0.00897   0.00220   -0.2052   0.1453   0.0160   -0.9533   0.0000   0.5428   
 -1.700   0.7149   0.00899   0.00221   -0.2053   0.1437   0.0161   -0.9629   0.0000   0.5380   
 -1.600   0.7263   0.00902   0.00223   -0.2053   0.1422   0.0162   -0.9731   0.0000   0.5334   
 -1.500   0.7378   0.00905   0.00224   -0.2054   0.1407   0.0163   -0.9834   0.0000   0.5289   
 -1.400   0.7492   0.00907   0.00226   -0.2054   0.1392   0.0164   -0.9936   0.0000   0.5245   
 -1.300   0.7606   0.00910   0.00227   -0.2055   0.1377   0.0164   -1.0039   0.0000   0.5203   
 -1.200   0.7721   0.00913   0.00229   -0.2055   0.1362   0.0165   -1.0142   0.0000   0.5162   
 -1.100   0.7836   0.00915   0.00230   -0.2056   0.1347   0.0165   -1.0245   0.0000   0.5122   
 -1.000   0.7950   0.00917   0.00232   -0.2057   0.1332   0.0166   -1.0348   0.0000   0.5084   
 -0.900   0.8065   0.00919   0.00233   -0.2057   0.1315   0.0166   -1.0451   0.0000   0.5046   
 -0.800   0.8180   0.00921   0.00235   -0.2058   0.1297   0.0167   -1.0555   0.0000   0.5009   
 -0.700   0.8295   0.00924   0.00237   -0.2058   0.1265   0.0167   -1.0658   0.0000   0.4974   
 -0.600   0.8409   0.00926   0.00239   -0.2059   0.1241   0.0167   -1.0761   0.0000   0.4939   
 -0.500   0.8524   0.00928   0.00240   -0.2059   0.1236   0.0167   -1.0865   0.0000   0.4905   
 -0.400   0.8639   0.00930   0.00242   -0.2060   0.1233   0.0168   -1.0969   0.0000   0.4872   
 -0.300   0.8753   0.00932   0.00244   -0.2061   0.1231   0.0169   -1.1074   0.0000   0.4840   
 -0.200   0.8868   0.00934   0.00246   -0.2061   0.1228   0.0171   -1.1178   0.0000   0.4809   
 0.100   0.9211   0.00941   0.00250   -0.2063   0.1216   0.0183   -1.1491   0.0000   0.4720   
 0.200   0.9325   0.00944   0.00253   -0.2064   0.1210   0.0183   -1.1596   0.0000   0.4692   
 0.300   0.9438   0.00947   0.00256   -0.2064   0.1200   0.0182   -1.1700   0.0000   0.4664   
 0.500   0.9649   0.00966   0.00270   -0.2062   0.1030   0.0178   -1.1896   0.0000   0.4611   
 0.600   0.9760   0.00971   0.00273   -0.2062   0.1020   0.0176   -1.2007   0.0000   0.4585   
 0.700   0.9872   0.00975   0.00277   -0.2061   0.1009   0.0174   -1.2130   0.0000   0.4560   
 0.900   1.0094   0.00984   0.00285   -0.2061   0.0991   0.0174   -1.2375   0.0000   0.4511   
 1.200   1.0426   0.00997   0.00296   -0.2061   0.0960   0.0206   -1.2743   0.0000   0.4441   
 1.300   1.0536   0.01002   0.00299   -0.2060   0.0950   0.0237   -1.2891   0.0000   0.4419   
 1.400   1.0648   0.01006   0.00304   -0.2061   0.0938   0.0253   -1.3041   0.0000   0.4397   
 1.500   1.0760   0.01009   0.00309   -0.2061   0.0925   0.0267   -1.3191   0.0000   0.4375   
 1.600   1.0874   0.01012   0.00313   -0.2062   0.0912   0.0349   -1.3343   0.0000   0.4355   
 1.700   1.0985   0.01016   0.00316   -0.2062   0.0898   0.0360   -1.3494   0.0000   0.4334   
 1.800   1.1096   0.01020   0.00320   -0.2062   0.0885   0.0367   -1.3644   0.0000   0.4314   
 1.900   1.1207   0.01024   0.00324   -0.2062   0.0873   0.0372   -1.3795   0.0000   0.4294   
 2.000   1.1318   0.01028   0.00328   -0.2061   0.0863   0.0377   -1.3945   0.0000   0.4274   
 2.100   1.1429   0.01032   0.00332   -0.2061   0.0853   0.0381   -1.4096   0.0000   0.4255   
 2.200   1.1539   0.01035   0.00336   -0.2061   0.0844   0.0390   -1.4247   0.0000   0.4237   
 2.300   1.1650   0.01039   0.00340   -0.2061   0.0843   0.0445   -1.4397   0.0000   0.4218   
 2.400   1.1759   0.01045   0.00347   -0.2061   0.0828   0.0470   -1.4547   0.0000   0.4200   
 2.500   1.1848   0.01066   0.00363   -0.2057   0.0678   0.0489   -1.4731   0.0000   0.4182   
 2.600   1.1944   0.01082   0.00374   -0.2054   0.0609   0.0509   -1.4925   0.0000   0.4164   
 2.700   1.2055   0.01087   0.00380   -0.2054   0.0575   0.0650   -1.5112   0.0000   0.4147   
 2.800   1.2162   0.01093   0.00385   -0.2054   0.0543   0.0686   -1.5297   0.0000   0.4130   
 2.900   1.2271   0.01098   0.00391   -0.2053   0.0522   0.0765   -1.5482   0.0000   0.4114   
 3.000   1.2379   0.01103   0.00396   -0.2053   0.0515   0.0796   -1.5667   0.0000   0.4097   
 3.100   1.2488   0.01108   0.00402   -0.2053   0.0511   0.0827   -1.5892   0.0000   0.4081   
 3.200   1.2600   0.01112   0.00407   -0.2053   0.0507   0.1001   -1.6128   0.0000   0.4065   
 3.300   1.2707   0.01118   0.00413   -0.2053   0.0502   0.1013   -1.6361   0.0000   0.4050   
 3.400   1.2814   0.01124   0.00419   -0.2052   0.0495   0.1028   -1.6597   0.0000   0.4034   
 3.500   1.2920   0.01130   0.00425   -0.2051   0.0487   0.1046   -1.6835   0.0000   0.4019   
 3.600   1.3025   0.01137   0.00432   -0.2050   0.0476   0.1108   -1.7075   0.0000   0.4004   
 3.700   1.3131   0.01144   0.00439   -0.2049   0.0465   0.1161   -1.7316   0.0000   0.3989   
 3.800   1.3236   0.01152   0.00446   -0.2048   0.0453   0.1195   -1.7557   0.0000   0.3975   
 3.900   1.3351   0.01150   0.00448   -0.2049   0.0493   0.1200   -1.7779   0.0000   0.3960   
 4.100   1.3567   0.01161   0.00462   -0.2049   0.0479   0.1450   -1.8466   0.0000   0.3933   
 4.200   1.3669   0.01171   0.00471   -0.2047   0.0460   0.1490   -1.8805   0.0000   0.3919   
 4.300   1.3770   0.01181   0.00480   -0.2045   0.0435   0.1606   -1.9144   0.0000   0.3905   
 4.400   1.3875   0.01189   0.00489   -0.2045   0.0407   0.1740   -1.9488   0.0000   0.3892   
 4.500   1.3984   0.01194   0.00497   -0.2045   0.0384   0.1940   -1.9839   0.0000   0.3879   
 4.600   1.4089   0.01201   0.00504   -0.2044   0.0380   0.2031   -2.0191   0.0000   0.3866   
 4.700   1.4198   0.01206   0.00511   -0.2044   0.0378   0.2193   -2.0551   0.0000   0.3853   
 4.800   1.4311   0.01209   0.00519   -0.2045   0.0376   0.2480   -2.0919   0.0000   0.3841   
 4.900   1.4416   0.01216   0.00527   -0.2044   0.0374   0.2611   -2.1278   0.0000   0.3829   
 5.300   1.4859   0.01235   0.00562   -0.2048   0.0356   0.3683   -2.2777   0.0000   0.3782   
 5.400   1.4950   0.01256   0.00584   -0.2045   0.0276   0.4082   -2.3166   0.0000   0.3771   
 5.500   1.5055   0.01267   0.00600   -0.2045   0.0234   0.4549   -2.3481   0.0000   0.3760   
 5.600   1.5148   0.01283   0.00616   -0.2043   0.0202   0.4671   -2.3739   0.0000   0.3748   
 5.700   1.5246   0.01293   0.00626   -0.2040   0.0172   0.4758   -2.4065   0.0000   0.3736   
 5.800   1.5346   0.01302   0.00637   -0.2039   0.0166   0.4860   -2.4424   0.0000   0.3725   
 5.900   1.5399   0.01346   0.00679   -0.2028   0.0043   0.4953   -2.4802   0.0000   0.3712   
 6.000   1.5491   0.01359   0.00692   -0.2025   0.0037   0.4973   -2.5167   0.0000   0.3700   
 6.100   1.5584   0.01371   0.00703   -0.2022   0.0035   0.4988   -2.5527   0.0000   0.3689   
 6.200   1.5678   0.01382   0.00714   -0.2019   0.0033   0.4999   -2.5888   0.0000   0.3678   
 6.300   1.5772   0.01392   0.00725   -0.2016   0.0031   0.5038   -2.6251   0.0000   0.3666   
 6.400   1.5866   0.01403   0.00736   -0.2013   0.0029   0.5095   -2.6614   0.0000   0.3655   
 6.500   1.5960   0.01414   0.00747   -0.2010   0.0028   0.5145   -2.6978   0.0000   0.3645   
 6.600   1.6054   0.01424   0.00759   -0.2007   0.0026   0.5195   -2.7342   0.0000   0.3634   
 6.700   1.6147   0.01435   0.00770   -0.2004   0.0024   0.5267   -2.7706   0.0000   0.3623   
 6.800   1.6239   0.01446   0.00782   -0.2001   0.0023   0.5316   -2.8068   0.0000   0.3612   
 6.900   1.6331   0.01457   0.00794   -0.1998   0.0021   0.5402   -2.8433   0.0000   0.3602   
 7.000   1.6423   0.01468   0.00806   -0.1995   0.0020   0.5498   -2.8801   0.0000   0.3592   
 7.100   1.6513   0.01479   0.00818   -0.1991   0.0019   0.5538   -2.9166   0.0000   0.3581   
 7.200   1.6601   0.01491   0.00830   -0.1988   0.0017   0.5564   -2.9529   0.0000   0.3571   
 7.300   1.6688   0.01504   0.00842   -0.1983   0.0016   0.5587   -2.9893   0.0000   0.3560   
 7.400   1.6773   0.01516   0.00855   -0.1979   0.0015   0.5608   -3.0256   0.0000   0.3550   
 7.500   1.6855   0.01528   0.00867   -0.1974   0.0014   0.5626   -3.0612   0.0000   0.3539   
 7.600   1.6926   0.01541   0.00880   -0.1966   0.0014   0.5641   -3.0951   0.0000   0.3528   
 7.700   1.6993   0.01554   0.00893   -0.1958   0.0014   0.5652   -3.1283   0.0000   0.3517   
 7.800   1.7063   0.01567   0.00907   -0.1951   0.0013   0.5702   -3.1623   0.0000   0.3506   
 7.900   1.7135   0.01581   0.00922   -0.1944   0.0013   0.5779   -3.1967   0.0000   0.3496   
 8.000   1.7207   0.01595   0.00937   -0.1937   0.0013   0.5847   -3.2312   0.0000   0.3485   
 8.100   1.7278   0.01609   0.00952   -0.1930   0.0013   0.5904   -3.2657   0.0000   0.3475   
 8.200   1.7349   0.01623   0.00969   -0.1923   0.0013   0.5930   -3.3003   0.0000   0.3465   
 8.400   1.7494   0.01653   0.01002   -0.1910   0.0013   0.6131   -3.3703   0.0000   0.3444   
 8.500   1.7564   0.01669   0.01020   -0.1903   0.0013   0.6232   -3.4051   0.0000   0.3434   
 8.600   1.7631   0.01686   0.01037   -0.1896   0.0013   0.6283   -3.4394   0.0000   0.3424   
 8.700   1.7700   0.01702   0.01055   -0.1889   0.0013   0.6361   -3.4741   0.0000   0.3414   
 8.800   1.7770   0.01719   0.01075   -0.1882   0.0013   0.6468   -3.5092   0.0000   0.3405   
 8.900   1.7837   0.01737   0.01095   -0.1875   0.0013   0.6544   -3.5437   0.0000   0.3395   
 9.000   1.7903   0.01756   0.01115   -0.1867   0.0013   0.6598   -3.5781   0.0000   0.3385   
 9.100   1.7970   0.01775   0.01135   -0.1861   0.0013   0.6696   -3.6130   0.0000   0.3375   
 9.200   1.8039   0.01795   0.01157   -0.1854   0.0013   0.6780   -3.6523   0.0000   0.3366   
 9.300   1.8103   0.01815   0.01179   -0.1846   0.0013   0.6840   -3.6980   0.0000   0.3356   
 9.400   1.8164   0.01837   0.01201   -0.1839   0.0013   0.6878   -3.7431   0.0000   0.3347   
 9.500   1.8224   0.01859   0.01224   -0.1831   0.0012   0.6903   -3.7882   0.0000   0.3337   
 9.600   1.8284   0.01881   0.01248   -0.1823   0.0012   0.6936   -3.8333   0.0000   0.3328   
 9.700   1.8344   0.01905   0.01273   -0.1815   0.0012   0.7002   -3.8785   0.0000   0.3318   
 9.800   1.8401   0.01929   0.01299   -0.1807   0.0012   0.7059   -3.9231   0.0000   0.3309   
 9.900   1.8458   0.01955   0.01326   -0.1799   0.0012   0.7109   -3.9678   0.0000   0.3300   
 10.000   1.8516   0.01980   0.01353   -0.1791   0.0012   0.7156   -4.0129   0.0000   0.3290   
 10.100   1.8573   0.02007   0.01381   -0.1783   0.0012   0.7198   -4.0578   0.0000   0.3281   
 10.200   1.8629   0.02035   0.01411   -0.1775   0.0012   0.7276   -4.1022   0.0000   0.3272   
 10.300   1.8685   0.02064   0.01443   -0.1768   0.0012   0.7371   -4.1470   0.0000   0.3263   
 10.400   1.8740   0.02093   0.01475   -0.1760   0.0012   0.7448   -4.2151   0.0000   0.3255   
 10.500   1.8794   0.02124   0.01508   -0.1752   0.0012   0.7500   -4.2940   0.0000   0.3246   
 10.600   1.8846   0.02157   0.01543   -0.1744   0.0012   0.7607   -4.3720   0.0000   0.3237   
 10.700   1.8898   0.02190   0.01580   -0.1737   0.0012   0.7702   -4.4485   0.0000   0.3228   
 10.900   1.9004   0.02259   0.01655   -0.1722   0.0012   0.7921   -4.5974   0.0000   0.3211   
 11.000   1.9049   0.02297   0.01697   -0.1714   0.0012   0.8028   -4.6654   0.0000   0.3203   
 11.100   1.9097   0.02337   0.01741   -0.1706   0.0012   0.8161   -4.7321   0.0000   0.3195   
 11.200   1.9145   0.02377   0.01786   -0.1698   0.0012   0.8291   -4.7959   0.0000   0.3186   
 11.300   1.9189   0.02421   0.01836   -0.1691   0.0012   0.8473   -4.8543   0.0000   0.3178   
 11.400   1.9224   0.02472   0.01895   -0.1682   0.0012   0.8739   -4.9026   0.0000   0.3170   
