XFLR5 v6.02 Beta

 Calculated polar for: WORTMANN FX 63-137

 1 1 Reynolds number fixed          Mach number fixed         

 xtrf =   1.000 (top)        1.000 (bottom)
 Mach =   0.000     Re =    26.000 e 6     Ncrit =   9.000

  alpha     CL        CD       CDp       CM    Top Xtr Bot Xtr   Cpmin    Chinge    XCp    
 ------- -------- --------- --------- -------- ------- ------- -------- --------- ---------
 -21.500  -1.0075   0.07764   0.07482  -0.1309  0.5955  0.0025  -22.7967   0.0000   0.0816
 -21.000  -1.1326   0.05387   0.05086  -0.1491  0.6306  0.0024  -24.9667   0.0000   0.0834
 -20.500  -1.1769   0.04184   0.03866  -0.1590  0.6264  0.0025  -25.4605   0.0000   0.0822
 -20.000  -1.1853   0.03516   0.03184  -0.1644  0.5986  0.0025  -25.2522   0.0000   0.0802
 -19.000  -1.1812   0.02490   0.02134  -0.1723  0.5599  0.0026  -24.4201   0.0000   0.0761
 -18.500  -1.1693   0.02118   0.01754  -0.1744  0.5520  0.0027  -23.8203   0.0000   0.0741
 -18.000  -1.1419   0.01820   0.01448  -0.1778  0.5402  0.0028  -23.0229   0.0000   0.0686
 -17.000  -1.0433   0.01434   0.01031  -0.1870  0.4350  0.0030  -20.8999   0.0000   0.0464
 -16.500  -0.9905   0.01339   0.00926  -0.1886  0.4158  0.0032  -19.7930   0.0000   0.0357
 -16.000  -0.9354   0.01257   0.00839  -0.1901  0.4031  0.0033  -18.6824   0.0000   0.0233
 -15.500  -0.8792   0.01185   0.00763  -0.1914  0.4013  0.0034  -17.5832   0.0000   0.0091
 -14.500  -0.7657   0.01074   0.00641  -0.1936  0.3706  0.0036  -15.4570   0.0000  -0.0257
 -14.000  -0.7101   0.01040   0.00589  -0.1942  0.3015  0.0037  -14.4495   0.0000  -0.0464
 -13.500  -0.6520   0.00998   0.00540  -0.1951  0.2785  0.0037  -13.4930   0.0000  -0.0724
 -13.000  -0.5932   0.00957   0.00496  -0.1961  0.2772  0.0038  -12.5930   0.0000  -0.1042
 -12.500  -0.5341   0.00920   0.00456  -0.1971  0.2768  0.0038  -11.7172   0.0000  -0.1434
 -12.000  -0.4763   0.00896   0.00420  -0.1978  0.2217  0.0039  -10.8798   0.0000  -0.1905
 -11.500  -0.4168   0.00866   0.00387  -0.1988  0.2263  0.0039  -10.0483   0.0000  -0.2536
 -11.000  -0.3579   0.00844   0.00357  -0.1995  0.1944  0.0040  -9.2580   0.0000  -0.3364
 -10.500  -0.2985   0.00821   0.00329  -0.2004  0.1858  0.0040  -8.4923   0.0000  -0.4534
 -10.000  -0.2388   0.00799   0.00304  -0.2012  0.1777  0.0040  -7.7542   0.0000  -0.6301
  -9.500  -0.1789   0.00779   0.00280  -0.2021  0.1703  0.0041  -7.0478   0.0000  -0.9261
  -9.000  -0.1189   0.00760   0.00259  -0.2030  0.1689  0.0041  -6.3764   0.0000  -1.5213
  -7.500   0.0599   0.00725   0.00212  -0.2052  0.1369  0.0042  -4.5224   0.0000   3.7805
  -7.000   0.1196   0.00716   0.00199  -0.2059  0.1332  0.0043  -4.0470   0.0000   2.0189
  -6.500   0.1794   0.00707   0.00189  -0.2066  0.1286  0.0043  -3.6594   0.0000   1.4312
  -6.000   0.2391   0.00701   0.00181  -0.2073  0.1241  0.0043  -3.2865   0.0000   1.1374
  -5.500   0.2987   0.00695   0.00174  -0.2080  0.1237  0.0044  -2.9272   0.0000   0.9612
  -5.000   0.3582   0.00691   0.00169  -0.2087  0.1233  0.0044  -2.5818   0.0000   0.8437
  -4.500   0.4175   0.00689   0.00165  -0.2093  0.1229  0.0045  -2.2552   0.0000   0.7597
  -4.000   0.4767   0.00688   0.00163  -0.2099  0.1221  0.0045  -1.9427   0.0000   0.6967
  -3.500   0.5344   0.00700   0.00166  -0.2102  0.0948  0.0046  -1.6493   0.0000   0.6481
  -3.000   0.5932   0.00703   0.00167  -0.2107  0.0914  0.0061  -1.3673   0.0000   0.6087
  -2.500   0.6519   0.00706   0.00169  -0.2112  0.0881  0.0066  -1.0994   0.0000   0.5764
  -2.000   0.7104   0.00711   0.00172  -0.2117  0.0843  0.0072  -0.9548   0.0000   0.5493
  -1.500   0.7687   0.00716   0.00177  -0.2121  0.0839  0.0087  -1.0048   0.0000   0.5264
  -1.000   0.8271   0.00722   0.00182  -0.2126  0.0830  0.0146  -1.0571   0.0000   0.5067
  -0.500   0.8849   0.00730   0.00190  -0.2129  0.0821  0.0152  -1.1096   0.0000   0.4895
   0.000   0.9407   0.00756   0.00206  -0.2129  0.0584  0.0155  -1.1608   0.0000   0.4744
   0.500   0.9978   0.00768   0.00217  -0.2131  0.0513  0.0159  -1.2146   0.0000   0.4610
   1.000   1.0550   0.00780   0.00228  -0.2134  0.0543  0.0171  -1.2782   0.0000   0.4490
   1.500   1.1118   0.00793   0.00241  -0.2136  0.0529  0.0173  -1.3535   0.0000   0.4381
   2.000   1.1682   0.00809   0.00255  -0.2137  0.0508  0.0217  -1.4293   0.0000   0.4282
   2.500   1.2194   0.00868   0.00301  -0.2128  0.0037  0.0376  -1.5138   0.0000   0.4191
   3.000   1.2744   0.00892   0.00322  -0.2127  0.0027  0.0384  -1.6252   0.0000   0.4107
   3.500   1.3292   0.00916   0.00345  -0.2125  0.0022  0.0466  -1.7420   0.0000   0.4030
   4.000   1.3835   0.00942   0.00370  -0.2123  0.0026  0.0504  -1.8797   0.0000   0.3959
   4.500   1.4375   0.00969   0.00397  -0.2121  0.0021  0.0665  -2.0564   0.0000   0.3892
   5.000   1.4907   0.00998   0.00425  -0.2117  0.0015  0.0742  -2.2367   0.0000   0.3829
   5.500   1.5438   0.01028   0.00456  -0.2113  0.0013  0.1028  -2.4216   0.0000   0.3770
   6.000   1.5965   0.01060   0.00491  -0.2109  0.0013  0.1558  -2.6106   0.0000   0.3714
   7.000   1.6991   0.01132   0.00565  -0.2096  0.0012  0.2075  -2.9976   0.0000   0.3610
   7.500   1.7496   0.01170   0.00607  -0.2089  0.0012  0.2486  -3.1964   0.0000   0.3561
   8.500   1.8474   0.01256   0.00701  -0.2069  0.0012  0.3393  -3.6009   0.0000   0.3469
   9.000   1.8938   0.01306   0.00752  -0.2055  0.0012  0.3695  -3.8514   0.0000   0.3425
   9.500   1.9378   0.01361   0.00808  -0.2036  0.0011  0.3888  -4.1256   0.0000   0.3381
  10.000   1.9806   0.01415   0.00874  -0.2016  0.0011  0.4907  -4.6742   0.0000   0.3339
  10.500   2.0095   0.01483   0.00944  -0.1967  0.0011  0.4980  -5.1724   0.0000   0.3290
  11.000   2.0399   0.01562   0.01024  -0.1923  0.0011  0.4998  -5.7003   0.0000   0.3244
  11.500   2.0713   0.01652   0.01118  -0.1884  0.0011  0.5309  -6.2570   0.0000   0.3201
  12.000   2.0994   0.01758   0.01228  -0.1841  0.0010  0.5564  -6.8184   0.0000   0.3158
  12.500   2.1259   0.01882   0.01357  -0.1798  0.0010  0.5654  -7.3883   0.0000   0.3117
  13.000   2.1521   0.02025   0.01506  -0.1759  0.0010  0.6124  -7.9742   0.0000   0.3077
  13.500   2.1763   0.02189   0.01677  -0.1720  0.0009  0.6505  -8.5649   0.0000   0.3039
  14.000   2.1976   0.02380   0.01876  -0.1680  0.0009  0.6897  -9.1534   0.0000   0.3002
  14.500   2.2178   0.02600   0.02102  -0.1643  0.0009  0.7182  -9.7501   0.0000   0.2967
  15.000   2.2371   0.02851   0.02361  -0.1609  0.0009  0.7650  -10.3546   0.0000   0.2933
  16.000   2.2754   0.03456   0.03001  -0.1560  0.0008  1.0000  -11.6138   0.0000   0.2874
  16.500   2.2860   0.03822   0.03372  -0.1529  0.0008  1.0000  -12.1941   0.0000   0.2845
  17.000   2.2923   0.04234   0.03790  -0.1499  0.0008  1.0000  -12.7501   0.0000   0.2816
  17.500   2.2966   0.04708   0.04271  -0.1473  0.0007  1.0000  -13.2988   0.0000   0.2790
  18.000   2.2987   0.05233   0.04803  -0.1451  0.0006  1.0000  -13.8386   0.0000   0.2766
  19.500   2.2110   0.08119   0.07739  -0.1400  0.0015  1.0000  -14.4707   0.0000   0.2723


