xflr5 v6.59

 Calculated polar for: WORTMANN FX 63-137 AIRFOIL

 1 1 Reynolds number fixed          Mach number fixed         

 xtrf =   1.000 (top)        1.000 (bottom)
 Mach =   0.000     Re =     3.400 e 6     Ncrit =   9.000

  alpha     CL        CD       CDp       Cm    Top Xtr Bot Xtr   Cpmin    Chinge    XCp    
 ------- -------- --------- --------- -------- ------- ------- -------- --------- ---------
 -11.100   -0.0624   0.08850   0.08555   -0.1181   0.5505   0.0117   -2.6099   0.0000   -1.7844   
 -11.000   -0.0588   0.08767   0.08470   -0.1185   0.5460   0.0118   -2.5714   0.0000   -1.9138   
 -10.900   -0.0550   0.08684   0.08385   -0.1189   0.5414   0.0120   -2.5318   0.0000   -2.0669   
 -10.800   -0.0512   0.08601   0.08301   -0.1194   0.5363   0.0121   -2.4913   0.0000   -2.2482   
 -10.700   -0.0472   0.08517   0.08217   -0.1198   0.5326   0.0123   -2.4498   0.0000   -2.4672   
 -10.600   -0.0431   0.08434   0.08134   -0.1203   0.5315   0.0124   -2.4074   0.0000   -2.7349   
 -10.500   -0.0389   0.08353   0.08052   -0.1208   0.5302   0.0127   -2.3641   0.0000   -3.0638   
 -10.400   -0.0347   0.08273   0.07972   -0.1212   0.5285   0.0129   -2.3200   0.0000   -3.4769   
 -10.300   -0.0304   0.08195   0.07894   -0.1217   0.5269   0.0132   -2.2746   0.0000   -4.0195   
 -10.200   -0.0259   0.08119   0.07818   -0.1221   0.5265   0.0136   -2.2277   0.0000   -4.7775   
 -10.100   -0.0220   0.08055   0.07749   -0.1223   0.5122   0.0140   -2.1824   0.0000   -5.6722   
 -10.000   -0.0178   0.07992   0.07681   -0.1226   0.4988   0.0146   -2.1361   0.0000   -7.0682   
 -9.900   -0.0129   0.07924   0.07612   -0.1229   0.4938   0.0152   -2.0894   0.0000   -9.8520   
 -9.800   -0.0079   0.07858   0.07544   -0.1232   0.4890   0.0156   -2.0438   0.0000   -16.3634   
 -9.700   -0.0029   0.07791   0.07475   -0.1235   0.4842   0.0160   -2.0015   0.0000   -44.3772   
 -9.600   0.0021   0.07717   0.07400   -0.1239   0.4831   0.0163   -1.9627   0.0000   63.9861   
 -8.800   -0.1172   0.00934   0.00381   -0.1966   0.5319   0.0064   -5.4680   0.0000   -1.4906   
 -8.700   -0.1049   0.00924   0.00370   -0.1968   0.5304   0.0064   -5.3555   0.0000   -1.6954   
 -8.600   -0.0928   0.00916   0.00360   -0.1971   0.5282   0.0063   -5.2442   0.0000   -1.9522   
 -8.500   -0.0806   0.00908   0.00350   -0.1973   0.5260   0.0063   -5.1339   0.0000   -2.2853   
 -8.400   -0.0691   0.00905   0.00342   -0.1975   0.5158   0.0063   -5.0273   0.0000   -2.7093   
 -8.300   -0.0582   0.00906   0.00336   -0.1975   0.4977   0.0063   -4.9244   0.0000   -3.2638   
 -8.200   -0.0464   0.00903   0.00328   -0.1976   0.4914   0.0062   -4.8182   0.0000   -4.1555   
 -8.100   -0.0347   0.00900   0.00321   -0.1978   0.4852   0.0062   -4.7133   0.0000   -5.6383   
 -8.000   -0.0231   0.00897   0.00315   -0.1979   0.4789   0.0062   -4.6093   0.0000   -8.6131   
 -7.900   -0.0113   0.00894   0.00308   -0.1980   0.4719   0.0061   -4.5055   0.0000   -17.8890   
 -7.800   0.0007   0.00889   0.00301   -0.1982   0.4670   0.0061   -4.4016   0.0000   277.7043   
 -7.700   0.0128   0.00883   0.00295   -0.1984   0.4656   0.0061   -4.2981   0.0000   16.1930   
 -7.600   0.0249   0.00879   0.00288   -0.1986   0.4637   0.0060   -4.2194   0.0000   8.4727   
 -7.500   0.0370   0.00874   0.00282   -0.1988   0.4617   0.0060   -4.1429   0.0000   5.7936   
 -7.400   0.0489   0.00871   0.00277   -0.1990   0.4575   0.0060   -4.0674   0.0000   4.4450   
 -7.300   0.0594   0.00878   0.00275   -0.1989   0.4341   0.0060   -3.9973   0.0000   3.7005   
 -7.200   0.0711   0.00876   0.00271   -0.1990   0.4285   0.0059   -3.9232   0.0000   3.1309   
 -7.100   0.0828   0.00875   0.00267   -0.1991   0.4232   0.0059   -3.8497   0.0000   2.7244   
 -7.000   0.0944   0.00874   0.00263   -0.1993   0.4177   0.0059   -3.7768   0.0000   2.4198   
 -6.900   0.1064   0.00871   0.00257   -0.1994   0.4159   0.0059   -3.7029   0.0000   2.1765   
 -6.800   0.1181   0.00870   0.00253   -0.1995   0.4108   0.0059   -3.6302   0.0000   1.9849   
 -6.700   0.1300   0.00868   0.00250   -0.1997   0.4052   0.0059   -3.5575   0.0000   1.8272   
 -6.600   0.1420   0.00865   0.00246   -0.1998   0.4021   0.0059   -3.4845   0.0000   1.6947   
 -6.500   0.1540   0.00862   0.00242   -0.2000   0.4010   0.0059   -3.4117   0.0000   1.5826   
 -6.400   0.1660   0.00859   0.00239   -0.2002   0.3997   0.0059   -3.3393   0.0000   1.4868   
 -6.300   0.1779   0.00857   0.00236   -0.2003   0.3978   0.0059   -3.2672   0.0000   1.4042   
 -6.100   0.2010   0.00858   0.00233   -0.2005   0.3839   0.0059   -3.1266   0.0000   1.2714   
 -6.000   0.2120   0.00864   0.00233   -0.2005   0.3689   0.0058   -3.0588   0.0000   1.2180   
 -5.900   0.2237   0.00864   0.00231   -0.2006   0.3644   0.0058   -2.9889   0.0000   1.1675   
 -5.800   0.2353   0.00864   0.00229   -0.2007   0.3601   0.0058   -2.9186   0.0000   1.1223   
 -5.700   0.2468   0.00865   0.00228   -0.2007   0.3557   0.0057   -2.8476   0.0000   1.0814   
 -5.600   0.2584   0.00866   0.00227   -0.2008   0.3512   0.0057   -2.7752   0.0000   1.0441   
 -5.500   0.2700   0.00867   0.00226   -0.2009   0.3465   0.0057   -2.6987   0.0000   1.0100   
 -5.400   0.2805   0.00876   0.00242   -0.2008   0.3416   0.0057   -2.5466   0.0000   0.9807   
 -5.300   0.2923   0.00875   0.00241   -0.2009   0.3390   0.0057   -2.4793   0.0000   0.9513   
 -5.200   0.3043   0.00873   0.00239   -0.2010   0.3382   0.0056   -2.4145   0.0000   0.9240   
 -5.100   0.3162   0.00871   0.00237   -0.2012   0.3373   0.0056   -2.3518   0.0000   0.8987   
 -5.000   0.3282   0.00869   0.00234   -0.2013   0.3361   0.0056   -2.2910   0.0000   0.8753   
 -4.900   0.3401   0.00867   0.00232   -0.2015   0.3344   0.0056   -2.2319   0.0000   0.8536   
 -4.800   0.3521   0.00865   0.00229   -0.2017   0.3338   0.0055   -2.1741   0.0000   0.8332   
 -4.700   0.3630   0.00871   0.00230   -0.2016   0.3189   0.0055   -2.1206   0.0000   0.8153   
 -4.600   0.3742   0.00876   0.00230   -0.2017   0.3067   0.0055   -2.0678   0.0000   0.7983   
 -4.500   0.3859   0.00876   0.00228   -0.2018   0.3025   0.0055   -2.0151   0.0000   0.7817   
 -4.400   0.3976   0.00877   0.00225   -0.2019   0.2981   0.0055   -1.9648   0.0000   0.7662   
 -4.300   0.4092   0.00878   0.00223   -0.2020   0.2939   0.0055   -1.9149   0.0000   0.7515   
 -4.200   0.4209   0.00878   0.00220   -0.2021   0.2896   0.0055   -1.8664   0.0000   0.7376   
 -4.100   0.4328   0.00878   0.00218   -0.2022   0.2852   0.0055   -1.8196   0.0000   0.7243   
 -4.000   0.4447   0.00876   0.00215   -0.2024   0.2806   0.0055   -1.7749   0.0000   0.7117   
 -3.900   0.4571   0.00872   0.00208   -0.2026   0.2785   0.0055   -1.7591   0.0000   0.6995   
 -3.800   0.4693   0.00869   0.00204   -0.2028   0.2778   0.0056   -1.7393   0.0000   0.6880   
 -3.700   0.4825   0.00859   0.00199   -0.2032   0.2770   0.0134   -1.7927   0.0000   0.6768   
 -3.600   0.4942   0.00859   0.00199   -0.2033   0.2760   0.0141   -1.7260   0.0000   0.6667   
 -3.500   0.5059   0.00859   0.00199   -0.2034   0.2745   0.0146   -1.6582   0.0000   0.6571   
 -3.400   0.5176   0.00860   0.00200   -0.2035   0.2741   0.0149   -1.5885   0.0000   0.6479   
 -3.300   0.5283   0.00868   0.00205   -0.2034   0.2615   0.0153   -1.5194   0.0000   0.6395   
 -3.200   0.5389   0.00878   0.00210   -0.2033   0.2488   0.0156   -1.4485   0.0000   0.6315   
 -3.100   0.5502   0.00881   0.00212   -0.2034   0.2457   0.0158   -1.3749   0.0000   0.6235   
 -3.000   0.5614   0.00885   0.00215   -0.2034   0.2427   0.0161   -1.3035   0.0000   0.6159   
 -2.900   0.5727   0.00888   0.00218   -0.2034   0.2398   0.0163   -1.2357   0.0000   0.6086   
 -2.800   0.5841   0.00891   0.00220   -0.2035   0.2367   0.0164   -1.1720   0.0000   0.6015   
 -2.700   0.5955   0.00894   0.00221   -0.2036   0.2336   0.0166   -1.1124   0.0000   0.5947   
 -2.600   0.6071   0.00895   0.00222   -0.2036   0.2304   0.0167   -1.0574   0.0000   0.5881   
 -2.500   0.6188   0.00896   0.00221   -0.2038   0.2268   0.0167   -1.0091   0.0000   0.5817   
 -2.400   0.6308   0.00895   0.00218   -0.2039   0.2237   0.0166   -0.9746   0.0000   0.5755   
 -2.200   0.6522   0.00916   0.00222   -0.2037   0.1900   0.0162   -0.9198   0.0000   0.5642   
 -2.100   0.6633   0.00921   0.00224   -0.2037   0.1856   0.0164   -0.9235   0.0000   0.5588   
 -2.000   0.6747   0.00924   0.00226   -0.2038   0.1830   0.0165   -0.9322   0.0000   0.5535   
 -1.900   0.6862   0.00926   0.00227   -0.2039   0.1805   0.0166   -0.9409   0.0000   0.5484   
 -1.800   0.6977   0.00928   0.00228   -0.2039   0.1781   0.0167   -0.9496   0.0000   0.5434   
 -1.700   0.7093   0.00929   0.00229   -0.2040   0.1752   0.0168   -0.9583   0.0000   0.5385   
 -1.600   0.7208   0.00931   0.00229   -0.2041   0.1727   0.0168   -0.9676   0.0000   0.5339   
 -1.500   0.7325   0.00932   0.00230   -0.2042   0.1707   0.0169   -0.9780   0.0000   0.5293   
 -1.400   0.7441   0.00933   0.00231   -0.2043   0.1701   0.0169   -0.9883   0.0000   0.5249   
 -1.300   0.7557   0.00934   0.00231   -0.2044   0.1697   0.0170   -0.9987   0.0000   0.5206   
 -1.200   0.7673   0.00935   0.00232   -0.2045   0.1693   0.0170   -1.0091   0.0000   0.5165   
 -1.100   0.7790   0.00936   0.00233   -0.2046   0.1689   0.0171   -1.0195   0.0000   0.5125   
 -1.000   0.7906   0.00937   0.00233   -0.2046   0.1685   0.0171   -1.0299   0.0000   0.5085   
 -0.900   0.8022   0.00939   0.00234   -0.2047   0.1679   0.0171   -1.0403   0.0000   0.5047   
 -0.700   0.8252   0.00942   0.00237   -0.2049   0.1664   0.0186   -1.0612   0.0000   0.4975   
 -0.600   0.8368   0.00944   0.00238   -0.2050   0.1654   0.0187   -1.0716   0.0000   0.4940   
 -0.500   0.8464   0.00962   0.00248   -0.2047   0.1453   0.0188   -1.0818   0.0000   0.4907   
 -0.400   0.8574   0.00968   0.00251   -0.2047   0.1414   0.0189   -1.0921   0.0000   0.4874   
 -0.300   0.8685   0.00974   0.00254   -0.2046   0.1381   0.0190   -1.1023   0.0000   0.4842   
 -0.200   0.8797   0.00978   0.00256   -0.2047   0.1361   0.0191   -1.1126   0.0000   0.4811   
 -0.100   0.8910   0.00981   0.00258   -0.2047   0.1342   0.0190   -1.1229   0.0000   0.4780   
 0.000   0.9023   0.00985   0.00261   -0.2047   0.1321   0.0189   -1.1332   0.0000   0.4750   
 0.100   0.9136   0.00988   0.00263   -0.2047   0.1300   0.0187   -1.1436   0.0000   0.4721   
 0.200   0.9249   0.00991   0.00266   -0.2048   0.1278   0.0185   -1.1539   0.0000   0.4692   
 0.300   0.9362   0.00994   0.00269   -0.2048   0.1258   0.0184   -1.1643   0.0000   0.4665   
 0.400   0.9475   0.00997   0.00272   -0.2048   0.1242   0.0182   -1.1747   0.0000   0.4637   
 0.500   0.9589   0.01000   0.00275   -0.2048   0.1239   0.0181   -1.1851   0.0000   0.4611   
 0.600   0.9702   0.01002   0.00278   -0.2049   0.1236   0.0180   -1.1955   0.0000   0.4585   
 0.700   0.9815   0.01005   0.00281   -0.2049   0.1233   0.0179   -1.2067   0.0000   0.4559   
 0.800   0.9927   0.01008   0.00284   -0.2049   0.1229   0.0179   -1.2191   0.0000   0.4534   
 0.900   1.0040   0.01011   0.00288   -0.2049   0.1226   0.0181   -1.2314   0.0000   0.4510   
 1.000   1.0152   0.01015   0.00291   -0.2050   0.1222   0.0183   -1.2437   0.0000   0.4486   
 1.100   1.0264   0.01018   0.00295   -0.2050   0.1217   0.0205   -1.2561   0.0000   0.4463   
 1.200   1.0373   0.01023   0.00298   -0.2049   0.1210   0.0248   -1.2683   0.0000   0.4440   
 1.300   1.0487   0.01026   0.00305   -0.2050   0.1199   0.0267   -1.2809   0.0000   0.4417   
 1.400   1.0601   0.01028   0.00309   -0.2050   0.1192   0.0349   -1.2934   0.0000   0.4396   
 1.500   1.0694   0.01047   0.00322   -0.2047   0.1031   0.0360   -1.3093   0.0000   0.4374   
 1.600   1.0803   0.01053   0.00326   -0.2047   0.1019   0.0368   -1.3241   0.0000   0.4353   
 1.700   1.0912   0.01058   0.00331   -0.2046   0.1007   0.0374   -1.3391   0.0000   0.4333   
 1.800   1.1021   0.01064   0.00336   -0.2046   0.0995   0.0378   -1.3543   0.0000   0.4312   
 1.900   1.1129   0.01070   0.00341   -0.2045   0.0982   0.0381   -1.3695   0.0000   0.4292   
 2.000   1.1238   0.01076   0.00345   -0.2045   0.0970   0.0384   -1.3846   0.0000   0.4273   
 2.100   1.1346   0.01081   0.00350   -0.2044   0.0957   0.0399   -1.3997   0.0000   0.4254   
 2.200   1.1455   0.01087   0.00354   -0.2044   0.0943   0.0422   -1.4148   0.0000   0.4235   
 2.300   1.1565   0.01091   0.00360   -0.2044   0.0929   0.0499   -1.4300   0.0000   0.4216   
 2.400   1.1676   0.01095   0.00366   -0.2044   0.0912   0.0576   -1.4454   0.0000   0.4198   
 2.500   1.1784   0.01102   0.00372   -0.2044   0.0854   0.0650   -1.4611   0.0000   0.4180   
 2.600   1.1892   0.01107   0.00378   -0.2043   0.0838   0.0684   -1.4760   0.0000   0.4163   
 2.700   1.2002   0.01112   0.00384   -0.2043   0.0826   0.0808   -1.4934   0.0000   0.4146   
 2.800   1.2115   0.01116   0.00390   -0.2044   0.0806   0.1010   -1.5181   0.0000   0.4129   
 2.900   1.2201   0.01139   0.00407   -0.2040   0.0659   0.1027   -1.5427   0.0000   0.4112   
 3.000   1.2302   0.01150   0.00416   -0.2038   0.0628   0.1055   -1.5608   0.0000   0.4095   
 3.100   1.2406   0.01159   0.00423   -0.2037   0.0606   0.1128   -1.5796   0.0000   0.4079   
 3.200   1.2513   0.01165   0.00430   -0.2036   0.0585   0.1194   -1.5998   0.0000   0.4063   
 3.400   1.2732   0.01175   0.00443   -0.2036   0.0541   0.1449   -1.6436   0.0000   0.4032   
 3.500   1.2838   0.01182   0.00449   -0.2035   0.0525   0.1504   -1.6658   0.0000   0.4017   
 3.600   1.2947   0.01186   0.00456   -0.2035   0.0516   0.1617   -1.6888   0.0000   0.4002   
 3.700   1.3058   0.01191   0.00463   -0.2036   0.0514   0.1768   -1.7126   0.0000   0.3988   
 3.800   1.3168   0.01195   0.00469   -0.2036   0.0511   0.1932   -1.7365   0.0000   0.3973   
 3.900   1.3275   0.01200   0.00475   -0.2035   0.0517   0.1931   -1.7619   0.0000   0.3959   
 4.000   1.3381   0.01206   0.00481   -0.2034   0.0516   0.1983   -1.7956   0.0000   0.3945   
 4.100   1.3491   0.01210   0.00488   -0.2035   0.0514   0.2151   -1.8302   0.0000   0.3931   
 4.200   1.3607   0.01212   0.00496   -0.2037   0.0512   0.2475   -1.8658   0.0000   0.3918   
 4.300   1.3713   0.01219   0.00503   -0.2036   0.0510   0.2563   -1.9001   0.0000   0.3905   
 4.400   1.3825   0.01223   0.00511   -0.2037   0.0505   0.2786   -1.9357   0.0000   0.3892   
 4.500   1.3937   0.01227   0.00520   -0.2038   0.0496   0.3073   -1.9717   0.0000   0.3879   
 4.600   1.4043   0.01235   0.00530   -0.2038   0.0479   0.3263   -2.0072   0.0000   0.3866   
 4.700   1.4154   0.01242   0.00543   -0.2039   0.0455   0.3651   -2.0436   0.0000   0.3854   
 4.800   1.4251   0.01254   0.00554   -0.2036   0.0431   0.3707   -2.0778   0.0000   0.3841   
 4.900   1.4356   0.01262   0.00565   -0.2036   0.0408   0.3900   -2.1131   0.0000   0.3829   
 5.000   1.4460   0.01270   0.00574   -0.2035   0.0392   0.4044   -2.1485   0.0000   0.3817   
 5.100   1.4569   0.01275   0.00584   -0.2036   0.0382   0.4281   -2.1848   0.0000   0.3805   
 5.200   1.4675   0.01281   0.00593   -0.2035   0.0380   0.4481   -2.2214   0.0000   0.3793   
 5.300   1.4786   0.01286   0.00603   -0.2036   0.0378   0.4794   -2.2589   0.0000   0.3782   
 5.400   1.4891   0.01293   0.00613   -0.2036   0.0375   0.4986   -2.2959   0.0000   0.3770   
 5.500   1.4991   0.01301   0.00622   -0.2034   0.0372   0.5049   -2.3321   0.0000   0.3758   
 5.600   1.5091   0.01310   0.00631   -0.2032   0.0369   0.5103   -2.3686   0.0000   0.3746   
 5.700   1.5190   0.01319   0.00641   -0.2030   0.0364   0.5152   -2.4053   0.0000   0.3735   
 5.800   1.5288   0.01329   0.00651   -0.2028   0.0357   0.5198   -2.4422   0.0000   0.3723   
 5.900   1.5385   0.01339   0.00661   -0.2026   0.0350   0.5251   -2.4792   0.0000   0.3712   
 6.000   1.5420   0.01392   0.00703   -0.2012   0.0166   0.5283   -2.4912   0.0000   0.3698   
 6.200   1.5554   0.01450   0.00758   -0.1996   0.0044   0.5315   -2.5616   0.0000   0.3673   
 6.300   1.5643   0.01463   0.00770   -0.1992   0.0042   0.5328   -2.5977   0.0000   0.3662   
 6.400   1.5733   0.01475   0.00783   -0.1989   0.0040   0.5386   -2.6340   0.0000   0.3651   
 6.500   1.5825   0.01487   0.00796   -0.1986   0.0038   0.5476   -2.6704   0.0000   0.3640   
 6.600   1.5916   0.01499   0.00809   -0.1982   0.0036   0.5560   -2.7064   0.0000   0.3629   
 6.700   1.6005   0.01511   0.00822   -0.1979   0.0035   0.5618   -2.7421   0.0000   0.3618   
 6.800   1.6092   0.01524   0.00835   -0.1974   0.0033   0.5648   -2.7776   0.0000   0.3607   
 6.900   1.6179   0.01536   0.00847   -0.1970   0.0031   0.5692   -2.8130   0.0000   0.3596   
 7.000   1.6265   0.01548   0.00861   -0.1966   0.0030   0.5750   -2.8483   0.0000   0.3586   
 7.100   1.6345   0.01561   0.00874   -0.1961   0.0028   0.5807   -2.8827   0.0000   0.3575   
 7.200   1.6418   0.01573   0.00888   -0.1954   0.0026   0.5861   -2.9159   0.0000   0.3564   
 7.300   1.6490   0.01586   0.00902   -0.1947   0.0024   0.5915   -2.9490   0.0000   0.3552   
 7.400   1.6563   0.01599   0.00916   -0.1940   0.0022   0.5961   -2.9824   0.0000   0.3541   
 7.500   1.6636   0.01613   0.00930   -0.1933   0.0021   0.6044   -3.0163   0.0000   0.3531   
 7.600   1.6712   0.01626   0.00946   -0.1927   0.0019   0.6153   -3.0507   0.0000   0.3520   
 7.700   1.6784   0.01641   0.00962   -0.1920   0.0017   0.6231   -3.0848   0.0000   0.3509   
 7.800   1.6856   0.01655   0.00977   -0.1914   0.0016   0.6278   -3.1188   0.0000   0.3499   
 7.900   1.6928   0.01671   0.00993   -0.1907   0.0014   0.6329   -3.1530   0.0000   0.3488   
 8.000   1.7000   0.01686   0.01010   -0.1900   0.0014   0.6425   -3.1875   0.0000   0.3478   
 8.100   1.7071   0.01702   0.01028   -0.1893   0.0014   0.6496   -3.2217   0.0000   0.3467   
 8.200   1.7139   0.01719   0.01046   -0.1886   0.0013   0.6552   -3.2558   0.0000   0.3457   
 8.300   1.7208   0.01736   0.01066   -0.1879   0.0014   0.6581   -3.2899   0.0000   0.3447   
 8.700   1.7480   0.01810   0.01145   -0.1851   0.0013   0.6853   -3.4266   0.0000   0.3407   
 8.800   1.7546   0.01829   0.01166   -0.1844   0.0013   0.6886   -3.4606   0.0000   0.3397   
 8.900   1.7609   0.01850   0.01187   -0.1836   0.0013   0.6909   -3.4941   0.0000   0.3387   
 9.000   1.7673   0.01872   0.01210   -0.1829   0.0013   0.6961   -3.5278   0.0000   0.3377   
 9.100   1.7737   0.01893   0.01233   -0.1822   0.0013   0.7024   -3.5618   0.0000   0.3367   
 9.200   1.7801   0.01915   0.01256   -0.1815   0.0013   0.7078   -3.5957   0.0000   0.3358   
 9.300   1.7861   0.01938   0.01281   -0.1807   0.0013   0.7127   -3.6290   0.0000   0.3348   
 9.400   1.7919   0.01963   0.01307   -0.1799   0.0013   0.7173   -3.6709   0.0000   0.3339   
 9.600   1.8039   0.02013   0.01361   -0.1784   0.0013   0.7309   -3.7588   0.0000   0.3320   
 9.700   1.8099   0.02039   0.01390   -0.1777   0.0013   0.7394   -3.8028   0.0000   0.3311   
 9.800   1.8154   0.02067   0.01420   -0.1769   0.0013   0.7463   -3.8457   0.0000   0.3301   
 9.900   1.8210   0.02096   0.01450   -0.1761   0.0013   0.7529   -3.8885   0.0000   0.3292   
 10.000   1.8269   0.02125   0.01482   -0.1754   0.0013   0.7631   -3.9323   0.0000   0.3283   
 10.100   1.8326   0.02155   0.01515   -0.1747   0.0013   0.7722   -3.9754   0.0000   0.3275   
 10.200   1.8378   0.02187   0.01551   -0.1739   0.0013   0.7813   -4.0174   0.0000   0.3266   
 10.300   1.8433   0.02220   0.01587   -0.1732   0.0013   0.7941   -4.0600   0.0000   0.3257   
 10.400   1.8487   0.02253   0.01624   -0.1724   0.0013   0.8042   -4.1022   0.0000   0.3248   
 10.500   1.8542   0.02288   0.01662   -0.1718   0.0013   0.8179   -4.1447   0.0000   0.3240   
