XFLR5 v6.02 Beta

 Calculated polar for: WORTMANN FX 63-137

 1 1 Reynolds number fixed          Mach number fixed         

 xtrf =   1.000 (top)        1.000 (bottom)
 Mach =   0.000     Re =    17.000 e 6     Ncrit =   9.000

  alpha     CL        CD       CDp       CM    Top Xtr Bot Xtr   Cpmin    Chinge    XCp    
 ------- -------- --------- --------- -------- ------- ------- -------- --------- ---------
 -19.500  -1.1351   0.03554   0.03242  -0.1625  0.7198  0.0032  -23.9396   0.0000   0.0764
 -19.000  -1.1362   0.02957   0.02628  -0.1678  0.6887  0.0032  -23.6105   0.0000   0.0734
 -18.500  -1.1238   0.02548   0.02205  -0.1710  0.6598  0.0033  -23.0386   0.0000   0.0703
 -18.000  -1.1082   0.02177   0.01827  -0.1736  0.6574  0.0033  -22.4109   0.0000   0.0671
 -17.000  -1.0367   0.01657   0.01282  -0.1814  0.6093  0.0034  -20.6537   0.0000   0.0505
 -16.500  -0.9854   0.01499   0.01101  -0.1857  0.5334  0.0035  -19.5976   0.0000   0.0376
 -16.000  -0.9331   0.01404   0.00995  -0.1873  0.5072  0.0035  -18.5259   0.0000   0.0258
 -15.500  -0.8788   0.01323   0.00905  -0.1888  0.4912  0.0036  -17.4520   0.0000   0.0120
 -15.000  -0.8235   0.01252   0.00827  -0.1901  0.4747  0.0036  -16.3933   0.0000  -0.0037
 -14.500  -0.7667   0.01187   0.00756  -0.1914  0.4660  0.0037  -15.3464   0.0000  -0.0224
 -14.000  -0.7111   0.01138   0.00694  -0.1922  0.4286  0.0037  -14.3395   0.0000  -0.0431
 -13.500  -0.6567   0.01104   0.00638  -0.1927  0.3401  0.0038  -13.3780   0.0000  -0.0664
 -13.000  -0.5983   0.01056   0.00585  -0.1938  0.3373  0.0038  -12.4025   0.0000  -0.0973
 -12.000  -0.4820   0.00983   0.00496  -0.1957  0.2993  0.0039  -10.6532   0.0000  -0.1808
 -11.500  -0.4232   0.00952   0.00460  -0.1966  0.2913  0.0040  -9.7724   0.0000  -0.2408
 -11.000  -0.3638   0.00919   0.00422  -0.1976  0.2781  0.0041  -8.9529   0.0000  -0.3214
 -10.500  -0.3060   0.00900   0.00389  -0.1982  0.2236  0.0041  -8.1781   0.0000  -0.4292
 -10.000  -0.2461   0.00871   0.00355  -0.1992  0.2210  0.0042  -7.4250   0.0000  -0.5957
  -9.500  -0.1860   0.00843   0.00324  -0.2002  0.2200  0.0042  -6.7188   0.0000  -0.8706
  -9.000  -0.1272   0.00829   0.00297  -0.2009  0.1837  0.0042  -6.0932   0.0000  -1.3901
  -8.500  -0.0672   0.00808   0.00273  -0.2018  0.1747  0.0043  -5.4452   0.0000  -2.8605
  -8.000  -0.0071   0.00790   0.00251  -0.2027  0.1700  0.0043  -4.8327   0.0000  -29.4142
  -7.500   0.0531   0.00773   0.00232  -0.2036  0.1691  0.0044  -4.2925   0.0000   4.2027
  -5.000   0.3512   0.00737   0.00181  -0.2071  0.1302  0.0044  -2.5540   0.0000   0.8509
  -4.500   0.4107   0.00733   0.00177  -0.2078  0.1248  0.0045  -2.2549   0.0000   0.7644
  -3.500   0.5290   0.00731   0.00173  -0.2089  0.1231  0.0046  -1.6534   0.0000   0.6498
  -3.000   0.5865   0.00745   0.00178  -0.2092  0.1002  0.0077  -1.3759   0.0000   0.6102
  -2.500   0.6449   0.00750   0.00180  -0.2097  0.0966  0.0087  -1.1108   0.0000   0.5775
  -2.000   0.7032   0.00756   0.00184  -0.2101  0.0909  0.0089  -0.9503   0.0000   0.5502
  -1.500   0.7618   0.00760   0.00188  -0.2106  0.0875  0.0146  -0.9999   0.0000   0.5270
  -1.000   0.8197   0.00768   0.00195  -0.2110  0.0842  0.0153  -1.0520   0.0000   0.5070
  -0.500   0.8775   0.00777   0.00203  -0.2113  0.0835  0.0156  -1.1043   0.0000   0.4897
   0.000   0.9350   0.00787   0.00212  -0.2116  0.0828  0.0158  -1.1569   0.0000   0.4745
   0.500   0.9922   0.00798   0.00223  -0.2119  0.0817  0.0162  -1.2104   0.0000   0.4610
   1.000   1.0496   0.00808   0.00232  -0.2122  0.0830  0.0172  -1.2734   0.0000   0.4489
   1.500   1.1063   0.00821   0.00245  -0.2124  0.0822  0.0183  -1.3485   0.0000   0.4380
   2.000   1.1604   0.00856   0.00271  -0.2121  0.0624  0.0240  -1.4222   0.0000   0.4281
   2.500   1.2143   0.00891   0.00300  -0.2117  0.0372  0.0380  -1.5093   0.0000   0.4190
   3.000   1.2654   0.00948   0.00345  -0.2108  0.0039  0.0414  -1.6139   0.0000   0.4105
   3.500   1.3197   0.00975   0.00370  -0.2106  0.0032  0.0512  -1.7298   0.0000   0.4027
   4.000   1.3740   0.01000   0.00396  -0.2104  0.0038  0.0660  -1.8630   0.0000   0.3955
   4.500   1.4272   0.01031   0.00426  -0.2100  0.0031  0.0701  -2.0379   0.0000   0.3888
   5.000   1.4801   0.01063   0.00458  -0.2096  0.0023  0.0898  -2.2173   0.0000   0.3825
   5.500   1.5324   0.01096   0.00491  -0.2091  0.0017  0.1161  -2.4002   0.0000   0.3765
   6.500   1.6372   0.01162   0.00570  -0.2083  0.0013  0.2488  -2.7800   0.0000   0.3657
   7.000   1.6875   0.01202   0.00613  -0.2075  0.0012  0.2846  -2.9733   0.0000   0.3606
   7.500   1.7385   0.01240   0.00661  -0.2070  0.0012  0.3713  -3.1723   0.0000   0.3558
   8.000   1.7836   0.01295   0.00706  -0.2051  0.0012  0.3131  -3.3648   0.0000   0.3508
   8.500   1.8331   0.01338   0.00764  -0.2044  0.0012  0.4331  -3.5691   0.0000   0.3464
   9.000   1.8773   0.01394   0.00822  -0.2025  0.0012  0.4560  -3.8034   0.0000   0.3419
   9.500   1.9149   0.01454   0.00885  -0.1993  0.0012  0.4791  -4.0561   0.0000   0.3372
  10.000   1.9481   0.01522   0.00960  -0.1954  0.0011  0.5291  -4.4852   0.0000   0.3325
  10.500   1.9791   0.01603   0.01043  -0.1911  0.0011  0.5338  -4.9855   0.0000   0.3278
  11.000   2.0107   0.01695   0.01140  -0.1873  0.0011  0.5645  -5.5108   0.0000   0.3234
  11.500   2.0395   0.01803   0.01254  -0.1831  0.0011  0.5969  -6.0400   0.0000   0.3190
  12.000   2.0672   0.01929   0.01386  -0.1791  0.0011  0.6334  -6.5841   0.0000   0.3148
  12.500   2.0939   0.02074   0.01539  -0.1753  0.0010  0.6756  -7.1554   0.0000   0.3108
  13.000   2.1180   0.02242   0.01712  -0.1714  0.0010  0.7035  -7.7180   0.0000   0.3069
  13.500   2.1400   0.02435   0.01915  -0.1675  0.0009  0.7429  -8.2835   0.0000   0.3032
  14.500   2.1872   0.02912   0.02423  -0.1620  0.0009  0.9462  -9.4916   0.0000   0.2966
  15.500   2.2158   0.03522   0.03049  -0.1552  0.0008  1.0000  -10.6202   0.0000   0.2902
  16.000   2.2268   0.03888   0.03421  -0.1522  0.0008  1.0000  -11.1787   0.0000   0.2872
  16.500   2.2337   0.04302   0.03842  -0.1492  0.0008  1.0000  -11.7157   0.0000   0.2844
  17.000   2.2390   0.04772   0.04319  -0.1467  0.0008  1.0000  -12.2484   0.0000   0.2817
  17.500   2.2423   0.05291   0.04845  -0.1446  0.0008  1.0000  -12.7728   0.0000   0.2793
  18.000   2.2426   0.05867   0.05429  -0.1428  0.0007  1.0000  -13.2806   0.0000   0.2771
  18.500   2.2499   0.06358   0.05927  -0.1414  0.0007  1.0000  -13.8623   0.0000   0.2749
  19.000   2.2449   0.07029   0.06607  -0.1404  0.0007  1.0000  -14.3326   0.0000   0.2731
  19.500   2.2367   0.07752   0.07340  -0.1399  0.0007  1.0000  -14.7767   0.0000   0.2716
  20.000   2.2239   0.08519   0.08118  -0.1396  0.0006  1.0000  -15.1761   0.0000   0.2703


