XFLR5 v6.02 Beta

 Calculated polar for: WORTMANN FX 63-137

 1 1 Reynolds number fixed          Mach number fixed         

 xtrf =   1.000 (top)        1.000 (bottom)
 Mach =   0.000     Re =    60.500 e 6     Ncrit =   9.000

  alpha     CL        CD       CDp       CM    Top Xtr Bot Xtr   Cpmin    Chinge    XCp    
 ------- -------- --------- --------- -------- ------- ------- -------- --------- ---------
 -22.500  -1.1960   0.06336   0.06025  -0.1448  0.4272  0.0014  -27.2464   0.0000   0.0904
 -22.000  -1.2509   0.05007   0.04683  -0.1553  0.4283  0.0014  -27.9766   0.0000   0.0897
 -21.500  -1.2805   0.04064   0.03728  -0.1628  0.4235  0.0014  -28.1576   0.0000   0.0887
 -21.000  -1.2958   0.03340   0.02995  -0.1685  0.4187  0.0014  -28.0360   0.0000   0.0876
 -20.500  -1.2923   0.02867   0.02516  -0.1718  0.4152  0.0014  -27.5595   0.0000   0.0861
 -20.000  -1.2858   0.02420   0.02063  -0.1750  0.4111  0.0015  -27.0285   0.0000   0.0844
 -19.500  -1.2679   0.02106   0.01744  -0.1767  0.4061  0.0015  -26.3001   0.0000   0.0824
 -19.000  -1.2473   0.01821   0.01455  -0.1786  0.4023  0.0015  -25.5383   0.0000   0.0797
 -18.500  -1.2019   0.01579   0.01208  -0.1838  0.4016  0.0016  -24.4736   0.0000   0.0709
 -18.000  -1.1489   0.01420   0.01035  -0.1883  0.3390  0.0017  -23.3152   0.0000   0.0606
 -17.000  -1.0427   0.01252   0.00855  -0.1911  0.3060  0.0018  -21.0010   0.0000   0.0424
 -16.500  -0.9876   0.01183   0.00782  -0.1923  0.2988  0.0019  -19.8566   0.0000   0.0314
 -16.000  -0.9315   0.01121   0.00717  -0.1934  0.2919  0.0020  -18.7276   0.0000   0.0188
 -15.500  -0.8745   0.01064   0.00656  -0.1945  0.2875  0.0022  -17.6178   0.0000   0.0043
 -15.000  -0.8170   0.01011   0.00601  -0.1955  0.2778  0.0023  -16.5314   0.0000  -0.0124
 -14.500  -0.7602   0.00970   0.00550  -0.1963  0.2281  0.0024  -15.4820   0.0000  -0.0313
 -14.000  -0.7017   0.00926   0.00503  -0.1973  0.2219  0.0026  -14.4462   0.0000  -0.0544
 -13.500  -0.6429   0.00887   0.00461  -0.1983  0.2209  0.0027  -13.5214   0.0000  -0.0819
 -13.000  -0.5843   0.00852   0.00422  -0.1992  0.1950  0.0028  -12.6278   0.0000  -0.1148
 -12.500  -0.5253   0.00821   0.00385  -0.2001  0.1695  0.0030  -11.7573   0.0000  -0.1555
 -10.500  -0.2868   0.00718   0.00269  -0.2036  0.1424  0.0040  -8.5140   0.0000  -0.4936
 -10.000  -0.2271   0.00701   0.00249  -0.2044  0.1372  0.0040  -7.7738   0.0000  -0.6895
  -9.500  -0.1673   0.00685   0.00232  -0.2052  0.1320  0.0041  -7.0627   0.0000  -1.0262
  -9.000  -0.1075   0.00672   0.00216  -0.2059  0.1240  0.0041  -6.3812   0.0000  -1.7384
  -8.500  -0.0476   0.00660   0.00202  -0.2067  0.1237  0.0041  -5.7273   0.0000  -4.2438
  -8.000   0.0123   0.00649   0.00190  -0.2074  0.1235  0.0042  -5.1029   0.0000  17.7165
  -7.500   0.0721   0.00640   0.00179  -0.2081  0.1231  0.0042  -4.5083   0.0000   3.2237
  -7.000   0.1319   0.00632   0.00170  -0.2089  0.1228  0.0043  -4.0440   0.0000   1.8774
  -6.500   0.1916   0.00625   0.00162  -0.2095  0.1226  0.0043  -3.6519   0.0000   1.3713
  -6.000   0.2505   0.00625   0.00157  -0.2101  0.1011  0.0043  -3.2778   0.0000   1.1077
  -5.500   0.3099   0.00623   0.00152  -0.2107  0.0983  0.0044  -2.9171   0.0000   0.9440
  -5.000   0.3692   0.00621   0.00148  -0.2113  0.0956  0.0044  -2.5716   0.0000   0.8329
  -4.500   0.4285   0.00620   0.00146  -0.2118  0.0911  0.0045  -2.2414   0.0000   0.7526
  -4.000   0.4876   0.00621   0.00145  -0.2124  0.0843  0.0045  -1.9270   0.0000   0.6918
  -3.500   0.5467   0.00622   0.00145  -0.2129  0.0842  0.0045  -1.6284   0.0000   0.6442
  -3.000   0.6057   0.00624   0.00146  -0.2135  0.0841  0.0046  -1.3455   0.0000   0.6059
  -2.500   0.6644   0.00627   0.00148  -0.2140  0.0839  0.0046  -1.0780   0.0000   0.5744
  -2.000   0.7216   0.00643   0.00156  -0.2141  0.0517  0.0050  -0.9616   0.0000   0.5481
  -1.500   0.7797   0.00652   0.00162  -0.2145  0.0474  0.0059  -1.0119   0.0000   0.5256
  -1.000   0.8376   0.00660   0.00168  -0.2149  0.0447  0.0069  -1.0642   0.0000   0.5062
  -0.500   0.8955   0.00669   0.00176  -0.2152  0.0423  0.0076  -1.1168   0.0000   0.4892
   0.000   0.9532   0.00679   0.00184  -0.2155  0.0401  0.0082  -1.1696   0.0000   0.4743
   1.000   1.0682   0.00699   0.00203  -0.2162  0.0410  0.0170  -1.2896   0.0000   0.4491
   1.500   1.1252   0.00711   0.00215  -0.2164  0.0401  0.0171  -1.3653   0.0000   0.4383
   2.000   1.1818   0.00726   0.00228  -0.2166  0.0376  0.0212  -1.4415   0.0000   0.4285
   2.500   1.2348   0.00771   0.00264  -0.2160  0.0016  0.0372  -1.5300   0.0000   0.4195
   3.500   1.3457   0.00813   0.00301  -0.2159  0.0013  0.0395  -1.7634   0.0000   0.4036
   4.000   1.4006   0.00835   0.00322  -0.2158  0.0013  0.0425  -1.9091   0.0000   0.3965
   4.500   1.4551   0.00859   0.00345  -0.2156  0.0013  0.0484  -2.0877   0.0000   0.3898
   5.500   1.5629   0.00912   0.00396  -0.2152  0.0013  0.0746  -2.4579   0.0000   0.3777
   6.000   1.6163   0.00940   0.00425  -0.2149  0.0012  0.1095  -2.6493   0.0000   0.3722
   6.500   1.6689   0.00971   0.00455  -0.2144  0.0012  0.1216  -2.8442   0.0000   0.3669
   7.000   1.7211   0.01003   0.00487  -0.2139  0.0012  0.1459  -3.0428   0.0000   0.3618
   7.500   1.7721   0.01038   0.00521  -0.2132  0.0012  0.1496  -3.2441   0.0000   0.3570
   8.000   1.8224   0.01075   0.00557  -0.2124  0.0012  0.1468  -3.4484   0.0000   0.3523
   8.500   1.8720   0.01115   0.00596  -0.2115  0.0012  0.1686  -3.6556   0.0000   0.3478
   9.000   1.9212   0.01155   0.00640  -0.2106  0.0012  0.2261  -3.9312   0.0000   0.3435
   9.500   1.9688   0.01199   0.00685  -0.2093  0.0012  0.2498  -4.3036   0.0000   0.3393
  10.000   2.0158   0.01245   0.00736  -0.2081  0.0011  0.3222  -4.8866   0.0000   0.3352
  11.000   2.1020   0.01353   0.00847  -0.2041  0.0011  0.3698  -6.0998   0.0000   0.3270
  11.500   2.1271   0.01418   0.00914  -0.1984  0.0011  0.3711  -6.6337   0.0000   0.3223
  12.000   2.1562   0.01495   0.00992  -0.1937  0.0010  0.3720  -7.2147   0.0000   0.3178
  12.500   2.1859   0.01583   0.01081  -0.1895  0.0010  0.3827  -7.8207   0.0000   0.3136
  13.000   2.2148   0.01684   0.01188  -0.1854  0.0010  0.4478  -8.4415   0.0000   0.3096
  13.500   2.2413   0.01805   0.01314  -0.1812  0.0009  0.4807  -9.0666   0.0000   0.3056
  15.000   2.2646   0.02596   0.02135  -0.1630  0.0016  0.5346  -10.5377   0.0000   0.2934
  15.500   2.2811   0.02857   0.02402  -0.1593  0.0021  0.5652  -11.1787   0.0000   0.2900
  16.000   2.2956   0.03154   0.02706  -0.1558  0.0025  0.5968  -11.7851   0.0000   0.2868
  16.500   2.3062   0.03505   0.03065  -0.1524  0.0029  0.6292  -12.3658   0.0000   0.2838
  17.000   2.3124   0.03900   0.03468  -0.1491  0.0032  0.6552  -12.9198   0.0000   0.2808
  18.000   2.3164   0.04879   0.04464  -0.1436  0.0041  0.7076  -13.9770   0.0000   0.2756
  18.500   2.3163   0.05454   0.05050  -0.1417  0.0043  0.7471  -14.4991   0.0000   0.2734
  19.000   2.3128   0.06091   0.05699  -0.1403  0.0044  0.7845  -14.9953   0.0000   0.2714


