XFLR5 v6.02 Beta

 Calculated polar for: WORTMANN FX 63-137

 1 1 Reynolds number fixed          Mach number fixed         

 xtrf =   1.000 (top)        1.000 (bottom)
 Mach =   0.000     Re =     7.500 e 6     Ncrit =   9.000

  alpha     CL        CD       CDp       CM    Top Xtr Bot Xtr   Cpmin    Chinge    XCp    
 ------- -------- --------- --------- -------- ------- ------- -------- --------- ---------
 -17.000  -0.8636   0.03892   0.03608  -0.1559  0.7967  0.0038  -17.4184   0.0000   0.0412
 -16.500  -0.8719   0.03129   0.02826  -0.1630  0.7757  0.0038  -17.2956   0.0000   0.0365
 -16.000  -0.8662   0.02595   0.02272  -0.1678  0.7475  0.0039  -16.9230   0.0000   0.0313
 -15.500  -0.8524   0.02194   0.01855  -0.1710  0.7245  0.0039  -16.4160   0.0000   0.0256
 -15.000  -0.8133   0.01867   0.01512  -0.1771  0.6990  0.0040  -15.6405   0.0000   0.0091
 -14.500  -0.7600   0.01627   0.01253  -0.1837  0.6726  0.0040  -14.7174   0.0000  -0.0146
 -14.000  -0.7066   0.01488   0.01103  -0.1864  0.6603  0.0041  -13.7795   0.0000  -0.0366
 -13.500  -0.6543   0.01385   0.00979  -0.1880  0.6189  0.0041  -12.8738   0.0000  -0.0602
 -13.000  -0.6028   0.01317   0.00882  -0.1889  0.5461  0.0042  -11.9917   0.0000  -0.0864
 -12.500  -0.5457   0.01237   0.00792  -0.1904  0.5299  0.0043  -11.0879   0.0000  -0.1225
 -12.000  -0.4894   0.01179   0.00717  -0.1915  0.4961  0.0043  -10.2159   0.0000  -0.1657
  -3.500   0.5157   0.00812   0.00193  -0.2059  0.1684  0.0075  -1.6601   0.0000   0.6542
  -2.500   0.6316   0.00831   0.00200  -0.2067  0.1291  0.0150  -1.1283   0.0000   0.5797
  -2.000   0.6898   0.00836   0.00203  -0.2071  0.1234  0.0150  -0.9418   0.0000   0.5517
  -1.500   0.7480   0.00842   0.00208  -0.2076  0.1224  0.0156  -0.9905   0.0000   0.5280
  -0.500   0.8614   0.00877   0.00231  -0.2079  0.0974  0.0162  -1.0929   0.0000   0.4902
   0.000   0.9184   0.00891   0.00241  -0.2081  0.0930  0.0164  -1.1449   0.0000   0.4748
   0.500   0.9753   0.00904   0.00253  -0.2083  0.0864  0.0170  -1.1972   0.0000   0.4610
   1.000   1.0320   0.00918   0.00267  -0.2085  0.0845  0.0173  -1.2590   0.0000   0.4488
   1.500   1.0883   0.00933   0.00282  -0.2086  0.0841  0.0226  -1.3317   0.0000   0.4377
   2.000   1.1446   0.00948   0.00300  -0.2088  0.0836  0.0363  -1.4071   0.0000   0.4277
   2.500   1.1962   0.01000   0.00340  -0.2080  0.0497  0.0414  -1.4897   0.0000   0.4185
   3.000   1.2502   0.01031   0.00369  -0.2078  0.0406  0.0661  -1.5924   0.0000   0.4101
   3.500   1.3044   0.01057   0.00394  -0.2075  0.0378  0.0739  -1.7081   0.0000   0.4023
   4.000   1.3583   0.01083   0.00421  -0.2073  0.0374  0.0833  -1.8363   0.0000   0.3950
   5.000   1.4607   0.01172   0.00504  -0.2059  0.0167  0.1527  -2.1720   0.0000   0.3818
   5.500   1.5096   0.01234   0.00572  -0.2048  0.0038  0.2225  -2.3570   0.0000   0.3758
   6.000   1.5649   0.01261   0.00624  -0.2052  0.0022  0.4014  -2.5477   0.0000   0.3705
   6.500   1.6145   0.01306   0.00672  -0.2043  0.0016  0.4403  -2.7334   0.0000   0.3650
   7.500   1.7098   0.01406   0.00782  -0.2018  0.0013  0.5204  -3.1114   0.0000   0.3548
   8.000   1.7536   0.01465   0.00843  -0.1998  0.0013  0.5293  -3.2993   0.0000   0.3499
   8.500   1.7896   0.01530   0.00909  -0.1963  0.0013  0.5405  -3.4759   0.0000   0.3447
   9.000   1.8238   0.01602   0.00986  -0.1925  0.0012  0.5629  -3.6538   0.0000   0.3397
   9.500   1.8576   0.01685   0.01076  -0.1889  0.0012  0.6111  -3.8911   0.0000   0.3349
  10.000   1.8902   0.01781   0.01180  -0.1853  0.0012  0.6503  -4.1389   0.0000   0.3303
  10.500   1.9198   0.01894   0.01301  -0.1813  0.0012  0.6878  -4.6053   0.0000   0.3258
  11.000   1.9477   0.02027   0.01440  -0.1774  0.0011  0.7109  -5.0796   0.0000   0.3214
  11.500   1.9744   0.02181   0.01603  -0.1735  0.0011  0.7463  -5.5593   0.0000   0.3172
  12.000   1.9986   0.02364   0.01798  -0.1698  0.0011  0.7965  -6.0267   0.0000   0.3132
  12.500   2.0159   0.02610   0.02085  -0.1656  0.0011  1.0000  -6.3372   0.0000   0.3093
  13.500   2.0619   0.03051   0.02526  -0.1595  0.0010  1.0000  -7.6461   0.0000   0.3023
  14.000   2.0777   0.03356   0.02836  -0.1562  0.0009  1.0000  -8.1591   0.0000   0.2989
  14.500   2.0908   0.03701   0.03188  -0.1531  0.0009  1.0000  -8.6670   0.0000   0.2958
  15.000   2.1020   0.04075   0.03570  -0.1502  0.0009  1.0000  -9.1733   0.0000   0.2928
  15.500   2.1095   0.04504   0.04008  -0.1474  0.0009  1.0000  -9.6586   0.0000   0.2900
  16.000   2.1189   0.04941   0.04453  -0.1452  0.0009  1.0000  -10.1714   0.0000   0.2873
  16.500   2.1225   0.05469   0.04990  -0.1432  0.0008  1.0000  -10.6510   0.0000   0.2850
  17.000   2.1236   0.06050   0.05581  -0.1416  0.0008  1.0000  -11.1175   0.0000   0.2828
  17.500   2.1227   0.06672   0.06214  -0.1404  0.0008  1.0000  -11.5737   0.0000   0.2809
  18.000   2.1192   0.07342   0.06895  -0.1396  0.0008  1.0000  -12.0116   0.0000   0.2792
  18.500   2.1200   0.07944   0.07506  -0.1390  0.0007  1.0000  -12.4959   0.0000   0.2775
  19.000   2.1091   0.08715   0.08290  -0.1390  0.0007  1.0000  -12.8785   0.0000   0.2764
  19.500   2.0973   0.09539   0.09127  -0.1396  0.0007  1.0000  -13.2493   0.0000   0.2755
  20.000   2.0840   0.10400   0.10001  -0.1408  0.0007  1.0000  -13.5992   0.0000   0.2750


